-0.309448780865
-0.309452259851
-0.309459218685
-0.30946965866
-0.309483581497
-0.309500989345
-0.309521884779
-0.309546270797
-0.30957415082
-0.309605528689
-0.309640408658
-0.3096787954
-0.309720693993
-0.309766109926
-0.309815049087
-0.309867517767
-0.30992352265
-0.309983070808
-0.310046169702
-0.310112827171
-0.31018305143
-0.310256851061
-0.310334235015
-0.310415212595
-0.310499793458
-0.310587987608
-0.310679805385
-0.310775257461
-0.310874354832
-0.310977108814
-0.31108353103
-0.311193633407
-0.311307428164
-0.311424927809
-0.311546145127
-0.311671093173
-0.311799785261
-0.311932234961
-0.312068456085
-0.312208462679
-0.312352269015
-0.312499889581
-0.312651339073
-0.312806632384
-0.312965784592
-0.313128810956
-0.313295726903
-0.313466548016
-0.313641290027
-0.313819968806
-0.314002600352
-0.31418920078
-0.314379786312
-0.314574373268
-0.314772978054
-0.314975617152
-0.315182307109
-0.315393064527
-0.315607906055
-0.315826848373
-0.316049908186
-0.316277102212
-0.316508447171
-0.316743959775
-0.31698365672
-0.31722755467
-0.317475670252
-0.317728020045
-0.317984620565
-0.318245488262
-0.318510639504
-0.318780090571
-0.319053857643
-0.31933195679
-0.319614403966
-0.319901214993
-0.320192405558
-0.3204879912
-0.320787987302
-0.321092409083
-0.321401271586
-0.321714589674
-0.322032378017
-0.322354651087
-0.322681423149
-0.32301270825
-0.323348520219
-0.323688872649
-0.324033778899
-0.324383252082
-0.324737305059
-0.325095950432
-0.32545920054
-0.325827067451
-0.326199562953
-0.326576698555
-0.326958485477
-0.327344934646
-0.327736056691
-0.328131861938
-0.328532360406
-0.328937561805
-0.329347475529
-0.329762110653
-0.330181475932
-0.330605579796
-0.331034430348
-0.331468035363
-0.331906402284
-0.332349538219
-0.332797449946
-0.333250143903
-0.333707626194
-0.334169902587
-0.334636978511
-0.335108859058
-0.335585548986
-0.336067052715
-0.336553374329
-0.337044517582
-0.337540485894
-0.338041282354
-0.338546909725
-0.339057370444
-0.339572666626
-0.340092800065
-0.340617772241
-0.34114758432
-0.341682237161
-0.342221731316
-0.34276606704
-0.343315244292
-0.34386926274
-0.344428121768
-0.344991820479
-0.345560357704
-0.346133732006
-0.346711941685
-0.347294984787
-0.347882859108
-0.348475562205
-0.349073091397
-0.349675443777
-0.350282616216
-0.350894605375
-0.351511407706
-0.352133019468
-0.352759436728
-0.353390655371
-0.354026671112
-0.354667479499
-0.355313075924
-0.355963455632
-0.356618613728
-0.357278545188
-0.357943244864
-0.358612707497
-0.359286927722
-0.35996590008
-0.360649619025
-0.361338078933
-0.36203127411
-0.362729198804
-0.363431847209
-0.364139213477
-0.364851291727
-0.36556807605
-0.36628956052
-0.367015739204
-0.367746606166
-0.368482155479
-0.369222381229
-0.369967277526
-0.370716838512
-0.371471058366
-0.372229931311
-0.372993451625
-0.373761613643
-0.374534411768
-0.375311840473
-0.376093894313
-0.376880567923
-0.377671856032
-0.378467753462
-0.379268255138
-0.380073356087
-0.380883051449
-0.381697336477
-0.382516206541
-0.383339657135
-0.384167683875
-0.385000282506
-0.385837448905
-0.386679179077
-0.387525469166
-0.388376315447
-0.389231714337
-0.390091662384
-0.390956156281
-0.391825192852
-0.392698769062
-0.393576882013
-0.394459528939
-0.395346707211
-0.396238414328
-0.397134647921
-0.398035405746
-0.398940685683
-0.39985048573
-0.400764804002
-0.401683638724
-0.402606988228
-0.403534850947
-0.404467225409
-0.405404110232
-0.406345504118
-0.407291405846
-0.408241814262
-0.409196728278
-0.410156146859
-0.411120069014
-0.412088493794
-0.413061420278
-0.414038847565
-0.415020774764
-0.416007200987
-0.416998125337
-0.417993546897
-0.418993464722
-0.419997877828
-0.421006785176
-0.42202018567
-0.423038078137
-0.42406046132
-0.425087333866
-0.426118694312
-0.427154541074
-0.428194872436
-0.429239686537
-0.430288981356
-0.431342754703
-0.432401004206
-0.433463727296
-0.434530921195
-0.435602582906
-0.436678709196
-0.437759296588
-0.438844341343
-0.439933839451
-0.44102778662
-0.442126178258
-0.443229009466
-0.44433627502
-0.445447969366
-0.446564086603
-0.447684620472
-0.448809564346
-0.449938911216
-0.451072653682
-0.452210783943
-0.453353293782
-0.45450017456
-0.455651417203
-0.456807012195
-0.457966949566
-0.459131218884
-0.460299809246
-0.461472709269
-0.462649907084
-0.463831390325
-0.465017146125
-0.466207161109
-0.467401421384
-0.468599912539
-0.469802619634
-0.471009527197
-0.472220619222
-0.473435879162
-0.474655289926
-0.475878833877
-0.477106492829
-0.478338248045
-0.479574080237
-0.480813969562
-0.482057895626
-0.483305837479
-0.484557773622
-0.485813682004
-0.487073540024
-0.488337324537
-0.489605011852
-0.490876577741
-0.492151997438
-0.493431245649
-0.494714296553
-0.49600112381
-0.497291700567
-0.498585999465
-0.499883992646
-0.501185651762
-0.502490947983
-0.503799852008
-0.505112334069
-0.506428363948
-0.507747910985
-0.509070944087
-0.510397431743
-0.511727342032
-0.51306064264
-0.514397300871
-0.51573728366
-0.517080557585
-0.518427088886
-0.519776843474
-0.521129786952
-0.522485884622
-0.523845101511
-0.525207402375
-0.526572751727
-0.527941113844
-0.529312452788
-0.530686732424
-0.532063916433
-0.533443968333
-0.534826851495
-0.536212529158
-0.537600964454
-0.538992120416
-0.540385960005
-0.54178244612
-0.543181541622
-0.54458320935
-0.545987412136
-0.547394112826
-0.5488032743
-0.550214859482
-0.551628831365
-0.553045153027
-0.554463787644
-0.555884698511
-0.557307849059
-0.558733202869
-0.560160723692
-0.56159037546
-0.563022122307
-0.564455928581
-0.565891758861
-0.567329577971
-0.568769350992
-0.570211043283
-0.571654620484
-0.573100048539
-0.574547293703
-0.575996322553
-0.577447102006
-0.578899599324
-0.580353782124
-0.581809618393
-0.583267076495
-0.584726125176
-0.586186733579
-0.587648871246
-0.589112508127
-0.590577614585
-0.592044161404
-0.593512119792
-0.594981461384
-0.596452158248
-0.597924182888
-0.599397508243
-0.600872107692
-0.60234795505
-0.603825024573
-0.605303290956
-0.606782729328
-0.608263315254
-0.60974502473
-0.611227834179
-0.612711720447
-0.614196660799
-0.615682632912
-0.617169614867
-0.618657585145
-0.620146522616
-0.621636406531
-0.623127216514
-0.624618932551
-0.626111534978
-0.627605004471
-0.629099322034
-0.630594468985
-0.632090426943
-0.633587177817
-0.635084703786
-0.636582987288
-0.638082011002
-0.639581757835
-0.641082210901
-0.642583353507
-0.644085169131
-0.645587641411
-0.64709075412
-0.648594491148
-0.650098836485
-0.651603774198
-0.653109288415
-0.654615363299
-0.656121983032
-0.657629131791
-0.659136793727
-0.660644952946
-0.662153593484
-0.663662699285
-0.665172254182
-0.666682241873
-0.668192645898
-0.669703449617
-0.671214636191
-0.672726188552
-0.67423808939
-0.675750321124
-0.677262865883
-0.678775705482
-0.680288821402
-0.681802194767
-0.683315806325
-0.684829636422
-0.686343664986
-0.687857871503
-0.689372234998
-0.690886734015
-0.692401346598
-0.693916050269
-0.695430822013
-0.696945638256
-0.698460474851
-0.699975307057
-0.701490109524
-0.703004856278
-0.704519520702
-0.706034075524
-0.7075484928
-0.709062743904
-0.710576799508
-0.71209062958
-0.713604203361
-0.715117489361
-0.716630455348
-0.718143068336
-0.719655294578
-0.721167099557
-0.722678447982
-0.724189303775
-0.725699630075
-0.727209389222
-0.728718542764
-0.730227051446
-0.731734875213
-0.733241973205
-0.734748303759
-0.73625382441
-0.737758491889
-0.739262262129
-0.740765090266
-0.742266930643
-0.743767736817
-0.74526746156
-0.746766056872
-0.748263473985
-0.749759663369
-0.751254574747
-0.752748157099
-0.754240358679
-0.755731127021
-0.757220408956
-0.758708150621
-0.760194297479
-0.761678794327
-0.763161585317
-0.764642613971
-0.766121823196
-0.767599155306
-0.769074552035
-0.770547954562
-0.772019303526
-0.77348853905
-0.77495560076
-0.776420427806
-0.777882958888
-0.779343132273
-0.780800885824
-0.782256157017
-0.783708882974
-0.785159000477
-0.786606446003
-0.78805115574
-0.789493065621
-0.790932111344
-0.792368228398
-0.793801352094
-0.795231417589
-0.796658359909
-0.798082113982
-0.799502614661
-0.800919796752
-0.802333595041
-0.80374394432
-0.805150779416
-0.806554035215
-0.807953646692
-0.809349548935
-0.810741677171
-0.812129966795
-0.813514353394
-0.814894772773
-0.816271160978
-0.817643454327
-0.819011589427
-0.820375503204
-0.821735132925
-0.82309041622
-0.824441291104
-0.825787696004
-0.827129569775
-0.828466851724
-0.829799481629
-0.831127399759
-0.832450546895
-0.833768864345
-0.835082293964
-0.836390778167
-0.837694259952
-0.838992682907
-0.84028599123
-0.841574129739
-0.842857043886
-0.84413467977
-0.845406984143
-0.846673904426
-0.84793538871
-0.849191385773
-0.850441845077
-0.85168671678
-0.852925951741
-0.854159501517
-0.855387318374
-0.856609355281
-0.857825565917
-0.859035904663
-0.860240326608
-0.861438787538
-0.862631243939
-0.863817652988
-0.864997972545
-0.866172161152
-0.867340178017
-0.868501983009
-0.869657536647
-0.870806800084
-0.871949735101
-0.873086304084
-0.874216470018
-0.875340196463
-0.876457447543
-0.877568187921
-0.878672382786
-0.879769997828
-0.880860999216
-0.88194535358
-0.883023027984
-0.884093989899
-0.885158207185
-0.886215648055
-0.887266281056
-0.888310075036
-0.889346999116
-0.890377022657
-0.891400115236
-0.892416246608
-0.893425386676
-0.894427505456
-0.895422573046
-0.896410559588
-0.897391435237
-0.898365170118
-0.899331734296
-0.900291097737
-0.901243230268
-0.902188101539
-0.90312568099
-0.904055937801
-0.904978840863
-0.905894358733
-0.906802459591
-0.907703111206
-0.908596280889
-0.909481935455
-0.910360041181
-0.911230563762
-0.912093468276
-0.912948719131
-0.913796280035
-0.914636113946
-0.915468183034
-0.916292448636
-0.917108871218
-0.917917410331
-0.918718024569
-0.91951067153
-0.920295307773
-0.921071888777
-0.921840368905
-0.922600701355
-0.923352838129
-0.924096729991
-0.924832326426
-0.925559575602
-0.926278424336
-0.926988818052
-0.927690700747
-0.928384014956
-0.929068701713
-0.929744700518
-0.930411949307
-0.931070384411
-0.931719940531
-0.932360550702
-0.932992146264
-0.933614656832
-0.934228010268
-0.934832132651
-0.935426948251
-0.936012379504
-0.936588346987
-0.937154769393
-0.937711563506
-0.938258644187
-0.938795924344
-0.93932331492
-0.939840724869
-0.940348061144
-0.940845228677
-0.941332130369
-0.94180866707
-0.942274737574
-0.942730238603
-0.943175064801
-0.943609108723
-0.944032260831
-0.944444409484
-0.94484544094
-0.945235239349
-0.945613686753
-0.945980663083
-0.946336046168
-0.946679711729
-0.947011533388
-0.947331382675
-0.94763912903
-0.947934639818
-0.948217780332
-0.948488413811
-0.948746401449
-0.94899160241
-0.949223873846
-0.94944307091
-0.94964904678
-0.949841652675
-0.950020737877
-0.95018614976
-0.950337733804
-0.950475333632
-0.95059879103
-0.950707945979
-0.950802636684
-0.950882699608
-0.950947969503
-0.950998279445
-0.951033460871
-0.951053343616
-0.95105775595
-0.951046524622
-0.951019474898
-0.950976430604
-0.950917214172
-0.950841646688
-0.95074954793
-0.950640736426
-0.950515029498
-0.950372243313
-0.950212192937
-0.950034692386
-0.949839554681
-0.949626591905
-0.949395615258
-0.949146435115
-0.948878861085
-0.948592702073
-0.948287766339
-0.94796386156
-0.947620794896
-0.947258373052
-0.946876402344
-0.946474688767
-0.946053038059
-0.945611255773
-0.945149147342
-0.944666518153
-0.944163173617
-0.943638919239
-0.943093560692
-0.942526903891
-0.941938755064
-0.941328920832
-0.940697208279
-0.940043425033
-0.93936737934
-0.938668880141
-0.937947737153
-0.937203760944
-0.936436763017
-0.935646555884
-0.93483295315
-0.933995769591
-0.933134821238
-0.932249925456
-0.931340901025
-0.930407568224
-0.929449748912
-0.928467266611
-0.927459946588
-0.926427615938
-0.925370103667
-0.924287240774
-0.923178860338
-0.922044797595
-0.920884890025
-0.919698977436
-0.918486902042
-0.917248508553
-0.915983644249
-0.914692159071
-0.913373905698
-0.912028739631
-0.910656519272
-0.909257106008
-0.907830364294
-0.906376161728
-0.904894369133
-0.90338486064
-0.901847513762
-0.900282209476
-0.8986888323
-0.897067270367
-0.895417415507
-0.893739163319
-0.892032413245
-0.890297068647
-0.88853303688
-0.886740229363
-0.884918561649
-0.8830679535
-0.881188328951
-0.879279616384
-0.87734174859
-0.875374662838
-0.87337830094
-0.871352609315
-0.869297539049
-0.86721304596
-0.865099090654
-0.862955638586
-0.860782660119
-0.858580130574
-0.856348030288
-0.854086344669
-0.851795064242
-0.849474184701
-0.847123706958
-0.844743637187
-0.842333986872
-0.839894772846
-0.837426017333
-0.834927747991
-0.832399997944
-0.829842805821
-0.82725621579
-0.824640277589
-0.821995046554
-0.819320583651
-0.816616955498
-0.81388423439
-0.811122498324
-0.808331831013
-0.805512321909
-0.802664066214
-0.799787164898
-0.796881724706
-0.793947858167
-0.790985683606
-0.787995325142
-0.784976912694
-0.781930581978
-0.77885647451
-0.775754737596
-0.772625524324
-0.769468993564
-0.766285309943
-0.763074643842
-0.759837171375
-0.75657307437
-0.753282540348
-0.7499657625
-0.746622939662
-0.743254276286
-0.739859982407
-0.736440273614
-0.73299537101
-0.729525501179
-0.726030896141
-0.722511793313
-0.718968435462
-0.715401070657
-0.711809952221
-0.708195338678
-0.704557493699
-0.700896686043
-0.697213189503
-0.693507282839
-0.689779249715
-0.686029378638
-0.682257962885
-0.678465300433
-0.674651693891
-0.670817450417
-0.66696288165
-0.663088303625
-0.659194036694
-0.655280405444
-0.651347738608
-0.647396368983
-0.643426633337
-0.639438872319
-0.635433430367
-0.631410655612
-0.627370899783
-0.623314518107
-0.619241869209
-0.61515331501
-0.611049220628
-0.606929954265
-0.602795887106
-0.598647393211
-0.594484849403
-0.590308635158
-0.586119132492
-0.581916725849
-0.577701801985
-0.573474749852
-0.569235960481
-0.56498582686
-0.560724743823
-0.55645310792
-0.552171317301
-0.547879771594
-0.543578871777
-0.539269020061
-0.534950619758
-0.530624075163
-0.526289791422
-0.521948174407
-0.517599630593
-0.513244566925
-0.508883390692
-0.504516509403
-0.500144330651
-0.49576726199
-0.491385710807
-0.487000084187
-0.482610788791
-0.478218230724
-0.473822815406
-0.469424947445
-0.465025030505
-0.460623467185
-0.456220658883
-0.451817005675
-0.447412906186
-0.443008757461
-0.438604954842
-0.434201891845
-0.429799960028
-0.425399548874
-0.421001045666
-0.416604835363
-0.41221130048
-0.407820820968
-0.403433774092
-0.399050534316
-0.394671473182
-0.390296959197
-0.385927357716
-0.381563030827
-0.37720433724
-0.372851632177
-0.368505267259
-0.364165590397
-0.359832945689
-0.355507673309
-0.351190109409
-0.346880586007
-0.342579430897
-0.338286967539
-0.33400351497
-0.329729387701
-0.325464895626
-0.321210343929
-0.316966032991
-0.312732258305
-0.308509310381
-0.304297474669
-0.300097031471
-0.295908255859
-0.291731417595
-0.287566781055
-0.283414605151
-0.279275143257
-0.27514864314
-0.271035346885
-0.26693549083
-0.262849305498
-0.258777015537
-0.254718839653
-0.250674990552
-0.246645674883
-0.24263109318
-0.238631439809
-0.23464690292
-0.230677664389
-0.226723899778
-0.222785778286
-0.218863462705
-0.21495710938
-0.211066868168
-0.207192882403
-0.203335288857
-0.199494217711
-0.195669792518
-0.191862130179
-0.188071340913
-0.184297528232
-0.180540788917
-0.176801212998
-0.173078883734
-0.169373877592
-0.165686264239
-0.162016106519
-0.158363460448
-0.1547283752
-0.151110893103
-0.147511049627
-0.143928873382
-0.140364386117
-0.136817602717
-0.133288531203
-0.129777172736
-0.126283521618
-0.122807565304
-0.119349284401
-0.115908652683
-0.1124856371
-0.10908019779
-0.105692288091
-0.102321854559
-0.0989688369818
-0.0956331683998
-0.0923147751237
-0.0890135767559
-0.0857294862133
-0.0824624097503
-0.0792122469844
-0.0759788909225
-0.0727622279881
-0.0695621380508
-0.066378494456
-0.0632111640563
-0.0600600072441
-0.0569248779856
-0.053805623855
-0.0507020860708
-0.0476140995328
-0.0445414928604
-0.0414840884311
-0.0384417024212
-0.035414144847
-0.0324012196063
-0.0294027245221
-0.0264184513864
-0.023448186005
-0.0204917082436
-0.0175487920739
-0.0146192056218
-0.0117027112156
-0.00879906543482
-0.00590801916057
-0.00302931762626
-0.000162700469065
0.0026920982177
0.00553534983158
0.00836733120718
0.0111883245617
0.0139986174397
0.0167985026573
0.0195882782455
0.0223682473933
0.0251387183893
0.0279000045636
0.0306524242283
0.0333963006179
0.0361319618291
0.038859740759
0.0415799750443
0.0442930069984
0.0469991835488
0.0496988561735
0.0523923808369
0.0550801179253
0.0577624321812
0.0604396926377
0.0631122725521
0.0657805493385
0.0684449045003
0.0711057235617
0.0737633959991
0.0764183151715
0.0790708782498
0.0817214861471
0.0843705434463
0.0870184583287
0.089665642501
0.0923125111224
0.0949594827299
0.0976069791648
0.100255425496
0.102905249946
0.105556883811
0.108210761388
0.110867319893
0.113526999383
0.116190242677
0.118857495278
0.121529205286
0.124205823323
0.126887802445
0.129575598062
0.132269667853
0.134970471677
0.137678471497
0.140394131281
0.143117916923
0.145850296152
0.148591738441
0.15134271492
0.154103698282
0.15687516269
0.159657583689
0.162451438104
0.165257203954
0.168075360346
0.170906387388
0.173750766081
0.176608978228
0.179481506328
0.182368833477
0.185271443266
0.188189819675
0.191124446971
0.194075809599
0.197044392078
0.20003067889
0.203035154374
0.20605830261
0.209100607312
0.212162551712
0.215244618447
0.218347289444
0.2214710458
0.224616367667
0.227783734131
0.230973623091
0.234186511137
0.237422873428
0.240683183566
0.243967913468
0.247277533244
0.250612511061
0.253973313018
0.257360403013
0.26077424261
0.264215290905
0.26768400439
0.271180836814
0.27470623905
0.278260658949
0.281844541203
0.285458327201
0.289102454883
0.292777358601
0.296483468965
0.300221212698
0.303991012489
0.307793286838
0.311628449907
0.315496911366
0.319399076237
0.32333534474
0.327306112134
0.331311768561
0.335352698882
0.339429282521
0.343541893299
0.347690899273
0.35187666257
0.356099539221
0.360359878998
0.36465802524
0.36899431469
0.37336907732
0.377782636166
0.38223530715
0.386727398912
0.391259212632
0.395831041862
0.400443172344
0.405095881837
0.409789439942
0.414524107922
0.419300138526
0.424117775808
0.428977254952
0.43387880209
0.438822634122
0.443808958538
0.448837973237
0.453909866346
0.459024816039
0.464182990358
0.469384547033
0.4746296333
0.479918385721
0.485250930003
0.490627380823
0.496047841644
0.501512404538
0.507021150011
0.512574146819
0.518171451799
0.523813109688
0.529499152953
0.535229601614
0.541004463072
0.54682373194
0.552687389873
0.558595405401
0.564547733758
0.570544316724
0.576585082458
0.58266994534
0.588798805811
0.594971550215
0.601188050649
0.607448164811
0.613751735849
0.620098592215
0.626488547528
0.632921400424
0.63939693443
0.645914917822
0.652475103501
0.659077228865
0.665721015684
0.672406169986
0.67913238194
0.685899325747
0.692706659533
0.69955402525
0.706441048577
0.713367338832
0.720332488882
0.727336075064
0.734377657109
0.741456778071
0.748572964264
0.755725725202
0.762914553547
0.770138925062
0.777398298571
0.78469211593
0.792019801991
0.799380764593
0.806774394542
0.81420006561
0.821657134532
0.829144941022
0.836662807785
0.844210040548
0.851785928087
0.859389742273
0.867020738121
0.874678153851
0.882361210952
0.89006911426
0.897801052045
0.905556196103
0.913333701864
0.921132708503
0.928952339064
0.936791700596
0.944649884291
0.952525965643
0.96041900461
0.968328045788
0.976252118595
0.984190237468
0.992141402069
1.0001045975
1.00807879455
1.01606294988
1.02405600635
1.03205689323
1.04006452649
1.04807780906
1.05609563117
1.06411687065
1.0721403932
1.08016505279
1.08818969195
1.09621314217
1.10423422425
1.11225174864
1.12026451591
1.12827131711
1.13627093415
1.14426214032
1.15224370065
1.16021437239
1.16817290549
1.17611804305
1.18404852183
1.19196307273
1.19986042134
1.2077392884
1.21559839042
1.22343644014
1.23125214718
1.23904421851
1.24681135914
1.25455227261
1.26226566169
1.26995022893
1.2776046773
1.28522771084
1.29281803531
1.30037435883
1.30789539257
1.31537985141
1.32282645462
1.3302339266
1.33760099752
1.34492640411
1.35220889032
1.35944720808
1.36664011804
1.37378639032
1.38088480525
1.38793415415
1.39493324009
1.40188087866
1.40877589876
1.4156171434
1.42240347045
1.42913375348
1.43580688254
1.44242176498
1.44897732625
1.45547251071
1.46190628243
1.46827762606
1.47458554759
1.4808290752
1.48700726008
1.49311917724
1.49916392636
1.50514063256
1.51104844727
1.51688654902
1.52265414425
1.52835046815
1.53397478543
1.53952639117
1.54500461159
1.55040880482
1.55573836175
1.56099270677
1.56617129855
1.57127363082
1.5762992331
1.5812476715
1.58611854941
1.59091150825
1.5956262282
1.60026242888
1.60481987007
1.6092983524
1.61369771797
1.61801785105
1.62225867874
1.62642017151
1.63050234389
1.63450525503
1.63842900926
1.64227375669
1.6460396937
1.64972706347
1.6533361565
1.65686731107
1.66032091368
1.66369739954
1.66699725289
1.67022100749
1.6733692469
1.67644260488
1.67944176566
1.68236746426
1.68522048673
1.68800167041
1.69071190412
1.69335212834
1.69592333537
1.69842656947
1.70086292692
1.7032335561
1.70553965751
1.70778248382
1.70996333978
1.71208358219
1.7141446198
1.71614791318
1.71809497458
1.71998736772
1.72182670755
1.72361466003
1.7253529418
1.72704331986
1.72868761119
1.7302876824
1.73184544923
1.73336287611
1.73484197566
1.73628480812
1.7376934808
1.73907014744
1.74041700755
1.74173630576
1.74303033105
1.744301416
1.74555193601
1.74678430844
1.74800099173
1.74920448454
1.75039732473
1.75158208845
1.75276138908
1.75393787616
1.75511423436
1.75629318232
1.75747747147
1.75866988488
1.75987323599
1.76109036738
1.76232414946
1.76357747913
1.76485327844
1.76615449319
1.76748409148
1.76884506229
1.77024041397
1.77167317272
1.77314638105
1.77466309624
1.77622638865
1.77783934019
1.7795050426
1.78122659578
1.7830071061
1.78484968466
1.78675744553
1.788733504
1.79078097474
1.79290297003
1.79510259789
1.79738296025
1.79974715106
1.80219825443
1.80473934269
1.8073734745
1.81010369293
1.8129330235
1.81586447223
1.81890102369
1.82204563906
1.82530125407
1.82867077714
1.8321570873
1.83576303223
1.83949142632
1.8433450486
1.84732664085
1.85143890551
1.85568450379
1.86006605366
1.86458612786
1.86924725199
1.87405190252
1.87900250488
1.88410143149
1.88935099992
1.89475347091
1.90031104658
1.90602586847
1.91190001579
1.91793550355
1.92413428075
1.93049822867
1.93702915906
1.94372881244
1.95059885642
1.95764088404
1.96485641213
1.97224687969
1.97981364639
1.987557991
1.99548110989
2.00358411562
2.01186803551
2.02033381027
2.02898229267
2.03781424627
2.04683034419
2.05603116791
2.06541720611
2.07498885363
2.08474641038
2.09469008038
2.1048199708
2.11513609112
2.12563835225
2.13632656579
2.14720044333
2.15825959576
2.1695035327
2.18093166196
2.19254328908
2.20433761688
2.21631374515
2.22847067037
2.24080728546
2.25332237963
2.26601463833
2.27888264319
2.29192487209
2.30513969926
2.31852539548
2.3320801283
2.3458019624
2.35968885998
2.37373868119
2.38794918469
2.40231802824
2.41684276938
2.43152086619
2.44634967806
2.46132646665
2.47644839677
2.49171253747
2.50711586312
2.52265525457
2.53832750042
2.5541292983
2.57005725627
2.5861078943
2.60227764572
2.6185628589
2.63495979882
2.65146464888
2.66807351262
2.68478241562
2.70158730742
2.71848406351
2.73546848735
2.75253631254
2.76968320496
2.786904765
2.80419652989
2.82155397604
2.83897252144
2.85644752815
2.87397430481
2.89154810923
2.90916415099
2.92681759416
2.94450355999
2.96221712971
2.97995334736
2.9977072226
3.0154737337
3.03324783042
3.05102443704
3.06879845534
3.08656476774
3.10431824028
3.12205372586
3.13976606732
3.15745010063
3.17510065814
3.19271257175
3.21028067621
3.22779981238
3.24526483049
3.26267059347
3.28001198026
3.29728388914
3.31448124103
3.33159898288
3.34863209095
3.36557557422
3.38242447768
3.39917388568
3.41581892526
3.43235476949
3.44877664075
3.46507981406
3.48125962034
3.49731144966
3.51323075453
3.52901305306
3.54465393222
3.56014905093
3.57549414326
3.59068502149
3.60571757921
3.62058779431
3.63529173201
3.64982554777
3.66418549022
3.67836790399
3.69236923255
3.70618602091
3.71981491836
3.73325268112
3.74649617486
3.75954237731
3.77238838066
3.78503139397
3.79746874549
3.80969788496
3.82171638573
3.83352194693
3.84511239548
3.85648568807
3.86763991301
3.87857329208
3.88928418222
3.89977107715
3.91003260896
3.92006754955
3.92987481199
3.93945345183
3.94880266829
3.95792180531
3.96681035264
3.97546794665
3.98389437123
3.99208955841
4.00005358908
4.00778669341
4.01528925131
4.02256179273
4.02960499786
4.03641969726
4.04300687182
4.0493676527
4.05550332109
4.06141530791
4.06710519337
4.07257470649
4.0778257244
4.08286027167
4.08768051943
4.09228878441
4.09668752792
4.10087935463
4.10486701138
4.10865338573
4.11224150452
4.11563453231
4.11883576963
4.12184865125
4.12467674426
4.12732374608
4.12979348238
4.13208990488
4.13421708905
4.13617923173
4.13798064867
4.13962577189
4.14111914709
4.14246543081
4.14366938764
4.14473588723
4.14566990128
4.14647650044
4.14716085108
4.14772821205
4.14818393127
4.14853344235
4.14878226104
4.14893598165
4.14900027341
4.14898087672
4.14888359939
4.14871431276
4.14847894777
4.14818349103
4.14783398073
4.1474365026
4.14699718574
4.14652219845
4.14601774398
4.14549005627
4.14494539562
4.14439004433
4.14383030234
4.14327248278
4.14272290752
4.14218790271
4.14167379428
4.14118690341
4.14073354199
4.14032000812
4.13995258148
4.13963751882
4.13938104937
4.13918937028
4.13906864201
4.13902498384
4.13906446927
4.13919312148
4.13941690881
4.13974174025
4.14017346096
4.14071784782
4.14138060496
4.14216735938
4.14308365658
4.14413495624
4.14532662789
4.14666394672
4.14815208931
4.14979612957
4.15160103453
4.15357166039
4.1557127485
4.15802892143
4.16052467913
4.1632043951
4.16607231274
4.16913254162
4.17238905399
4.17584568119
4.17950611033
4.18337388091
4.18745238156
4.19174484694
4.19625435461
4.2009838221
4.20593600402
4.21111348928
4.21651869841
4.22215388098
4.2280211131
4.23412229512
4.24045914927
4.2470332176
4.25384585986
4.26089825162
4.26819138244
4.27572605417
4.28350287933
4.29152227972
4.299784485
4.30828953151
4.31703726112
4.32602732032
4.33525915928
4.34473203117
4.35444499153
4.36439689778
4.37458640887
4.38501198507
4.39567188782
4.40656417977
4.41768672495
4.42903718902
4.44061303967
4.45241154719
4.46442978507
4.47666463083
4.48911276691
4.50177068171
4.51463467075
4.52770083794
4.54096509703
4.55442317309
4.56807060422
4.58190274327
4.59591475978
4.61010164196
4.62445819885
4.63897906255
4.65365869059
4.66849136838
4.68347121186
4.69859217014
4.7138480283
4.72923241035
4.74473878223
4.76036045489
4.77609058757
4.79192219108
4.8078481312
4.82386113224
4.8399537806
4.85611852848
4.87234769762
4.88863348322
4.90496795783
4.92134307539
4.93775067535
4.95418248679
4.97063013273
4.98708513439
5.00353891558
5.01998280715
5.03640805149
5.05280580707
5.06916715306
5.08548309401
5.1017445645
5.11794243397
5.13406751145
5.15011055042
5.16606225369
5.18191327827
5.1976542403
5.21327572004
5.2287682668
5.24412240395
5.25932863394
5.27437744334
5.2892593078
5.30396469717
5.31848408049
5.33280793107
5.34692673146
5.36083097856
5.37451118857
5.38795790206
5.4011616889
5.41411315327
5.42680293857
5.43922173238
5.45136027134
5.46320934599
5.47475980563
5.48600256307
5.49692859939
5.50752896867
5.51779480258
5.52771731507
5.53728780685
5.54649766992
5.55533839204
5.56380156103
5.57187886918
5.57956211743
5.5868432196
5.59371420648
5.60016722987
5.60619456656
5.6117886222
5.61694193515
5.62164718013
5.62589717195
5.62968486902
5.63300337682
5.63584595129
5.63820600213
5.640077096
5.6414529596
5.64232748268
5.64269472097
5.642548899
5.64188441276
5.64069583235
5.63897790449
5.63672555491
5.63393389064
5.63059820221
5.62671396575
5.62227684497
5.61728269298
5.61172755414
5.60560766564
5.59891945907
5.59165956186
5.58382479859
5.57541219224
5.56641896523
5.55684254045
5.54668054217
5.53593079673
5.52459133329
5.5126603843
5.50013638601
5.48701797875
5.47330400716
5.45899352034
5.44408577179
5.42858021937
5.41247652504
5.39577455459
5.37847437719
5.36057626485
5.34208069186
5.32298833398
5.30330006765
5.28301696909
5.26214031321
5.24067157252
5.21861241591
5.19596470733
5.17273050438
5.14891205681
5.12451180496
5.09953237803
5.07397659236
5.04784744957
5.02114813463
4.99388201385
4.96605263277
4.93766371403
4.90871915511
4.879223026
4.84917956681
4.81859318534
4.78746845454
4.7558101099
4.72362304684
4.69091231795
4.65768313023
4.62394084229
4.58969096142
4.55493914067
4.51969117586
4.48395300257
4.447730693
4.41103045291
4.37385861841
4.33622165275
4.29812614312
4.25957879732
4.2205864405
4.18115601178
4.1412945609
4.10100924482
4.06030732434
4.01919616059
3.97768321163
3.93577602897
3.89348225407
3.85080961482
3.80776592209
3.76435906615
3.72059701317
3.67648780169
3.63203953911
3.58726039811
3.54215861317
3.49674247702
3.45102033715
3.40500059226
3.35869168879
3.31210211742
3.26524040959
3.21811513408
3.17073489351
3.12310832097
3.07524407656
3.02715084407
2.97883732761
2.93031224824
2.88158434072
2.83266235017
2.78355502891
2.73427113318
2.68481941996
2.63520864388
2.58544755404
2.53554489097
2.48550938358
2.43534974619
2.38507467551
2.33469284779
2.28421291589
2.23364350647
2.18299321722
2.13227061407
2.08148422852
2.03064255498
1.97975404816
1.92882712052
1.87787013975
1.82689142633
1.77589925109
1.72490183284
1.67390733612
1.62292386887
1.57195948027
1.52102215853
1.47011982887
1.41926035136
1.36845151902
1.31770105579
1.26701661471
1.21640577601
1.16587604537
1.11543485214
1.06508954772
1.01484740385
0.96471561112
0.91470127736
0.864811426232
0.815052995782
0.765432837079
0.7159577129
0.666634296468
0.61746917024
0.568468824747
0.519639657482
0.470987971847
0.422519976137
0.374241782588
0.32615940646
0.278278765184
0.230605677542
0.183145862907
0.135904940523
0.088888428836
0.0421017448693
-0.00444979635653
-0.0507609823559
-0.0968267036676
-0.1426419543
-0.188201832134
-0.233501539278
-0.278536382392
-0.323301772957
-0.367793227511
-0.412006367847
-0.455936921166
-0.499580720192
-0.542933703253
-0.585991914322
-0.628751503017
-0.671208724575
-0.71335993978
-0.755201614863
-0.796730321366
-0.837942735969
-0.878835640293
-0.919405920661
-0.959650567835
-0.999566676718
-1.03915144603
-1.07840217794
-1.1173162777
-1.15589125322
-1.19412471464
-1.23201437382
-1.26955804393
-1.30675363884
-1.34359917262
-1.38009275897
-1.41623261064
-1.45201703879
-1.48744445233
-1.52251335732
-1.55722235625
-1.59157014733
-1.62555552379
-1.65917737311
-1.69243467627
-1.72532650697
-1.75785203083
-1.79001050454
-1.82180127507
-1.85322377878
-1.88427754057
-1.91496217296
-1.94527737522
-1.97522293245
-2.00479871462
-2.03400467563
-2.06284085236
-2.09130736368
-2.11940440947
-2.1471322696
-2.1744913029
-2.20148194619
-2.22810471317
-2.2543601934
-2.28024905122
-2.30577202468
-2.33092992447
-2.35572363277
-2.38015410219
-2.40422235463
-2.42792948016
-2.45127663585
-2.47426504466
-2.49689599425
-2.51917083585
-2.54109098306
-2.56265791064
-2.58387315337
-2.60473830483
-2.62525501619
-2.64542499498
-2.66525000388
-2.68473185953
-2.70387243123
-2.72267363972
-2.74113745596
-2.75926589985
-2.77706103899
-2.79452498738
-2.81165990419
-2.82846799247
-2.84495149787
-2.86111270735
-2.87695394793
-2.89247758534
-2.90768602277
-2.92258169959
-2.93716708999
-2.95144470173
-2.96541707482
-2.97908678019
-2.99245641845
-3.00552861851
-3.01830603631
-3.03079135351
-3.04298727616
-3.05489653343
-3.06652187626
-3.07786607609
-3.08893192352
-3.09972222706
-3.11023981176
-3.12048751798
-3.13046820007
-3.14018472505
-3.14963997138
-3.15883682765
-3.1677781913
-3.17646696734
-3.18490606715
-3.19309840712
-3.20104690751
-3.20875449111
-3.21622408208
-3.22345860468
-3.23046098207
-3.23723413511
-3.24378098114
-3.25010443284
-3.25620739699
-3.26209277337
-3.26776345357
-3.27322231989
-3.27847224418
-3.28351608674
-3.28835669526
-3.29299690369
-3.29743953121
-3.30168738119
-3.30574324012
-3.30960987664
-3.31329004055
-3.31678646178
-3.3201018495
-3.32323889114
-3.32620025151
-3.32898857186
-3.33160646905
-3.33405653469
-3.33634133428
-3.33846340644
-3.34042526213
-3.34222938386
-3.34387822498
-3.34537420898
-3.34671972876
-3.34791714606
-3.34896879073
-3.34987696019
-3.35064391884
-3.35127189751
-3.35176309292
-3.35211966723
-3.35234374751
-3.35243742539
-3.35240275658
-3.35224176053
-3.35195642007
-3.35154868112
-3.35102045237
-3.35037360505
-3.34960997269
-3.34873135092
-3.34773949735
-3.3466361314
-3.34542293419
-3.34410154852
-3.34267357879
-3.34114059102
-3.33950411285
-3.33776563363
-3.33592660449
-3.33398843845
-3.33195251061
-3.32982015828
-3.32759268122
-3.32527134192
-3.32285736579
-3.32035194153
-3.31775622147
-3.31507132187
-3.31229832339
-3.30943827146
-3.30649217673
-3.30346101561
-3.30034573068
-3.29714723132
-3.2938663942
-3.29050406392
-3.28706105355
-3.28353814536
-3.27993609141
-3.27625561427
-3.27249740772
-3.26866213747
-3.26475044192
-3.26076293297
-3.25670019675
-3.25256279448
-3.24835126328
-3.24406611704
-3.23970784727
-3.235276924
-3.23077379665
-3.22619889499
-3.22155263001
-3.21683539493
-3.21204756607
-3.20718950387
-3.20226155387
-3.19726404762
-3.19219730373
-3.18706162887
-3.18185731872
-3.17658465901
-3.17124392652
-3.16583539008
-3.16035931161
-3.15481594711
-3.14920554766
-3.14352836046
-3.13778462981
-3.13197459815
-3.12609850699
-3.12015659798
-3.11414911384
-3.10807629934
-3.1019384023
-3.09573567451
-3.0894683727
-3.08313675944
-3.07674110409
-3.07028168367
-3.06375878381
-3.05717269952
-3.05052373615
-3.04381221013
-3.03703844987
-3.03020279647
-3.02330560456
-3.01634724302
-3.0093280957
-3.00224856213
-2.99510905821
-2.98791001684
-2.98065188856
-2.97333514212
-2.96596026509
-2.95852776437
-2.95103816669
-2.94349201914
-2.93588988956
-2.92823236699
-2.92052006204
-2.91275360726
-2.90493365745
-2.89706088993
-2.88913600483
-2.88115972524
-2.8731327975
-2.86505599121
-2.85693009948
-2.8487559389
-2.84053434963
-2.8322661954
-2.82395236348
-2.8155937646
-2.80719133285
-2.79874602554
-2.79025882304
-2.78173072853
-2.77316276779
-2.76455598889
-2.75591146188
-2.74723027844
-2.73851355146
-2.72976241466
-2.72097802208
-2.71216154762
-2.7033141845
-2.69443714469
-2.68553165833
-2.6765989731
-2.66764035356
-2.65865708043
-2.64965044993
-2.64062177299
-2.63157237449
-2.62250359241
-2.61341677708
-2.60431329024
-2.59519450418
-2.58606180087
-2.57691657096
-2.56776021285
-2.55859413175
-2.54941973862
-2.54023844918
-2.53105168288
-2.52186086182
-2.5126674097
-2.50347275075
-2.49427830856
-2.48508550506
-2.47589575931
-2.46671048643
-2.4575310964
-2.44835899297
-2.43919557243
-2.43004222251
-2.42090032116
-2.41177123541
-2.40265632021
-2.3935569172
-2.38447435361
-2.37540994103
-2.3663649743
-2.3573407303
-2.34833846684
-2.33935942149
-2.33040481045
-2.32147582743
-2.31257364254
-2.30369940118
-2.29485422299
-2.28603920071
-2.27725539922
-2.26850385443
-2.25978557232
-2.25110152792
-2.24245266435
-2.23383989188
-2.225264087
-2.21672609153
-2.20822671175
-2.19976671756
-2.19134684168
-2.18296777884
-2.17463018507
-2.16633467696
-2.15808183097
-2.14987218282
-2.1417062268
-2.13358441529
-2.12550715814
-2.1174748222
-2.10948773085
-2.10154616357
-2.09365035556
-2.0858004974
-2.07799673472
-2.07023916796
-2.06252785214
-2.05486279669
-2.0472439653
-2.03967127583
-2.03214460027
-2.02466376475
-2.01722854953
-2.00983868914
-2.00249387247
-1.99519374297
-1.98793789885
-1.98072589333
-1.97355723501
-1.96643138812
-1.95934777303
-1.95230576659
-1.94530470269
-1.93834387275
-1.9314225263
-1.92453987158
-1.91769507624
-1.91088726798
-1.90411553535
-1.89737892849
-1.89067645998
-1.88400710567
-1.87736980561
-1.87076346498
-1.86418695507
-1.85763911428
-1.85111874918
-1.8446246356
-1.83815551973
-1.83171011928
-1.82528712467
-1.81888520023
-1.81250298544
-1.80613909622
-1.79979212619
-1.79346064806
-1.78714321491
-1.78083836159
-1.77454460612
-1.7682604511
-1.76198438516
-1.75571488436
-1.74945041373
-1.74318942871
-1.73693037665
-1.73067169835
-1.72441182954
-1.71814920246
-1.71188224733
-1.70560939398
-1.69932907334
-1.69303971898
-1.68673976874
-1.68042766622
-1.67410186232
-1.66776081687
-1.66140300008
-1.65502689417
-1.64863099481
-1.64221381272
-1.63577387513
-1.6293097273
-1.62281993401
-1.616303081
-1.60975777646
-1.60318265244
-1.59657636625
-1.5899376019
-1.5832650714
-1.57655751618
-1.56981370833
-1.56303245196
-1.55621258443
-1.54935297757
-1.54245253891
-1.53551021283
-1.52852498171
-1.52149586701
-1.51442193036
-1.50730227457
-1.5001360446
-1.49292242858
-1.48566065862
-1.47835001176
-1.47098981076
-1.46357942487
-1.45611827061
-1.44860581241
-1.4410415633
-1.4334250855
-1.42575599097
-1.41803394191
-1.41025865122
-1.40242988292
-1.39454745252
-1.3866112273
-1.37862112659
-1.37057712197
-1.36247923745
-1.35432754954
-1.34612218738
-1.33786333264
-1.32955121959
-1.32118613491
-1.31276841759
-1.30429845875
-1.29577670134
-1.28720363987
-1.27857982007
-1.26990583846
-1.26118234193
-1.25241002723
-1.24358964042
-1.23472197626
-1.22580787761
-1.21684823468
-1.20784398435
-1.19879610935
-1.18970563742
-1.18057364051
-1.17140123376
-1.16218957464
-1.15293986188
-1.14365333448
-1.13433127059
-1.12497498642
-1.11558583508
-1.10616520538
-1.09671452061
-1.08723523729
-1.07772884386
-1.06819685938
-1.05864083216
-1.04906233837
-1.03946298069
-1.02984438678
-1.02020820793
-1.01055611748
-1.00088980941
-0.991210996753
-0.981521410089
-0.971822795984
-0.962116915417
-0.9524055422
-0.942690461385
-0.932973467657
-0.923256363721
-0.913540958687
-0.903829066437
-0.894122504007
-0.884423089949
-0.874732642705
-0.865052978978
-0.855385912105
-0.845733250439
-0.836096795734
-0.82647834154
-0.816879671604
-0.80730255829
-0.797748761005
-0.788220024642
-0.778718078039
-0.769244632457
-0.759801380077
-0.750389992516
-0.741012119367
-0.731669386761
-0.722363395959
-0.713095721965
-0.703867912169
-0.694681485023
-0.68553792874
-0.676438700038
-0.667385222899
-0.658378887383
-0.649421048462
-0.640513024899
-0.631656098161
-0.62285151138
-0.614100468337
-0.60540413251
-0.596763626142
-0.588180029369
-0.579654379382
-0.57118766964
-0.562780849123
-0.554434821637
-0.546150445163
-0.537928531252
-0.529769844472
-0.521675101904
-0.51364497268
-0.505680077584
-0.497780988687
-0.489948229047
-0.48218227245
-0.474483543206
-0.466852415998
-0.459289215774
-0.451794217701
-0.444367647163
-0.437009679813
-0.429720441674
-0.422500009295
-0.415348409952
-0.408265621906
-0.401251574707
-0.394306149548
-0.387429179669
-0.380620450812
-0.373879701723
-0.3672066247
-0.360600866192
-0.354062027441
-0.347589665173
-0.341183292333
-0.334842378864
-0.328566352531
-0.322354599784
-0.316206466671
-0.310121259781
-0.304098247233
-0.298136659707
-0.292235691504
-0.286394501648
-0.280612215025
-0.274887923553
-0.269220687382
-0.263609536135
-0.25805347017
-0.252551461875
-0.247102456993
-0.241705375968
-0.236359115322
-0.231062549049
-0.225814530037
-0.220613891509
-0.215459448477
-0.210349999224
-0.205284326797
-0.200261200509
-0.195279377466
-0.190337604093
-0.185434617681
-0.180569147933
-0.175739918523
-0.170945648656
-0.166185054633
-0.161456851422
-0.156759754221
-0.152092480026
-0.147453749195
-0.142842287005
-0.138256825207
-0.133696103571
-0.12915887142
-0.124643889158
-0.120149929782
-0.115675780382
-0.111220243623
-0.106782139215
-0.102360305363
-0.0979536001934
-0.0935609031639
-0.0891811164503
-0.0848131663076
-0.0804560044076
-0.0761086091485
-0.0717699869385
-0.0674391734482
-0.0631152348346
-0.0587972689323
-0.0544844064126
-0.0501758119084
-0.0458706851049
-0.0415682617933
-0.0372678148883
-0.0329686554073
-0.0286701334109
-0.0243716389032
-0.0200726026918
-0.015772497206
-0.011470837273
-0.00716718085069
-0.00286112971736
0.0014476698836
0.00575952664353
0.010074703634
0.0143934177981
0.0187158394887
0.0230420920529
0.027372251464
0.0317063460016
0.0360443559785
0.0403862135163
0.0447318023695
0.0490809577969
0.0534334664826
0.0577890665051
0.0621474473542
0.0665082499972
0.070871066993
0.0752354426542
0.0796008732573
0.0839668073004
0.0883326458088
0.0926977426866
0.0970614051158
0.101422894002
0.105781424462
0.110136166367
0.114486244913
0.118830741254
0.123168693167
0.127499095762
0.131820902233
0.136133024657
0.140434334824
0.144723665112
0.148999809399
0.153261524015
0.157507528725
0.161736507758
0.165947110859
0.170137954381
0.174307622412
0.178454667929
0.182577613983
0.186674954917
0.190745157606
0.19478666273
0.198797886068
0.202777219818
0.206723033946
0.210633677542
0.214507480213
0.218342753486
0.222137792229
0.225890876094
0.229600270966
0.233264230438
0.236880997285
0.240448804961
0.243965879094
0.247430439004
0.250840699208
0.254194870952
0.257491163727
0.260727786805
0.263902950761
0.267014869004
0.270061759304
0.273041845318
0.275953358103
0.278794537634
0.281563634307
0.284258910439
0.286878641753
0.289421118853
0.29188464869
0.294267556007
0.296568184776
0.298784899614
0.300916087182
0.302960157566
0.304915545636
0.306780712385
0.308554146243
0.310234364373
0.311819913934
0.313309373324
0.314701353394
0.315994498631
0.31718748832
0.318279037666
0.31926789889
0.320152862294
0.320932757291
0.321606453403
0.322172861218
0.322630933326
0.322979665201
0.323218096059
0.323345309677
0.323360435166
0.323262647715
0.323051169287
0.322725269285
0.322284265168
0.321727523031
0.321054458144
0.320264535448
0.319357270008
0.318332227429
0.31718902422
0.315927328128
0.314546858414
0.3130473861
0.311428734164
0.309690777694
0.307833444002
0.305856712687
0.303760615663
0.301545237137
0.299210713552
0.296757233477
0.294185037463
0.291494417851
0.288685718542
0.285759334718
0.282715712533
0.27955534875
0.276278790345
0.272886634073
0.269379525983
0.265758160905
0.262023281891
0.258175679624
0.254216191783
0.250145702373
0.245965141022
0.241675482237
0.237277744631
0.232772990107
0.228162323022
0.2234468893
0.218627875535
0.213706508043
0.208684051895
0.203561809921
0.19834112168
0.193023362407
0.18760994193
0.182102303569
0.176501923001
0.170810307108
0.165028992799
0.159159545817
0.153203559515
0.147162653622
0.141038472991
0.13483268632
0.12854698487
0.122183081157
0.11574270764
0.109227615389
0.102639572744
0.0959803639666
0.0892517878775
0.0824556564891
0.0755937936308
0.068668033568
0.0616802196172
0.0546322027567
0.0475258402366
0.0403629941859
0.0331455302209
0.0258753160545
0.0185542201073
0.0111841101227
0.00376685178648
-0.00369569264842
-0.0112016657298
-0.0187492161665
-0.0263365001798
-0.0339616828447
-0.0416229394197
-0.0493184566659
-0.0570464341506
-0.0648050855393
-0.0725926398701
-0.080407342814
-0.0882474579162
-0.0961112678209
-0.103997075476
-0.111903205318
-0.119828004436
-0.127769843714
-0.135727118953
-0.143698251962
-0.151681691635
-0.159675914996
-0.16767942822
-0.175690767627
-0.183708500648
-0.191731226768
-0.199757578432
-0.207786221927
-0.215815858233
-0.223845223843
-0.231873091552
-0.239898271215
-0.247919610467
-0.255935995422
-0.263946351326
-0.271949643183
-0.279944876348
-0.287931097078
-0.29590739306
-0.303872893889
-0.311826771522
-0.319768240693
-0.327696559288
-0.335611028688
-0.343510994075
-0.351395844696
-0.359265014099
-0.367117980322
-0.374954266055
-0.382773438755
-0.390575110728
-0.398358939179
-0.406124626215
-0.413871918814
-0.421600608765
-0.429310532555
-0.437001571235
-0.444673650239
-0.452326739171
-0.459960851551
-0.467576044533
-0.475172418577
-0.482750117091
-0.490309326039
-0.49785027351
-0.505373229254
-0.512878504182
-0.520366449837
-0.527837457825
-0.535291959215
-0.542730423912
-0.550153359987
-0.557561312985
-0.564954865198
-0.572334634905
-0.579701275588
-0.587055475113
-0.594397954885
-0.601729468973
-0.609050803211
-0.616362774267
-0.623666228689
-0.630962041928
-0.638251117328
-0.645534385101
-0.652812801273
-0.66008734661
-0.667359025521
-0.674628864941
-0.68189791319
-0.68916723882
-0.696437929439
-0.703711090512
-0.710987844158
-0.718269327917
-0.725556693514
-0.732851105599
-0.740153740479
-0.747465784837
-0.754788434436
-0.762122892818
-0.76947036999
-0.776832081098
-0.784209245099
-0.791603083423
-0.799014818629
-0.806445673055
-0.813896867468
-0.821369619704
-0.828865143311
-0.83638464619
-0.843929329235
-0.85150038497
-0.859098996193
-0.866726334622
-0.874383559538
-0.882071816442
-0.889792235709
-0.897545931251
-0.90533399919
-0.913157516536
-0.921017539872
-0.928915104057
-0.936851220928
-0.944826878027
-0.952843037326
-0.960900633983
-0.969000575095
-0.977143738476
-0.985330971454
-0.993563089673
-1.00184087593
-1.01016507901
-1.01853641255
-1.02695555395
-1.03542314326
-1.0439397821
-1.05250603262
-1.0611224165
-1.06978941391
-1.07850746257
-1.08727695678
-1.09609824648
-1.10497163641
-1.11389738519
-1.1228757045
-1.13190675828
-1.14099066191
-1.15012748153
-1.15931723324
-1.16855988249
-1.17785534334
-1.18720347792
-1.19660409581
-1.20605695344
-1.21556175364
-1.22511814512
-1.234725722
-1.24438402343
-1.25409253317
-1.2638506793
-1.27365783386
-1.2835133126
-1.29341637475
-1.30336622282
-1.31336200246
-1.32340280229
-1.33348765389
-1.3436155317
-1.35378535304
-1.36399597815
-1.37424621024
-1.38453479564
-1.39486042391
-1.40522172806
-1.41561728478
-1.42604561471
-1.43650518272
-1.44699439831
-1.45751161596
-1.46805513555
-1.47862320289
-1.48921401013
-1.49982569638
-1.51045634827
-1.52110400057
-1.53176663683
-1.5424421901
-1.55312854368
-1.56382353184
-1.57452494068
-1.58523050896
-1.59593792897
-1.60664484745
-1.61734886657
-1.62804754488
-1.63873839837
-1.64941890149
-1.66008648827
-1.67073855344
-1.68137245358
-1.69198550831
-1.70257500149
-1.71313818252
-1.72367226757
-1.73417444091
-1.74464185627
-1.75507163817
-1.76546088334
-1.77580666211
-1.7861060199
-1.79635597867
-1.8065535384
-1.81669567864
-1.82677936003
-1.83680152588
-1.84675910373
-1.85664900698
-1.8664681365
-1.87621338229
-1.8858816251
-1.89546973815
-1.9049745888
-1.91439304025
-1.92372195327
-1.93295818793
-1.94209860533
-1.95114006938
-1.96007944852
-1.96891361755
-1.97763945933
-1.98625386666
-1.99475374397
-2.0031360092
-2.01139759552
-2.0195354532
-2.02754655136
-2.03542787979
-2.04317645073
-2.05078930069
-2.05826349223
-2.06559611574
-2.07278429124
-2.07982517013
-2.08671593697
-2.09345381124
-2.10003604909
-2.10645994507
-2.11272283383
-2.11882209188
-2.12475513924
-2.13051944116
-2.13611250973
-2.14153190558
-2.14677523948
-2.15184017394
-2.1567244248
-2.16142576282
-2.16594201515
-2.17027106695
-2.17441086277
-2.17835940811
-2.18211477077
-2.18567508235
-2.18903853954
-2.19220340554
-2.19516801134
-2.19793075703
-2.20049011303
-2.20284462134
-2.20499289668
-2.2069336277
-2.20866557806
-2.2101875875
-2.2114985729
-2.21259752928
-2.21348353075
-2.21415573142
-2.21461336632
-2.21485575222
-2.21488228841
-2.21469245748
-2.21428582602
-2.21366204529
-2.21282085183
-2.21176206809
-2.21048560288
-2.20899145194
-2.20727969831
-2.20535051279
-2.20320415424
-2.20084096989
-2.19826139561
-2.19546595607
-2.19245526498
-2.18923002508
-2.18579102831
-2.18213915574
-2.17827537756
-2.17420075301
-2.16991643021
-2.16542364596
-2.16072372556
-2.15581808246
-2.15070821796
-2.14539572082
-2.1398822668
-2.13416961823
-2.1282596234
-2.12215421604
-2.11585541468
-2.10936532194
-2.10268612384
-2.09582008899
-2.08876956781
-2.08153699162
-2.07412487175
-2.06653579859
-2.05877244053
-2.05083754299
-2.04273392723
-2.03446448929
-2.02603219877
-2.01744009759
-2.00869129876
-1.99978898503
-1.99073640756
-1.98153688455
-1.97219379974
-1.96271060104
-1.95309079893
-1.94333796497
-1.93345573021
-1.92344778358
-1.91331787022
-1.90306978983
-1.89270739493
-1.88223458911
-1.87165532529
-1.86097360388
-1.85019347096
-1.83931901643
-1.82835437208
-1.81730370975
-1.80617123931
-1.79496120678
-1.78367789228
-1.77232560809
-1.76090869659
-1.74943152823
-1.73789849948
-1.72631403074
-1.71468256429
-1.70300856216
-1.69129650403
-1.67955088509
-1.66777621393
-1.6559770104
-1.64415780345
-1.63232312897
-1.62047752765
-1.6086255428
-1.5967717182
-1.58492059593
-1.57307671423
-1.56124460527
-1.54942879308
-1.53763379132
-1.52586410118
-1.51412420922
-1.50241858523
-1.49075168011
-1.47912792377
-1.467551723
-1.4560274594
-1.44455948731
-1.43315213175
-1.42180968634
-1.41053641135
-1.39933653161
-1.3882142346
-1.37717366844
-1.36621893996
-1.3553541128
-1.34458320548
-1.33391018958
-1.32333898789
-1.31287347255
-1.30251746334
-1.29227472588
-1.28214896992
-1.27214384768
-1.26226295215
-1.25250981548
-1.24288790741
-1.23340063372
-1.2240513347
-1.21484328366
-1.20577968553
-1.19686367544
-1.18809831735
-1.17948660273
-1.1710314493
-1.16273569978
-1.15460212072
-1.14663340128
-1.13883215222
-1.13120090474
-1.12374210954
-1.11645813579
-1.10935127023
-1.10242371629
-1.09567759324
-1.08911493539
-1.08273769139
-1.07654772349
-1.07054680692
-1.06473662929
-1.05911879003
-1.05369479988
-1.04846608046
-1.04343396385
-1.03859969222
-1.03396441755
-1.02952920136
-1.02529501447
-1.02126273691
-1.0174331577
-1.01380697489
-1.01038479549
-1.00716713548
-1.00415441994
-1.00134698314
-0.998745068751
-0.996348830006
-0.994158330019
-0.99217354208
-0.990394350013
-0.988820548584
-0.987451843949
-0.986287854152
-0.985328109658
-0.98457205394
-0.984019044102
-0.983668351546
-0.983519162682
-0.983570579676
-0.983821621244
-0.984271223481
-0.984918240727
-0.985761446483
-0.986799534346
-0.988031119
-0.989454737229
-0.99106884897
-0.992871838404
-0.994862015076
-0.997037615044
-0.999396802072
-1.00193766884
-1.0046582382
-1.00755646442
-1.01063023454
-1.01387736965
-1.01729562628
-1.02088269776
-1.02463621565
-1.02855375113
-1.03263281649
-1.03687086657
-1.04126530028
-1.04581346207
-1.05051264351
-1.05536008479
-1.0603529763
-1.06548846019
-1.070763632
-1.0761755422
-1.08172119786
-1.08739756421
-1.09320156635
-1.09913009083
-1.10517998731
-1.11134807023
-1.11763112047
-1.12402588697
-1.13052908845
-1.13713741506
-1.14384753004
-1.15065607138
-1.15755965351
-1.16455486896
-1.17163828999
-1.1788064703
-1.18605594665
-1.19338324051
-1.2007848597
-1.20825730001
-1.21579704686
-1.22340057688
-1.23106435949
-1.23878485856
-1.24655853391
-1.25438184294
-1.26225124212
-1.27016318858
-1.27811414157
-1.28610056404
-1.29411892404
-1.30216569625
-1.31023736339
-1.31833041768
-1.32644136222
-1.33456671239
-1.34270299724
-1.35084676079
-1.35899456336
-1.36714298292
-1.37528861629
-1.38342808046
-1.39155801375
-1.39967507708
-1.40777595509
-1.4158573573
-1.42391601926
-1.43194870363
-1.43995220123
-1.44792333213
-1.4558589466
-1.46375592615
-1.47161118447
-1.47942166835
-1.48718435858
-1.49489627084
-1.50255445655
-1.51015600365
-1.5176980374
-1.52517772116
-1.53259225707
-1.5399388868
-1.54721489218
-1.55441759586
-1.5615443619
-1.56859259637
-1.57555974791
-1.58244330822
-1.58924081258
-1.59594984031
-1.60256801522
-1.609093006
-1.6155225266
-1.62185433662
-1.62808624157
-1.63421609327
-1.64024179
-1.64616127687
-1.65197254595
-1.65767363649
-1.66326263513
-1.66873767597
-1.67409694077
-1.67933865899
-1.68446110787
-1.68946261251
-1.69434154586
-1.69909632874
-1.70372542984
-1.70822736563
-1.71260070036
-1.71684404595
-1.72095606189
-1.7249354551
-1.72878097987
-1.7324914376
-1.73606567672
-1.73950259242
-1.7428011265
-1.74596026715
-1.74897904867
-1.75185655124
-1.75459190067
-1.75718426809
-1.7596328697
-1.76193696642
-1.7640958636
-1.76610891069
-1.76797550091
-1.76969507087
-1.77126710028
-1.77269111149
-1.77396666923
-1.77509338011
-1.77607089235
-1.7768988953
-1.77757711906
-1.77810533412
-1.77848335089
-1.77871101933
-1.7787882285
-1.77871490619
-1.77849101843
-1.77811656912
-1.77759159958
-1.77691618814
-1.77609044969
-1.77511453526
-1.7739886316
-1.77271296077
-1.77128777966
-1.76971337962
-1.76799008603
-1.76611825786
-1.76409828725
-1.76193059914
-1.75961565081
-1.7571539315
-1.75454596201
-1.75179229428
-1.74889351104
-1.74585022537
-1.74266308035
-1.73933274867
-1.73585993229
-1.732245362
-1.72848979715
-1.72459402523
-1.72055886154
-1.71638514889
-1.71207375718
-1.70762558316
-1.70304155006
-1.69832260726
-1.69346973005
-1.68848391925
-1.68336620097
-1.6781176263
-1.67273927105
-1.66723223542
-1.66159764381
-1.6558366445
-1.64995040944
-1.64394013396
-1.63780703654
-1.63155235861
-1.62517736428
-1.61868334014
-1.612071595
-1.60534345976
-1.59850028712
-1.59154345142
-1.58447434843
-1.57729439518
-1.57000502974
-1.56260771105
-1.55510391875
-1.547495153
-1.53978293427
-1.53196880324
-1.52405432058
-1.51604106678
-1.50793064204
-1.49972466605
-1.49142477785
-1.4830326357
-1.47454991689
-1.46597831756
-1.45731955262
-1.44857535549
-1.43974747804
-1.43083769035
-1.4218477806
-1.41277955489
-1.40363483705
-1.39441546851
-1.38512330812
-1.37576023195
-1.36632813313
-1.35682892169
-1.34726452432
-1.33763688421
-1.32794796088
-1.31819972991
-1.3083941828
-1.29853332671
-1.28861918426
-1.2786537933
-1.26863920666
-1.25857749193
-1.24847073119
-1.23832102079
-1.228130471
-1.21790120585
-1.20763536274
-1.19733509222
-1.18700255764
-1.17663993487
-1.16624941194
-1.15583318877
-1.14539347677
-1.13493249849
-1.1244524873
-1.11395568697
-1.10344435131
-1.09292074376
-1.082387137
-1.07184581251
-1.06129906015
-1.05074917773
-1.04019847051
-1.02964925082
-1.01910383748
-1.00856455542
-0.998033735077
-0.987513711967
-0.977006826118
-0.966515421547
-0.956041845718
-0.945588448985
-0.935157584024
-0.924751605252
-0.914372868245
-0.904023729131
-0.893706543986
-0.883423668208
-0.87317745589
-0.862970259183
-0.852804427636
-0.842682307547
-0.832606241291
-0.822578566641
-0.812601616085
-0.802677716132
-0.79280918661
-0.782998339957
-0.773247480506
-0.763558903762
-0.753934895674
-0.744377731899
-0.734889677059
-0.725472984004
-0.716129893053
-0.706862631247
-0.697673411585
-0.688564432271
-0.679537875944
-0.670595908913
-0.661740680395
-0.652974321741
-0.644298945668
-0.635716645493
-0.627229494361
-0.618839544477
-0.610548826345
-0.602359347996
-0.594273094234
-0.586292025876
-0.578418078993
-0.570653164167
-0.562999165745
-0.555457941096
-0.548031319879
-0.540721103323
-0.5335290635
-0.526456942617
-0.519506452316
-0.512679272979
-0.505977053041
-0.499401408323
-0.492953921366
-0.486636140777
-0.480449580596
-0.474395719665
-0.468476001016
-0.462691831269
-0.457044580051
-0.451535579417
-0.446166123303
-0.44093746698
-0.43585082653
-0.430907378342
-0.42610825862
-0.42145456291
-0.416947345648
-0.41258761972
-0.408376356051
-0.404314483203
-0.400402886999
-0.396642410167
-0.393033852003
-0.389577968051
-0.386275469817
-0.383127024487
-0.380133254683
-0.37729473823
-0.374612007951
-0.372085551486
-0.369715811127
-0.367503183683
-0.365448020367
-0.363550626704
-0.361811262464
-0.360230141622
-0.358807432336
-0.357543256952
-0.356437692039
-0.355490768434
-0.354702471329
