-0.672441595579
-0.669108970143
-0.669080945498
-0.669033951703
-0.668967566507
-0.668881212238
-0.668774168894
-0.668645590424
-0.668494523817
-0.668319930525
-0.668120709724
-0.667895722851
-0.667643818835
-0.667363859434
-0.667054744073
-0.666715433623
-0.666344972566
-0.66594250905
-0.665507312405
-0.665038787723
-0.664536487249
-0.664000118336
-0.663429547879
-0.662824803198
-0.662186069432
-0.661513683636
-0.660808125809
-0.660070007206
-0.659300056338
-0.658499103132
-0.657668061766
-0.656807912746
-0.655919684797
-0.655004437154
-0.654063242829
-0.653097173402
-0.652107285857
-0.651094611905
-0.650060150206
-0.649004861779
-0.647929668855
-0.646835457289
-0.645723082569
-0.644593379368
-0.643447174453
-0.642285302711
-0.641108625908
-0.639918053763
-0.638714566799
-0.637499240394
-0.636273269403
-0.635037992662
-0.633794916712
-0.63254573801
-0.631292362985
-0.630036925248
-0.628781799373
-0.6275296107
-0.626283240676
-0.625045827363
-0.623820760826
-0.631643198613
-0.631249385678
-0.630810998944
-0.630327190394
-0.629798589824
-0.629227302335
-0.628616864799
-0.627972162698
-0.627299309898
-0.626605495017
-0.625898799002
-0.62518798941
-0.624482297514
-0.623791184895
-0.623124106437
-0.622490276742
-0.621898446849
-0.621356697806
-0.62087225711
-0.620451343303
-0.620099043148
-0.619819224801
-0.619614489242
-0.6194861611
-0.619434318722
-0.619457862177
-0.619554616651
-0.619721467624
-0.619954523215
-0.620249298206
-0.62060091359
-0.62100430499
-0.621454432959
-0.621946488144
-0.622476084385
-0.62303943318
-0.62363349352
-0.624256091804
-0.624906007481
-0.625583021098
-0.626287922605
-0.627022478989
-0.627789361592
-0.628592034739
-0.629434608531
-0.630321659823
-0.631258026459
-0.632248580723
-0.633297988723
-0.634410462937
-0.635589515502
-0.636837719908
-0.638156488638
-0.639545873953
-0.641004398443
-0.642528921188
-0.644114544419
-0.645754564492
-0.647440469699
-0.649161986183
-0.656464600029
-0.658363061996
-0.660145282685
-0.661799260643
-0.663313614424
-0.66467766005
-0.665881483057
-0.666916004537
-0.66777304061
-0.668445354862
-0.668926703282
-0.66921187137
-0.669296703087
-0.66917812144
-0.668854140529
-0.668323868986
-0.667587504793
-0.666646321536
-0.665502646235
-0.664159828968
-0.662622204551
-0.660895046618
-0.658984514525
-0.656897593522
-0.65464202873
-0.652226253488
-0.649659312692
-0.646950781783
-0.64411068207
-0.641149393126
-0.638077562976
-0.634906016857
-0.631645665308
-0.628307412351
-0.624902064553
-0.621440241699
-0.617932289831
-0.614388197359
-0.610817514938
-0.607229279753
-0.603631944834
-0.600033313953
-0.596440482631
-0.592859785712
-0.589296751899
-0.585756065611
-0.58224153642
-0.578756076297
-0.575301684798
-0.571879442282
-0.568489511141
-0.565131145015
-0.56180270583
-0.558501688486
-0.555224752912
-0.551967763188
-0.548725833325
-0.545493379287
-0.542264176747
-0.539031424049
-0.527988424099
-0.523928386583
-0.519879688177
-0.515839578479
-0.511804461494
-0.507769944875
-0.503730899407
-0.49968152801
-0.495615443433
-0.491525753662
-0.487405153976
-0.483246024473
-0.479040531826
-0.474780733958
-0.470458686265
-0.466066548023
-0.461596687582
-0.457041784958
-0.452394930502
-0.447649718311
-0.442800333187
-0.437841629973
-0.432769204228
-0.427579453306
-0.422269627044
-0.41683786738
-0.411283236394
-0.405605732407
-0.399806293933
-0.39388679145
-0.387850007108
-0.381699602668
-0.375440076105
-0.369076707481
-0.362615494816
-0.356063080836
-0.349426671584
-0.342713947988
-0.335932971596
-0.329092085714
-0.322199813299
-0.315264752947
-0.308295474381
-0.301300414812
-0.294287777545
-0.287265434176
-0.28024083165
-0.273220905398
-0.266211999683
-0.259219796175
-0.252249251664
-0.245304545705
-0.238389038836
-0.231505241877
-0.22465479666
-0.217838468399
-0.211056149734
-0.204306876353
-0.197588853905
-0.19089949582
-0.183138614252
-0.175295951592
-0.16749199417
-0.159738465833
-0.152046227904
-0.144425125706
-0.136883846858
-0.129429793341
-0.122068969189
-0.114805885485
-0.107643484119
-0.10058308155
-0.0936243335908
-0.0867652219267
-0.0800020628696
-0.0733295385187
-0.0667407502466
-0.0602272941245
-0.0537793576257
-0.0473858366572
-0.0410344717038
-0.0347120016039
-0.0284043332339
-0.0220967251519
-0.0157739830437
-0.00942066463711
-0.00302129159482
0.00343943422839
0.00997641287057
0.0166039294583
0.0233354413087
0.0301833717251
0.0371589132339
0.04427184293
0.0515303524907
0.0589408952697
0.0665080527103
0.0742344221069
0.0821205275101
0.090164755312
0.0983633157621
0.106710231364
0.115197352784
0.123814402566
0.132549046623
0.14138699311
0.150312117952
0.159306615963
0.168351176149
0.177425179476
0.186506917074
0.195573826577
0.204602744025
0.213570168525
0.222452536689
0.231226503664
0.23986922746
0.248358653206
0.256673793857
0.264795003933
0.251463640393
0.25793484641
0.264334127778
0.270665318704
0.276932783372
0.283141353282
0.289296265571
0.295403104024
0.30146774425
0.307496304123
0.313495100235
0.31947061073
0.325429444501
0.331378316338
0.337324027289
0.343273449175
0.349233511928
0.355211192239
0.361213501849
0.367247473784
0.37332014482
0.379438532583
0.385609605866
0.391840246942
0.398137205027
0.404507040329
0.410956058588
0.41749023638
0.424115137959
0.430835824805
0.437656759512
0.444581706022
0.451613628575
0.458754592036
0.466005666474
0.473366839019
0.48083693606
0.488413558828
0.496093035249
0.503870390717
0.51173934015
0.519692303219
0.527720444215
0.535813737424
0.543961058306
0.552150300113
0.560368514937
0.56860207753
0.576836869566
0.58505848146
0.593252428258
0.601404375669
0.609500371901
0.617527080652
0.625472010454
0.633323735446
0.641072102738
0.648708421678
0.656225630605
0.66361843712
0.662849486615
0.669961646323
0.677072562873
0.68418227105
0.691290773881
0.698398015614
0.7055038561
0.712608047646
0.719710215392
0.726809842178
0.733906258775
0.740998640185
0.748086008604
0.755167243395
0.762241098242
0.769306225406
0.776361206732
0.783404590845
0.790434935648
0.797450855045
0.804451068521
0.811434452044
0.818400088552
0.825347316183
0.832275772333
0.839185431608
0.846076635819
0.852950114295
0.859806992993
0.866648791185
0.873477404827
0.88029507614
0.887104349386
0.893908013292
0.900709031114
0.907510459813
0.914315360305
0.921126701207
0.927947258866
0.934779516784
0.941625567751
0.94848702211
0.955364925553
0.962259689723
0.969171038599
0.97609797329
0.98303875732
0.989990923901
0.996951306003
1.00391608925
1.01088088696
1.01784083572
1.0247907093
1.03172504782
1.03863829862
1.04552496455
1.05237975527
1.05919773665
1.06597447357
1.07270616113
1.08037876275
1.08846714388
1.0965030579
1.10446999233
1.1123522963
1.12013535118
1.12780572209
1.13535128953
1.14276136061
1.15002675984
1.15713990016
1.16409483469
1.17088729038
1.1775146848
1.18397612722
1.19027240539
1.1964059592
1.20238084231
1.20820267276
1.2138785732
1.21941710135
1.2248281709
1.23012296301
1.23531382833
1.24041417945
1.24543837341
1.2504015843
1.25531966566
1.26020900289
1.26508635589
1.2699686926
1.27487301434
1.27981617429
1.28481469084
1.28988455792
1.29504105477
1.30029855802
1.30567035901
1.31116848988
1.31680356147
1.32258461664
1.32851900214
1.33461226201
1.34086805528
1.34728810006
1.35387214581
1.36061797482
1.36752143329
1.37457649163
1.38177533315
1.38910846914
1.3965648781
1.40413216604
1.41179674432
1.41954402113
1.42735860226
1.43522449687
1.44312532379
1.45104451409
1.45896550581
1.45947779098
1.46592816958
1.47241469851
1.47893056243
1.48546836422
1.49202024016
1.49857798034
1.50513315231
1.51167722597
1.51820169807
1.52469821456
1.53115868917
1.53757541669
1.54394117966
1.55024934717
1.55649396451
1.56266983285
1.5687725777
1.57479870567
1.58074564855
1.58661179434
1.59239650474
1.59810011886
1.60372394315
1.60927022753
1.6147421282
1.62014365766
1.62547962259
1.63075555073
1.6359776078
1.64115250593
1.64628740515
1.65138980943
1.65646745927
1.66152822236
1.66657998431
1.67163054109
1.67668749476
1.68175815412
1.68684944148
1.69196780678
1.69711914982
1.70230875148
1.70754121413
1.71282041166
1.71814944904
1.72353063134
1.72896544189
1.73445452927
1.73999770264
1.74559393498
1.75124137392
1.7569373595
1.76267844885
1.76846044726
1.77427844558
1.78012686377
1.78599950057
1.79188958913
1.79778985866
1.802743296
1.80811147978
1.81347559715
1.81883292256
1.82418042334
1.82951481569
1.83483262783
1.84013026833
1.84540409767
1.85065050066
1.85586595744
1.86104711066
1.86619082668
1.87129424859
1.87635483939
1.88137041368
1.886339157
1.89125963199
1.89613077134
1.90095185784
1.90572249236
1.91044255098
1.915112133
1.91973150186
1.92430102116
1.92882108849
1.93329206936
1.93771423404
1.94208769959
1.94641237952
1.95068794293
1.95491378479
1.95908900861
1.96321242222
1.96728254692
1.97129763972
1.97525572808
1.97915465585
1.9829921389
1.98676582857
1.99047338075
1.99411252826
1.99768115407
2.00117736309
2.00459955006
2.00794646152
2.01121725
2.01441151882
2.01752935648
2.02057135973
2.02353864513
2.02643284906
2.02925611681
2.03201108146
2.03470083386
2.03732888498
2.0398991224
2.04241576249
2.04488330018
2.04730645788
2.05235036261
2.05499532788
2.05758808769
2.06012540165
2.06260438125
2.06502259426
2.06737816189
2.06966984664
2.07189712945
2.07406027461
2.07616038145
2.07819942208
2.08018026466
2.08210668209
2.08398334635
2.08581580901
2.08761046859
2.08937452588
2.09111592844
2.09284330579
2.09456589672
2.0962934706
2.09803624421
2.09980479595
2.10160997902
2.10346283523
2.10537451082
2.10735617562
2.10941894662
2.11157381685
2.11383159017
2.11620282241
2.11869776906
2.12132633943
2.12409805696
2.12702202539
2.13010690009
2.13336086385
2.13679160646
2.14040630708
2.14421161876
2.14821365427
2.1524179725
2.15682956497
2.16145284189
2.16629161765
2.17134909552
2.17662785175
2.18212981928
2.18785627174
2.19380780801
2.19998433859
2.20638507425
2.21300851825
2.21985246301
2.22691399233
2.23418949006
2.24167465627
2.24936453153
2.25725353007
2.27903872782
2.28566522796
2.29244877193
2.29939329402
2.30650256042
2.31378015934
2.32122949257
2.32885376825
2.33665599456
2.34463897386
2.35280529705
2.36115733772
2.36969724567
2.37842693956
2.38734809827
2.39646215097
2.40577026551
2.4152733354
2.42497196512
2.43486645434
2.44495678113
2.45524258466
2.46572314811
2.47639738229
2.48726381089
2.49832055816
2.50956533992
2.52099545883
2.53260780484
2.54439886169
2.55636472017
2.56850109888
2.580803373
2.59326661132
2.60588562171
2.61865500488
2.63156921607
2.64462263395
2.65780963594
2.67112467861
2.68456238184
2.69811761504
2.71178558345
2.72556191262
2.73944272881
2.75342473305
2.76750526666
2.78168236599
2.79595480425
2.81032211856
2.82478462041
2.83934338829
2.85400024123
2.86875769281
2.88361888524
2.89858750387
2.91366767285
2.92886383316
2.94418060473
2.95962263498
2.99898528435
3.01270067684
3.02653471091
3.04048947873
3.0545670796
3.0687697239
3.08309981204
3.0975599856
3.11215314828
3.12688245579
3.14175127429
3.15676310847
3.17192150076
3.18722990458
3.20269153484
3.21830920002
3.23408512045
3.25002073814
3.26611652365
3.28237178602
3.2987844915
3.31535109713
3.33206640479
3.34892344109
3.36591336806
3.38302542877
3.40024693151
3.41756327519
3.43495801758
3.45241298704
3.46990843734
3.48742324382
3.50493513817
3.52242097783
3.53985704498
3.55721936901
3.57448406559
3.5916276845
3.60862755796
3.6254621408
3.64211133366
3.65855678039
3.6747821313
3.69077326444
3.706518458
3.72200850777
3.73723678519
3.75219923277
3.76689429536
3.78132278739
3.79548769813
3.80939393855
3.82304803534
3.83645777899
3.84963183456
3.86257932474
3.87530939603
3.88783077929
3.90015135656
3.9122777458
3.92555525417
3.9400265313
3.95442175764
3.96870958992
3.9828543928
3.99681699102
4.01055545282
4.02402587002
4.03718310478
4.04998147911
4.0623753899
4.0743198398
4.08577088173
4.09668598177
4.10702431143
4.1167469851
4.12581726209
4.13420073415
4.14186551943
4.14878248182
4.15492549127
4.16027173547
4.16480208754
4.16850152735
4.17135960712
4.17337094496
4.17453572374
4.17486016725
4.17435696162
4.1730455877
4.17095252958
4.16811132615
4.16456243581
4.1603528904
4.15553572109
4.15016914811
4.14431553564
4.13804012366
4.13140955941
4.12449026117
4.11734665696
4.11003934909
4.10262326226
4.09514583776
4.08764533884
4.08014933234
4.0726734092
4.06522020144
4.05777874541
4.05032423166
4.04281816975
4.03520898294
4.02743303359
4.01941606452
4.01107502688
4.0023202501
3.99305789619
3.98319262837
3.97263041427
3.96128137643
3.96255895184
3.96806240478
3.97118401973
3.97112126517
3.96718484128
3.95882869425
3.94567382952
3.92752487661
3.90437868009
3.87642454422
3.84403612783
3.80775535395
3.76826904859
3.72637934012
3.6829691203
3.63896407857
3.5952929641
3.55284779883
3.51244575803
3.47479435226
3.44046139213
3.4098510008
3.3831866705
3.36050204913
3.34163980703
3.32625858599
3.31384768792
3.30374883508
3.29518403936
3.28728836918
3.27914620675
3.26982945547
3.25843608978
3.24412744149
3.22616268456
3.20392911227
3.17696698887
3.14498799429
3.10788655409
3.06574364662
3.01882299161
2.96755983692
2.91254286029
2.8544899779
2.7942190919
2.73261500447
2.67059387018
2.60906664555
2.54890302272
2.49089730238
2.43573757087
2.3839794034
2.33602512362
2.29210941926
2.25229185247
2.21645652243
2.18431884803
2.15543915196
2.12924245383
2.10504363241
2.08848356624
2.07233948331
2.05508985383
2.03548716899
2.0124405167
1.98507954196
1.95280340197
1.91531164699
1.87261518536
1.82502684471
1.77313242895
1.71774449445
1.65984223802
1.60050181765
1.54082205056
1.48185070345
1.42451648822
1.36957140874
1.31754730458
1.26872936423
1.22314811415
1.18059002408
1.1406255077
1.10265184224
1.0659474757
1.02973341459
0.993236945363
0.955752867812
0.916697711246
0.87565303473
0.832394827271
0.786907145949
0.739379367968
0.690187687128
0.63986265816
0.589045594131
0.538437379865
0.488743726681
0.440621035228
0.394626854829
0.351178456474
0.310522321467
0.272716455013
0.237626440721
0.204935138414
0.174164971101
0.144710914692
0.115881649212
0.0869458877327
0.0571806852368
0.0259185414106
-0.00740967010568
-0.0432385201873
-0.0818406374688
-0.123309547591
-0.167553510482
-0.214300467054
-0.263113580574
-0.313416295073
-0.364525354409
-0.411084051285
-0.462196398365
-0.510614760328
-0.555277606352
-0.59542858234
-0.630686705383
-0.661081419452
-0.687049216355
-0.709392336646
-0.729203758382
-0.747765879482
-0.76643269227
-0.786506625255
-0.809121490351
-0.835142143608
-0.865089670227
-0.899098351673
-0.936907633841
-0.977889088359
-1.02110524137
-1.06539440609
-1.10947352048
-1.15204962149
-1.19193007335
-1.22812202682
-1.25991276426
-1.28692445979
-1.30913927828
-1.32689343071
-1.34084155274
-1.35189533056
-1.36114243157
-1.36975331872
-1.37888430498
-1.3895851832
-1.40271897298
-1.41889986633
-1.43845350382
-1.46140149657
-1.4874698731
-1.51611910999
-1.54659179965
-1.57797295211
-1.60925747661
-1.63941951737
-1.66747892563
-1.69256108478
-1.71394738529
-1.73111469802
-1.74376307444
-1.75183152579
-1.75550207981
-1.75519243143
-1.75153748968
-1.74536010597
-1.73763137379
-1.7294212141
-1.72184054641
-1.71597716689
-1.71282841838
-1.74821519566
-1.75553923356
-1.76704289723
-1.78264632566
-1.80182509753
-1.82366642318
-1.84697182288
-1.87039379123
-1.89258951687
-1.91237250125
-1.92884320988
-1.94148266529
-1.95019778386
-1.95531361283
-1.95751458157
-1.95774350403
-1.95707246453
-1.95656316528
-1.9571353569
-1.95946049155
-1.96389395664
-1.97045370388
-1.9788465617
-1.98853691458
-1.99884666108
-2.00907120995
-2.01859429795
-2.02698486444
-2.03406201049
-2.03991879542
-2.04490160858
-2.04954826004
-2.05449386933
-2.0603582787
-2.06763144182
-2.07657367356
-2.08714574137
-2.09897979954
-2.11139666296
-2.12346863146
-2.13412085904
-2.14225894235
-2.14690668644
-2.14733637834
-2.14317457043
-2.13446925151
-2.12170898576
-2.10579051916
-2.08793772947
-2.06958082214
-2.05220959511
-2.03721780551
-2.02575678548
-2.01861535486
-2.01613992035
-2.01820384083
-2.0242292776
-2.03325855653
-2.04406629368
-2.05529886405
-2.08311871386
-2.09937810985
-2.11414325276
-2.12634940219
-2.13511741747
-2.13981301309
-2.14008202688
-2.13585992718
-2.12735675829
-2.11502134599
-2.09949051999
-2.08153013234
-2.06197468278
-2.04167147871
-2.0214336672
-2.00200448735
-1.98403305351
-1.9680602296
-1.95451195994
-1.94369693804
-1.93580574571
-1.9309094716
-1.92895710201
-1.92977238266
-1.93305207398
-1.93836830267
-1.94517786802
-1.95284083175
-1.96064956951
-1.96786787383
-1.97377793978
-1.97773144309
-1.97919973125
-1.97781761939
-1.9734155424
-1.9660358588
-1.95593080319
-1.9435417033
-1.92946130782
-1.91438308509
-1.89904285485
-1.88415889301
-1.87037660131
-1.85822299019
-1.84807473452
-1.84014167502
-1.83446565236
-1.83093277932
-1.82929593256
-1.82920354904
-1.83023079392
-1.83190976531
-1.83375644606
-1.83529336764
-1.83606815177
-1.83566900168
-1.83373865352
-1.82998819521
-1.82421155204
-1.81630046909
-1.79859839439
-1.78987547406
-1.77941826586
-1.76729705834
-1.75371423349
-1.73899278575
-1.72355277814
-1.70787764708
-1.69247339668
-1.6778245598
-1.66435125124
-1.652371638
-1.64207369602
-1.63349924998
-1.62654209085
-1.62096055617
-1.61640348783
-1.61244710446
-1.60863918654
-1.60454619131
-1.59979857536
-1.59412974208
-1.58740463572
-1.57963501295
-1.57097973338
-1.56172989004
-1.55228010026
-1.54308864577
-1.5346302546
-1.52734604781
-1.5215954631
-1.51761479195
-1.51548634745
-1.51512128387
-1.51625781576
-1.51847515994
-1.52122208661
-1.52385764961
-1.52570059341
-1.52608319738
-1.5244049778
-1.52018174335
-1.51308597208
-1.50297529015
-1.48990690003
-1.47413702165
-1.456105661
-1.43640819236
-1.41575623607
-1.39493105407
-1.3747331227
-1.35593165764
-1.33921767255
-1.32516368931
-1.31419254656
-1.30655694624
-1.30233051493
-1.30141031281
-1.30352996219
-1.3082819382
-1.46612570078
-1.46361998432
-1.46109121891
-1.45853853712
-1.45596106336
-1.45335791472
-1.4507282046
-1.44807104419
-1.4453855401
-1.44267079167
-1.43992589346
-1.43714994369
-1.43434205324
-1.43150134838
-1.42862696623
-1.42571804884
-1.42277374281
-1.41979320511
-1.41677560934
-1.41372014694
-1.41062602386
-1.40749245801
-1.40431868209
-1.40110395038
-1.39784754392
-1.39454876981
-1.39120695612
-1.38782144825
-1.38439161116
-1.38091683583
-1.37739654413
-1.37383018826
-1.37021724723
-1.36655722597
-1.36284965954
-1.35909411896
-1.35529021345
-1.35143758784
-1.34753591875
-1.34358491394
-1.33958431505
-1.33553390045
-1.33143348458
-1.32728291443
-1.32308206681
-1.31883084986
-1.31452920806
-1.31017712637
-1.30577463052
-1.30132178497
-1.29681869276
-1.29226549907
-1.28766239517
-1.283009618
-1.27830744481
-1.27355618736
-1.26875619053
-1.2639078353
-1.25901154181
-1.25406776847
-1.18030203063
-1.17599295539
-1.17168730678
-1.16738487408
-1.16308542785
-1.15878871939
-1.15449448116
-1.15020242777
-1.14591225615
-1.14162364485
-1.13733625388
-1.13304972597
-1.12876368797
-1.1244777515
-1.12019151375
-1.1159045591
-1.11161646079
-1.1073267812
-1.10303507116
-1.09874086986
-1.09444370548
-1.09014309521
-1.08583854426
-1.08152954499
-1.07721557689
-1.07289610626
-1.06857058475
-1.06423844811
-1.05989911654
-1.05555199642
-1.0511964819
-1.04683195646
-1.04245779536
-1.03807336869
-1.03367804346
-1.02927118406
-1.02485215242
-1.02042030885
-1.0159750129
-1.01151562288
-1.00704149484
-1.0025519822
-0.998046435344
-0.99352420013
-0.988984615414
-0.984427011626
-0.97985071112
-0.975255029349
-0.970639276179
-0.966002758222
-0.961344782694
-0.956664661372
-0.951961713001
-0.947235264459
-0.942484652024
-0.937709222696
-0.932908334331
-0.928081354574
-0.923227660019
-0.918346636189
-0.910786897828
-0.906089968472
-0.901363094403
-0.896604973458
-0.891814316679
-0.886989848139
-0.882130305424
-0.877234440056
-0.872301018283
-0.867328823603
-0.862316660853
-0.857263359676
-0.852167775961
-0.847028792107
-0.841845317386
-0.836616288124
-0.831340667202
-0.826017443981
-0.820645636185
-0.815224293197
-0.809752498671
-0.804229371669
-0.798654067431
-0.793025778463
-0.787343735147
-0.781607205569
-0.77581549597
-0.769967953017
-0.764063966737
-0.758102972162
-0.752084449511
-0.746007924186
-0.739872966836
-0.733679192676
-0.727426260377
-0.721113872377
-0.714741777363
-0.708309773344
-0.701817709506
-0.695265487067
-0.688653060018
-0.681980435354
-0.675247671913
-0.668454878759
-0.661602215135
-0.654689892357
-0.647718175904
-0.640687386487
-0.633597900711
-0.626450151824
-0.619244629629
-0.611981878882
-0.604662497588
-0.597287137133
-0.589856504015
-0.582371361426
-0.574832529996
-0.567240888443
-0.55959737409
-0.551902981933
-0.539163582773
-0.532033730791
-0.524889431085
-0.517731538907
-0.51056092611
-0.503378480432
-0.496185106261
-0.488981726509
-0.481769283855
-0.474548740771
-0.467321079334
-0.460087301317
-0.452848427539
-0.445605495903
-0.438359559438
-0.431111685808
-0.423862957856
-0.416614473923
-0.409367348026
-0.402122710876
-0.394881711359
-0.387645516807
-0.380415311489
-0.37319229462
-0.365977678917
-0.358772689078
-0.351578559656
-0.344396533437
-0.33722786164
-0.330073805344
-0.322935636476
-0.315814638019
-0.308712104371
-0.301629341819
-0.29456766781
-0.287528408666
-0.280512897297
-0.273522472231
-0.266558477424
-0.259622261875
-0.252715179567
-0.245838590661
-0.238993863158
-0.232182373242
-0.225405503935
-0.218664643375
-0.211961183393
-0.20529651761
-0.198672038852
-0.192089137359
-0.185549200977
-0.179053616462
-0.172603770334
-0.166201049196
-0.159846840356
-0.153542532287
-0.147289513502
-0.141089169875
-0.134942882121
-0.128852024586
-0.123040439119
-0.117294557805
-0.111615449244
-0.106004170366
-0.10046176686
-0.0949892726544
-0.0895877087627
-0.0842580829622
-0.0790013903842
-0.0738186135381
-0.0687107213021
-0.0636786682076
-0.0587233948181
-0.0538458280711
-0.0490468804725
-0.0443274489839
-0.0396884149326
-0.0351306444636
-0.0306549880905
-0.0262622794713
-0.021953334904
-0.0177289538308
-0.0135899189506
-0.00953699529593
-0.00557092951425
-0.00169245031585
0.00209773091107
0.00579892056504
0.00941044372974
0.0129316441221
0.0163618834044
0.0197005413512
0.0229470169653
0.0261007290779
0.0291611159502
0.0321276351898
0.034999764775
0.0377770040428
0.0404588734991
0.0430449142609
0.0455346884485
0.0479277800445
0.0502237947732
0.0524223591164
0.054523119973
0.0565257452772
0.058429924197
0.0602353662809
0.0619418008077
0.0635489773297
0.0650566664354
0.0664646594964
0.0677727680425
0.0689808241586
0.0700886815977
0.0710962161053
0.0720033248341
0.0728099262801
0.0735159612066
0.0741213932119
