-0.566809658235
-0.545826802201
-0.545851931373
-0.545893834429
-0.545952543036
-0.546028101555
-0.546120567066
-0.546230009401
-0.546356511174
-0.546500167825
-0.546661087654
-0.546839391856
-0.547035214557
-0.547248702836
-0.547480016743
-0.547729329298
-0.54799682648
-0.548282707195
-0.548587183216
-0.548910479103
-0.549252832088
-0.549614491929
-0.549995720721
-0.55039679267
-0.550817993819
-0.551259621724
-0.551721985078
-0.552205403277
-0.552710205927
-0.553236732283
-0.553785330633
-0.559038789613
-0.55960504913
-0.560192209766
-0.560800872858
-0.561431639762
-0.56208510973
-0.562761877733
-0.563462532239
-0.564187652954
-0.564937808514
-0.565713554153
-0.566515429329
-0.567343955337
-0.568199632885
-0.569082939665
-0.569994327908
-0.570934221931
-0.571903015685
-0.572901070306
-0.573928711678
-0.57498622801
-0.576073867438
-0.57719183565
-0.578340293558
-0.579519354995
-0.580729084475
-0.581969494997
-0.583240545919
-0.584542140891
-0.58587412587
-0.605431359282
-0.606724013015
-0.608029913638
-0.60934896181
-0.610681024413
-0.612025931673
-0.613383474329
-0.614753400857
-0.616135414756
-0.617529171922
-0.618934278103
-0.620350286462
-0.621776695251
-0.623212945606
-0.624658419483
-0.626112437735
-0.627574258344
-0.629043074821
-0.630518014774
-0.631998138662
-0.633482438741
-0.634969838202
-0.636459190517
-0.637949278998
-0.639438816564
-0.640926445736
-0.642410738855
-0.643890198525
-0.645363258291
-0.646828283545
-0.648509191075
-0.649773533891
-0.651004546866
-0.652200873912
-0.65336116828
-0.654484093326
-0.655568323255
-0.656612543857
-0.657615453232
-0.658575762489
-0.659492196447
-0.660363494313
-0.661188410346
-0.661965714514
-0.662694193132
-0.663372649488
-0.663999904457
-0.664574797101
-0.665096185258
-0.665562946117
-0.665973976776
-0.666328194801
-0.666624538756
-0.666861968735
-0.667039466874
-0.667156037855
-0.667210709397
-0.667202532736
-0.667130583096
-0.666993960147
-0.667796415015
-0.667956270412
-0.668043550054
-0.668057252496
-0.667996415835
-0.667860117916
-0.667647476478
-0.667357649261
-0.666989834058
-0.666543268717
-0.666017231106
-0.665411039022
-0.664724050071
-0.663955661499
-0.663105309991
-0.662172471427
-0.661156660614
-0.660057430979
-0.658874374237
-0.657607120026
-0.656255335529
-0.654818725058
-0.653297029631
-0.65169002652
-0.649997528791
-0.648219384825
-0.646355477826
-0.644405725325
-0.642370078667
-0.640248522498
-0.614789459117
-0.611693193524
-0.608511362359
-0.605246933479
-0.601902933665
-0.598482437783
-0.594988557871
-0.591424432193
-0.587793214286
-0.584098062062
-0.580342126974
-0.576528543305
-0.572660417611
-0.568740818346
-0.564772765718
-0.560759221798
-0.556703080924
-0.55260716043
-0.548474191725
-0.544306811766
-0.540107554934
-0.535878845353
-0.531622989681
-0.527342170374
-0.523038439471
-0.518713712898
-0.514369765329
-0.510008225593
-0.505630572667
-0.501238132249
-0.495494654947
-0.491766345421
-0.487947696163
-0.48403853729
-0.480038856655
-0.475948799992
-0.471768670387
-0.467498927102
-0.463140183741
-0.458693205784
-0.454158907491
-0.449538348202
-0.444832728039
-0.440043383044
-0.435171779777
-0.430219509384
-0.425188281187
-0.420079915809
-0.414896337876
-0.409639568328
-0.404311716373
-0.398914971132
-0.393451592995
-0.387923904755
-0.38233428253
-0.376685146549
-0.370978951813
-0.365218178694
-0.359405323512
-0.353542889125
-0.346591923814
-0.34036184138
-0.334085910319
-0.32776620648
-0.321404798963
-0.315003746104
-0.308565091517
-0.302090860201
-0.295583054722
-0.289043651476
-0.282474597049
-0.275877804677
-0.269255150815
-0.262608471821
-0.255939560775
-0.24925016442
-0.24254198025
-0.235816653745
-0.229075775753
-0.222320880043
-0.215553441007
-0.208774871546
-0.201986521122
-0.195189673992
-0.188385547623
-0.181575291293
-0.174759984881
-0.167940637845
-0.161118188394
-0.154293502858
-0.154668159551
-0.14797848939
-0.141263400961
-0.134523492411
-0.127759351016
-0.120971553136
-0.114160664218
-0.107327238823
-0.100471820691
-0.0935949428393
-0.0866971276919
-0.0797788872441
-0.0728407232554
-0.0658831274752
-0.0589065818982
-0.0519115590482
-0.0448985222907
-0.0378679261711
-0.0308202167798
-0.0237558321401
-0.0166752026201
-0.00957875136444
-0.00246689474724
0.00465995715824
0.011801400093
0.0189570351113
0.0261264680674
0.033309309091
0.0405051720544
0.0477136740326
0.0569877093744
0.0640863655327
0.0711912003719
0.0783016018193
0.0854169643947
0.0925366904519
0.09966019143
0.106786889106
0.113916216844
0.121047620823
0.128180561257
0.135314513569
0.142448969541
0.149583438412
0.15671744793
0.16385054534
0.170982298305
0.178112295765
0.185240148707
0.192365490856
0.199487979277
0.206607294885
0.213723142853
0.220835252923
0.227943379611
0.235047302305
0.242146825252
0.249241777441
0.25633201237
0.263417407704
0.260493827355
0.268423917304
0.276361159143
0.284304320291
0.292252159113
0.300203426424
0.308156867002
0.316111221124
0.324065226119
0.332017617934
0.339967132707
0.347912508352
0.355852486143
0.363785812308
0.371711239612
0.379627528945
0.387533450898
0.395427787333
0.403309332941
0.411176896782
0.419029303814
0.426865396396
0.434684035777
0.44248410355
0.45026450309
0.458024160957
0.465762028265
0.473477082026
0.481168326448
0.488834794201
0.496505208283
0.504152303255
0.511772721157
0.519365514275
0.526929765191
0.534464588042
0.541969129748
0.549442571184
0.556884128313
0.564293053281
0.571668635443
0.579010202361
0.586317120733
0.593588797272
0.600824679538
0.608024256696
0.615187060231
0.622312664592
0.629400687777
0.636450791857
0.643462683435
0.650436114034
0.657370880429
0.6642668249
0.67112383543
0.677941845821
0.684720835752
0.691460830759
0.698161902156
0.70482416687
0.700441666297
0.707089782542
0.713701753763
0.720277768332
0.726818061243
0.73332291398
0.739792654288
0.746227655872
0.752628338008
0.758995165071
0.765328645983
0.771629333571
0.777897823853
0.784134755236
0.79034080763
0.796516701492
0.802663196783
0.808781091848
0.814871222228
0.820934459385
0.826971709368
0.832983911397
0.838972036386
0.844937085396
0.850880088027
0.856802100747
0.86270420516
0.868587506225
0.874453130416
0.880302223833
0.888600671506
0.894821729717
0.901032611085
0.90723388345
0.91342611085
0.919609852758
0.925785663323
0.931954090614
0.938115675878
0.944270952803
0.95042044679
0.956564674234
0.962704141817
0.968839345812
0.974970771397
0.981098891986
0.987224168569
0.993347049068
0.999467967718
1.00558734445
1.01170558429
1.01782307682
1.02394019559
1.03005729757
1.03617472271
1.04229279336
1.04841181385
1.05453207005
1.06065382891
1.0667773381
1.05774345054
1.06384433588
1.06994171377
1.07603592668
1.08212730961
1.08821618956
1.09430288504
1.10038770556
1.10647095107
1.11255291158
1.11863386659
1.12471408469
1.13079382304
1.13687332699
1.14295282961
1.14903255126
1.1551126992
1.16119346718
1.16727503505
1.1733575684
1.1794412182
1.18552612048
1.191612396
1.19770014996
1.20378947174
1.20988043466
1.21597309576
1.2220674956
1.22816365817
1.23426159068
1.23185711386
1.23794906264
1.24403708049
1.25012110999
1.25620107995
1.26227690561
1.26834848884
1.27441571839
1.28047847026
1.28653660812
1.29258998376
1.29863843768
1.30468179966
1.31071988949
1.31675251768
1.32277948626
1.32880058964
1.33481561548
1.34082434567
1.34682655721
1.35282202327
1.35881051419
1.36479179843
1.3707656437
1.37673181789
1.38269009017
1.38864023196
1.39458201799
1.40051522722
1.40643964391
1.41224542357
1.41799990061
1.42375298685
1.42950477751
1.43525534923
1.44100475965
1.44675304702
1.45250022995
1.45824630715
1.46399125735
1.46973503932
1.47547759188
1.48121883412
1.48695866563
1.49269696685
1.49843359952
1.50416840714
1.50990121563
1.51563183394
1.52136005476
1.52708565538
1.53280839847
1.538528033
1.54424429518
1.54995690943
1.5556655894
1.56137003903
1.5670699536
1.57276502081
1.57845492195
1.58396159405
1.58950191444
1.59503282355
1.60055413125
1.60606566807
1.61156728659
1.61705886279
1.62254029718
1.62801151594
1.63347247171
1.63892314444
1.64436354191
1.64979370022
1.655213684
1.66062358659
1.66602352989
1.67141366422
1.67679416783
1.68216524641
1.68752713237
1.69288008393
1.69822438411
1.70356033964
1.7088882796
1.71420855411
1.71952153278
1.72482760322
1.73012716934
1.73542064969
1.7407084758
1.74094974982
1.74641288301
1.75187302085
1.75732989553
1.7627832442
1.76823281107
1.77367834969
1.77911962525
1.78455641694
1.78998852036
1.79541574989
1.80083794121
1.80625495374
1.81166667314
1.81707301376
1.82247392109
1.82786937422
1.83325938816
1.83864401614
1.84402335188
1.84939753164
1.85476673626
1.86013119301
1.8654911773
1.87084701423
1.87619907992
1.88154780273
1.88689366413
1.89223719953
1.8975789987
1.91646056444
1.92186622005
1.92727624927
1.93269129673
1.93811203815
1.94353918095
1.94897346456
1.95441566072
1.95986657351
1.96532703929
1.97079792638
1.97628013469
1.98177459501
1.98728226832
1.99280414471
1.99834124233
2.00389460604
2.00946530595
2.01505443582
2.02066311127
2.02629246793
2.03194365935
2.03761785495
2.0433162377
2.0490400019
2.0547903507
2.06056849374
2.0663756446
2.07221301833
2.07808182893
2.07951627998
2.08545389276
2.0914269246
2.09743668116
2.10348446243
2.10957156061
2.11569925818
2.12186882603
2.12808152177
2.13433858821
2.14064125198
2.14699072222
2.15338818955
2.15983482507
2.16633177954
2.17288018267
2.17948114254
2.18613574509
2.19284505368
2.19961010875
2.20643192747
2.2133115034
2.22024980611
2.22724778076
2.23430634758
2.24142640116
2.24860880967
2.25585441375
2.2631640253
2.27053842591
2.29630774691
2.3032512782
2.31021263109
2.31719286532
2.32419309933
2.33121450559
2.3382583059
2.34532576662
2.35241819403
2.35953692972
2.36668334615
2.3738588425
2.38106484067
2.38830278161
2.39557412198
2.40288033111
2.41022288821
2.41760328007
2.4250229989
2.4324835405
2.43998640277
2.44753308429
2.45512508317
2.46276389601
2.47045101683
2.47818793618
2.48597614003
2.49381710865
2.5017123153
2.5096632247
2.54563984898
2.55427461718
2.56295758809
2.57168840668
2.58046665979
2.5892918814
2.59816355796
2.60708113392
2.6160440172
2.62505158468
2.63410318751
2.64319815622
2.65233580559
2.66151543916
2.67073635332
2.67999784104
2.68929919508
2.69863971065
2.70801868766
2.71743543227
2.72688925804
2.73637948648
2.74590544705
2.75546647672
2.76506191903
2.77469112276
2.78435344015
2.79404822487
2.80377482968
2.81353260385
2.80748605438
2.81677677843
2.82609501533
2.83544082425
2.84481424374
2.8542152909
2.86364396049
2.87310022397
2.88258402846
2.89209529546
2.9016339195
2.91119976661
2.92079267246
2.93041244048
2.94005883957
2.94973160175
2.95943041949
2.96915494292
2.97890477681
2.98867947741
2.9984785492
3.00830144147
3.01814754498
3.02801618847
3.0379066353
3.04781808018
3.05774964597
3.06770038073
3.07766925494
3.08765515901
3.09635013779
3.10647195042
3.1166081689
3.12675473918
3.13690761034
3.14706276091
3.15721622351
3.16736410777
3.17750262141
3.18762808952
3.19773697195
3.20782587898
3.21789158521
3.22793104171
3.23794138667
3.24791995443
3.25786428298
3.26777212006
3.27764142772
3.28747038549
3.29725739199
3.30700106494
3.31670023959
3.32635396538
3.33596150064
3.34552230546
3.35503603239
3.36450251494
3.37392175386
3.38329390111
3.38870636323
3.39924426523
3.40976844153
3.42026798283
3.43073197429
3.44114957682
3.45151010632
3.46180311019
3.47201844065
3.48214632409
3.49217742599
3.50210291084
3.51191449641
3.52160450188
3.53116588928
3.54059229781
3.54987807047
3.5590182727
3.56800870268
3.57684589294
3.5855271032
3.59405030438
3.60241415374
3.61061796138
3.61866164847
3.62654569748
3.63427109516
3.64183926895
3.6492520176
3.65651143706
3.65332985005
3.66009603289
3.66654420886
3.67267031439
3.67847198892
3.68394849763
3.68910063324
3.69393060032
3.69844188623
3.7026391224
3.70652794009
3.71011482416
3.7134069686
3.71641213673
3.71913852894
3.72159466012
3.72378924844
3.72573111663
3.72742910618
3.72889200451
3.7301284844
3.73114705473
3.73195602076
3.73256345234
3.73297715764
3.73320466012
3.73325317631
3.73312959191
3.73284043377
3.73239183577
3.71289473689
3.71379935323
3.71448387605
3.71493638783
3.7151456517
3.7151012005
3.71479338449
3.71421337702
3.71335313867
3.71220534194
3.71076325996
3.70902062381
3.70697145427
3.70460987447
3.70192991077
3.69892528943
3.6955892369
3.6919142912
3.68789213181
3.68351343453
3.67876775706
3.67364346014
3.66812766762
3.66220626781
3.65586395694
3.64908432427
3.64184997691
3.63414270142
3.62594365777
3.61723360049
3.57796251281
3.56507229805
3.55169490484
3.53790249304
3.52376234269
3.5093332692
3.49466239162
3.47978241028
3.46470952692
3.44944211154
3.43396018595
3.41822575624
3.40218398751
3.38576517478
3.36888742715
3.35145994895
3.33338677359
3.31457078458
3.29491784428
3.2743408457
3.25276350574
3.23012372965
3.20637639606
3.18149543816
3.1554751288
3.12833051345
3.10009697406
3.07082894629
3.04059785114
3.00948933745
2.89027791303
2.86028049014
2.82996431225
2.79936396012
2.76851281487
2.7374424254
2.70618189446
2.67475729791
2.64319115082
2.61150193373
2.57970369094
2.54780571177
2.51581230362
2.4837226643
2.45153085869
2.41922590279
2.38679195587
2.35420861918
2.32145133714
2.28849189491
2.25529900388
2.22183896467
2.18807639537
2.15397501132
2.11949844119
2.08461106332
2.04927884571
2.01347017252
1.97715664019
1.94031380678
1.90081944583
1.86355430526
1.8258458597
1.78768011193
1.74904687986
1.70994014651
1.67035835046
1.6303046111
1.5897868845
1.54881804649
1.50741590098
1.46560311251
1.42340706378
1.38085963955
1.33799694023
1.29485892905
1.25148901847
1.20793360205
1.16424153919
1.12046360106
1.07665188652
1.03285921743
0.989138523301
0.945542225063
0.902121628124
0.858926334456
0.816003683216
0.773398228894
0.731151265257
0.689300402594
0.652769792681
0.615605509202
0.578683608828
0.541969715998
0.505432040684
0.469042330574
0.432776662062
0.396616044999
0.360546822688
0.324560855872
0.288655487111
0.252833289719
0.217101613112
0.181471943733
0.145959107313
0.110580344059
0.0753542930164
0.0402999253217
0.00543546812787
-0.0292226383844
-0.0636607093658
-0.0978686698114
-0.131840759732
-0.165576059498
-0.199078810975
-0.232358517123
-0.265429810432
-0.298312088708
-0.331028925016
-0.363607266745
-0.384473742221
-0.414234640636
-0.443887255469
-0.473455748133
-0.502961230631
-0.532421394046
-0.56185018622
-0.591257544266
-0.620649186721
-0.650026469268
-0.679386306918
-0.708721164487
-0.738019116104
-0.767263973305
-0.796435480146
-0.825509572608
-0.854458698488
-0.883252192875
-0.911856703397
-0.940236658505
-0.96835477131
-0.996172570875
-1.02365095233
-1.0507507369
-1.07743323264
-1.10366078687
-1.12939732117
-1.15460884033
-1.17926390701
-1.20333407452
-1.21282967885
-1.23737053086
-1.26147642052
-1.28508868386
-1.30814972627
-1.33060400715
-1.35239899717
-1.37348609173
-1.39382146552
-1.4133668534
-1.43209024463
-1.44996647846
-1.46697773103
-1.48311388508
-1.4983727761
-1.51276031061
-1.52629045411
-1.53898508884
-1.55087374341
-1.56199319848
-1.57238697507
-1.58210471363
-1.59120145428
-1.59973683007
-1.6077741866
-1.61537964273
-1.62262110791
-1.62956727264
-1.63628658867
-1.64284625607
-1.61590235517
-1.61796753124
-1.620542619
-1.62375778666
-1.62772465359
-1.6325342545
-1.63825542812
-1.64493366363
-1.65259042814
-1.66122298828
-1.67080472808
-1.68128595482
-1.69259517387
-1.70464080354
-1.71731329147
-1.73048758549
-1.7440259045
-1.75778074854
-1.77159808221
-1.78532062234
-1.79879115884
-1.81185583711
-1.82436733209
-1.83618784641
-1.84719186974
-1.85726864191
-1.86632426942
-1.87428345308
-1.88109079314
-1.88671164844
-1.83880807311
-1.84131369278
-1.8435732785
-1.8455991741
-1.84740384709
-1.84899965883
-1.85039864284
-1.85161229553
-1.85265138386
-1.85352577377
-1.85424428283
-1.85481456011
-1.85524299571
-1.85553466156
-1.8556932848
-1.85572125406
-1.85561965839
-1.85538835803
-1.85502608537
-1.85453057389
-1.85389871234
-1.8531267209
-1.85221034538
-1.85114506561
-1.84992631322
-1.84854969447
-1.84701121311
-1.84530748863
-1.84343596503
-1.84139510564
-1.82532367933
-1.82253634397
-1.81967381745
-1.81674511321
-1.81375872612
-1.81072257829
-1.8076439761
-1.80452957929
-1.80138538202
-1.79821670631
-1.79502820726
-1.79182388972
-1.78860713561
-1.78538074084
-1.78214696071
-1.77890756246
-1.77566388338
-1.77241689308
-1.76916725818
-1.76591540788
-1.76266159872
-1.75940597717
-1.75614863839
-1.75288968019
-1.74962925072
-1.74636758925
-1.74310505923
-1.73984217303
-1.73657960824
-1.73331821548
-1.71597960082
-1.71340665953
-1.71084961929
-1.70830330343
-1.70576263603
-1.70322270942
-1.70067884606
-1.69812665406
-1.69556207566
-1.69298142832
-1.69038143787
-1.6877592637
-1.68511251575
-1.68243926346
-1.6797380369
-1.67700782032
-1.67424803865
-1.67145853753
-1.66863955741
-1.6657917026
-1.66291590594
-1.66001339011
-1.65708562617
-1.65413429062
-1.65116122144
-1.64816837432
-1.64515777969
-1.6421315014
-1.63909159779
-1.63604008564
-1.60589190433
-1.60195332879
-1.59802687199
-1.59411377954
-1.59021532914
-1.5863328209
-1.58246756845
-1.57862089079
-1.57479410542
-1.57098852256
-1.56720544087
-1.56344614452
-1.55971190167
-1.55600396442
-1.55232356992
-1.54867194274
-1.54505029815
-1.54145984617
-1.53790179617
-1.53437736168
-1.53088776523
-1.52743424277
-1.52401804764
-1.5206404535
-1.51730275618
-1.51400627411
-1.51075234712
-1.50754233345
-1.50437760479
-1.50125953932
-1.50685498447
-1.50368524335
-1.50054072983
-1.49742150974
-1.49432763519
-1.49125914464
-1.48821606258
-1.48519839878
-1.48220614719
-1.47923928445
-1.47629776818
-1.47338153487
-1.47049049762
-1.46762454375
-1.46478353217
-1.46196729072
-1.45917561354
-1.45640825834
-1.45366494386
-1.45094534733
-1.44824910221
-1.44557579602
-1.44292496843
-1.4402961097
-1.43768865926
-1.43510200472
-1.43253548118
-1.42998837084
-1.42745990302
-1.42494925447
-1.42175884535
-1.4190245195
-1.41630270204
-1.41359242225
-1.41089265933
-1.40820234869
-1.40552038874
-1.40284564812
-1.4001769733
-1.39751319641
-1.39485314313
-1.39219564065
-1.38953952545
-1.38688365092
-1.38422689455
-1.38156816478
-1.37890640728
-1.37624061058
-1.37356981107
-1.37089309723
-1.36820961308
-1.36551856081
-1.36281920256
-1.3601108614
-1.35739292145
-1.35466482725
-1.35192608236
-1.34917624724
-1.34641493659
-1.34364181603
-1.34230032419
-1.33926299856
-1.33621640958
-1.3331601999
-1.33009404851
-1.32701767352
-1.32393083444
-1.32083333413
-1.31772502011
-1.31460578541
-1.3114755689
-1.30833435501
-1.30518217292
-1.30201909514
-1.29884523563
-1.29566074727
-1.29246581889
-1.28926067185
-1.2860455561
-1.28282074597
-1.27958653553
-1.27634323378
-1.27309115961
-1.26983063668
-1.26656198822
-1.26328553196
-1.26000157514
-1.25671040977
-1.25341230818
-1.25010751897
-1.24459383623
-1.24138396295
-1.23816596293
-1.23493994091
-1.23170599538
-1.22846421563
-1.22521467908
-1.22195744865
-1.21869257047
-1.21542007178
-1.21213995918
-1.20885221721
-1.20555680725
-1.2022536669
-1.19894270968
-1.19562382516
-1.19229687958
-1.18896171673
-1.18561815938
-1.18226601099
-1.17890505786
-1.17553507147
-1.17215581132
-1.1687670278
-1.16536846544
-1.16195986626
-1.1585409732
-1.1551115337
-1.15167130323
-1.1482200488
-1.13791325594
-1.1346274316
-1.13133561794
-1.12803772387
-1.12473366591
-1.12142336887
-1.11810676663
-1.11478380282
-1.11145443149
-1.10811861775
-1.10477633834
-1.10142758215
-1.09807235073
-1.09471065864
-1.0913425338
-1.08796801777
-1.08458716592
-1.08120004753
-1.07780674582
-1.07440735788
-1.07100199455
-1.06759078021
-1.06417385246
-1.0607513618
-1.05732347116
-1.05389035541
-1.05045220084
-1.04700920451
-1.04356157364
-1.04010952495
-1.03938532981
-1.03591915666
-1.03245132742
-1.02898193059
-1.02551105953
-1.0220388129
-1.01856529523
-1.01509061738
-1.011614897
-1.00813825896
-1.00466083577
-1.00118276791
-0.997704204227
-0.994225302134
-0.990746227899
-0.987267156801
-0.983788273252
-0.980309770858
-0.97683185241
-0.973354729807
-0.969878623918
-0.966403764355
-0.96293038919
-0.959458744588
-0.955989084371
-0.952521669515
-0.949056767569
-0.945594652017
-0.942135601579
-0.938679899452
-0.934367218234
-0.930968441597
-0.927576501034
-0.924191592477
-0.920813910165
-0.917443646929
-0.914080994462
-0.910726143567
-0.907379284386
-0.904040606605
-0.900710299624
-0.897388552706
-0.894075555088
-0.890771496065
-0.887476565033
-0.884190951501
-0.880914845068
-0.877648435359
-0.87439191193
-0.871145464133
-0.867909280948
-0.864683550779
-0.86146846122
-0.858264198779
-0.855070948585
-0.851888894055
-0.848718216539
-0.845559094939
-0.842411705307
-0.839276220421
-0.84198424354
-0.838898063995
-0.83582360636
-0.832760949404
-0.829710167618
-0.826671331248
-0.82364450633
-0.820629754721
-0.817627134102
-0.814636697978
-0.811658495666
-0.808692572252
-0.805738968551
-0.802797721037
-0.799868861764
-0.796952418275
-0.794048413493
-0.791156865614
-0.788277787982
-0.785411188971
-0.782557071861
-0.779715434721
-0.776886270305
-0.774069565949
-0.771265303498
-0.768473459243
-0.765694003886
-0.762926902528
-0.760172114693
-0.757429594378
-0.75470201437
-0.751648106244
-0.748605857673
-0.745575662223
-0.742557911615
-0.739552995111
-0.736561298902
-0.733583205494
-0.730619093097
-0.727669335023
-0.724734299082
-0.721814346997
-0.718909833833
-0.716021107427
-0.713148507848
-0.710292366867
-0.707453007451
-0.704630743265
-0.701825878212
-0.699038705976
-0.696269509602
-0.693518561086
-0.690786120994
-0.688072438095
-0.685377749024
-0.682702277956
-0.680046236308
-0.677409822453
-0.674793221459
-0.672196604841
-0.67093199424
-0.668348305834
-0.665780566354
-0.663228991197
-0.660693787276
-0.658175152616
-0.655673275973
-0.653188336458
-0.65072050318
-0.648269934897
-0.645836779691
-0.643421174651
-0.641023245573
-0.638643106679
-0.636280860349
-0.633936596876
-0.631610394232
-0.629302317854
-0.627012420454
-0.624740741841
-0.622487308764
-0.620252134776
-0.618035220122
-0.615836551636
-0.613656102669
-0.611493833038
-0.609349688986
-0.607223603178
-0.605115494706
-0.603025269122
-0.609172719929
-0.607134794606
-0.605110548907
-0.603099801361
-0.601102362048
-0.599118032825
-0.597146607558
-0.595187872385
-0.593241605985
-0.591307579863
-0.589385558657
-0.587475300456
-0.585576557129
-0.583689074679
-0.581812593599
-0.579946849248
-0.578091572239
-0.576246488838
-0.574411321376
-0.572585788667
-0.570769606443
-0.568962487798
-0.567164143631
-0.565374283111
-0.563592614141
-0.561818843828
-0.560052678964
-0.558293826506
-0.556541994065
-0.554796890399
