-0.566809658235
-0.553513966886
-0.553540990043
-0.553585964581
-0.55364879495
-0.553729348453
-0.553827456309
-0.553942915011
-0.554075487975
-0.554224907467
-0.554390876798
-0.554573072781
-0.554771148429
-0.55498473589
-0.555213449596
-0.55545688961
-0.555714645164
-0.55598629835
-0.556271427969
-0.556569613489
-0.556880439124
-0.545390676719
-0.545509319638
-0.545640906693
-0.545787007922
-0.545949249149
-0.546129306209
-0.54632889892
-0.546549784812
-0.546793752647
-0.54706261573
-0.547358205044
-0.547682362235
-0.548036932455
-0.5484237571
-0.548844666462
-0.54930147231
-0.549795960446
-0.550329883237
-0.550904952161
-0.551522830394
-0.55456258465
-0.555132569697
-0.555744601653
-0.556400418253
-0.557101671201
-0.557849918908
-0.558646619558
-0.559493124539
-0.560390672245
-0.561340382274
-0.562343250047
-0.563400141842
-0.56451179028
-0.565678790252
-0.566901595315
-0.568180514546
-0.569515709872
-0.570907193866
-0.572354828029
-0.573858321527
-0.606600818907
-0.608664307496
-0.610739679073
-0.612825277998
-0.614919401218
-0.617020299967
-0.619126181627
-0.621235211758
-0.623345516273
-0.625455183762
-0.627562267964
-0.62966479037
-0.631760742947
-0.633848090986
-0.635924776056
-0.637988719055
-0.640037823348
-0.642069977981
-0.644083060966
-0.646074942607
-0.647896341363
-0.649501495613
-0.651076911605
-0.652622824282
-0.654139509121
-0.655627272729
-0.657086443084
-0.658517359454
-0.65992036208
-0.661295781672
-0.662643928812
-0.663965083313
-0.665259483616
-0.666527316299
-0.667768705773
-0.668983704227
-0.670172281904
-0.671334317776
-0.672469590681
-0.673577770998
-0.658364774848
-0.659340991899
-0.660279101661
-0.661177067641
-0.662032806833
-0.662844194375
-0.663609068444
-0.664325235387
-0.664990475049
-0.665602546293
-0.666159192694
-0.666658148365
-0.667097143917
-0.66747391252
-0.667786196034
-0.668031751207
-0.668208355891
-0.668313815281
-0.668345968121
-0.668302692885
-0.661453650621
-0.661457626287
-0.661398153345
-0.661273534871
-0.66108209643
-0.660822189554
-0.660492195193
-0.660090527138
-0.659615635396
-0.659066009513
-0.658440181836
-0.657736730697
-0.656954283511
-0.656091519786
-0.655147174025
-0.654120038519
-0.653008966011
-0.651812872238
-0.650530738332
-0.649161613068
-0.64573399862
-0.644159237682
-0.642500881556
-0.640758374712
-0.638931211732
-0.637018938093
-0.635021150849
-0.632937499229
-0.630767685133
-0.628511463528
-0.626168642748
-0.623739084702
-0.621222704968
-0.618619472806
-0.615929411059
-0.613152595961
-0.610289156856
-0.607339275809
-0.60430318713
-0.60118117681
-0.592824776734
-0.589494893401
-0.586081629833
-0.582585789045
-0.579008210321
-0.575349766614
-0.571611361947
-0.567793928825
-0.563898425669
-0.55992583428
-0.555877157335
-0.551753415941
-0.547555647242
-0.543284902091
-0.538942242793
-0.534528740937
-0.530045475301
-0.525493529868
-0.520873991925
-0.516187950283
-0.476135417213
-0.472191037434
-0.468189078108
-0.464128324296
-0.460007594925
-0.455825748735
-0.451581690128
-0.447274374892
-0.442902815772
-0.438466087871
-0.433963333864
-0.429393768996
-0.424756685849
-0.420051458868
-0.415277548605
-0.410434505694
-0.405521974516
-0.400539696557
-0.395487513433
-0.390365369581
-0.374124968377
-0.368921232296
-0.363691333636
-0.358435638136
-0.353154428585
-0.347847903995
-0.342516179378
-0.337159286136
-0.331777173062
-0.326369707963
-0.320936679877
-0.315477801908
-0.309992714625
-0.304480990039
-0.29894213612
-0.293375601822
-0.287780782602
-0.282157026381
-0.276503639922
-0.270819895571
-0.250466235969
-0.244809760299
-0.239148016861
-0.233480378766
-0.227806150497
-0.222124572183
-0.216434824067
-0.210736031167
-0.205027268116
-0.199307564145
-0.193575908208
-0.187831254221
-0.182072526393
-0.176298624637
-0.170508430033
-0.164700810328
-0.158874625447
-0.153028733002
-0.147161993769
-0.141273277121
-0.131511889349
-0.125099352866
-0.118676167024
-0.112242837201
-0.10579984082
-0.0993476268369
-0.0928866153248
-0.0864171971745
-0.0799397338996
-0.0734545575571
-0.0669619707837
-0.0604622469499
-0.0539556304331
-0.0474423370101
-0.0409225543699
-0.034396442745
-0.0278641356612
-0.0213257408025
-0.0147813409906
-0.00823099527402
-0.00627119084068
0.000385499548967
0.00705408724689
0.0137341842362
0.0204254119185
0.0271274012653
0.0338397929513
0.0405622374685
0.0472943952205
0.0540359365939
0.0607865420082
0.0675459019401
0.0743137169241
0.0810896975264
0.0878735642928
0.0946650476699
0.101463887899
0.108269834882
0.115082648022
0.121902096036
0.122097554406
0.128863307045
0.135639666947
0.142426425846
0.149223379856
0.156030329016
0.162847076844
0.16967342989
0.176509197295
0.183354190357
0.190208222105
0.197071106883
0.20394265994
0.21082269704
0.217711034071
0.224607486682
0.231511869924
0.238423997908
0.245343683484
0.252270737934
0.259344819029
0.266424395458
0.273509009692
0.280598203388
0.2876915179
0.294788494815
0.301888676505
0.308991606697
0.316096831057
0.32320389779
0.330312358247
0.337421767545
0.344531685193
0.351641675717
0.358751309299
0.365860162403
0.372967818408
0.380073868238
0.387177910973
0.394279554464
0.401240744231
0.408199639958
0.41515605739
0.422109817496
0.42906074659
0.436008676445
0.442953444403
0.449894893486
0.4568328725
0.463767236133
0.470697845057
0.477624566008
0.484547271884
0.491465841815
0.49838016124
0.505290121978
0.512195622283
0.519096566904
0.525992867128
0.532884440822
0.531702123256
0.538519063072
0.545335926982
0.552152518529
0.558968639038
0.565784087963
0.572598663232
0.579412161597
0.586224378977
0.593035110803
0.599844152365
0.606651299142
0.613456347144
0.620259093229
0.627059335429
0.633856873261
0.640651508024
0.647443043096
0.654231284211
0.661016039733
0.666211143883
0.672938367438
0.679662829619
0.686384573689
0.693103640405
0.699820067684
0.706533890266
0.713245139381
0.719953842427
0.726660022652
0.73336369884
0.740064885023
0.746763590195
0.753459818046
0.760153566715
0.766844828558
0.773533589941
0.780219831049
0.786903525719
0.793584641293
0.79186463704
0.798464277924
0.805061786218
0.811657257682
0.818250784846
0.824842456801
0.831432358992
0.838020573005
0.84460717636
0.851192242297
0.85777583957
0.864358032233
0.870938879435
0.877518435204
0.884096748245
0.89067386173
0.897249813095
0.903824633837
0.910398349318
0.916970978569
0.920366428115
0.926791952233
0.933213676054
0.939631659389
0.946045959995
0.952456633424
0.958863732864
0.96526730898
0.971667409744
0.978064080269
0.984457362626
0.99084729567
0.997233914851
1.00361725203
1.0099973353
1.01637418876
1.02274783239
1.02911828181
1.03548554809
1.04184963764
1.04289216807
1.04922470867
1.05555788023
1.06189189868
1.06822697043
1.07456329148
1.08090104665
1.08724040875
1.09358153779
1.09992458024
1.10626966831
1.11261691924
1.11896643461
1.1253182998
1.13167258334
1.13802933641
1.14438859234
1.15075036621
1.15711465445
1.16348143448
1.16661163389
1.17299468364
1.1793797198
1.185766126
1.19215326599
1.19854048579
1.20492711584
1.21131247323
1.21769586394
1.22407658506
1.23045392709
1.2368271762
1.24319561648
1.24955853224
1.25591521016
1.26226494159
1.26860702462
1.27494076629
1.28126548459
1.28758051048
1.28569823931
1.29182771152
1.29794871629
1.30406137805
1.31016582865
1.31626220684
1.32235065775
1.32843133234
1.33450438676
1.34056998172
1.34662828186
1.352679455
1.35872367149
1.36476110343
1.37079192395
1.37681630644
1.3828344238
1.38884644771
1.39485254781
1.40085289101
1.40694643089
1.41299507077
1.41903272104
1.42505946793
1.43107539741
1.43708059393
1.44307513934
1.44905911183
1.45503258486
1.46099562624
1.46694829728
1.47289065196
1.47882273622
1.48474458735
1.49065623347
1.4965576931
1.50244897479
1.50833007698
1.5142009878
1.5200616851
1.51877335312
1.52453453665
1.53028277863
1.53601808825
1.54174047596
1.54744995413
1.5531465378
1.55883024549
1.56450109999
1.57015912931
1.5758043676
1.58143685614
1.58705664432
1.59266379075
1.59825836425
1.60384044499
1.60941012555
1.61496751205
1.62051272521
1.62604590146
1.62405657364
1.62961170774
1.63515450156
1.64068527584
1.64620437849
1.65171218489
1.65720909818
1.6626955495
1.66817199812
1.67363893156
1.67909686559
1.68454634421
1.68998793947
1.69542225131
1.70084990724
1.70627156195
1.71168789685
1.71709961954
1.72250746314
1.72791218558
1.73759465479
1.74311032178
1.74862910376
1.75415177332
1.75967911526
1.76521192542
1.77075100946
1.77629718161
1.78185126337
1.7874140822
1.79298647011
1.79856926233
1.80416329587
1.80976940809
1.81538843532
1.82102121141
1.8266685663
1.83233132469
1.8380103046
1.84370631612
1.84665221643
1.8527079888
1.85878337202
1.86487756769
1.87098975853
1.87711911301
1.88326479018
1.88942594439
1.8956017302
1.90179130717
1.9079938447
1.91420852687
1.92043455716
1.92667116312
1.93291760101
1.93917316023
1.94543716771
1.95170899211
1.95798804785
1.96427379901
1.97458306837
1.98093653704
1.98730818424
1.99369758124
2.00010432398
2.00652803688
2.0129683765
2.01942503503
2.02589774359
2.03238627529
2.03889044818
2.04541012788
2.05194523009
2.05849572278
2.06506162822
2.07164302479
2.07824004849
2.08485289428
2.0914818172
2.09812713319
2.1104739333
2.11699599297
2.1235242411
2.13005954629
2.1366028624
2.14315522708
2.1497177601
2.15629166131
2.16287820832
2.16947875391
2.1760947231
2.18272760988
2.18937897363
2.1960504352
2.2027436726
2.20946041641
2.21620244482
2.22297157832
2.22976967407
2.23659862002
2.24780288496
2.25450441364
2.26124415558
2.2680244566
2.2748476447
2.28171602111
2.28863185143
2.29559735694
2.30261470596
2.3096860056
2.31681329365
2.32399853086
2.33124359357
2.33855026677
2.34592023756
2.35335508916
2.36085629538
2.36842521565
2.3760630906
2.38377103827
2.39158472358
2.39960465993
2.40768585029
2.41582863648
2.42403329904
2.43230005571
2.4406290599
2.44902039929
2.45747409443
2.46599009755
2.47456829139
2.48320848818
2.49191042889
2.50067378244
2.50949814533
2.51838304124
2.527327921
2.5363321627
2.545395072
2.55451588273
2.56635398007
2.57576716855
2.58522945081
2.59473905556
2.60429416612
2.61389292575
2.62353344326
2.63321379871
2.6429320493
2.65268623532
2.6624743861
2.67229452605
2.68214468053
2.69202288165
2.70192717396
2.71185561985
2.72180630479
2.73177734216
2.74176687791
2.75177309472
2.76689444439
2.7768161498
2.78675624773
2.79671316171
2.80668530691
2.81667109577
2.8266689443
2.83667727864
2.84669454209
2.85671920232
2.86674975881
2.87678475027
2.88682276208
2.8968624335
2.90690246462
2.91694162288
2.92697874914
2.93701276302
2.94704266757
2.95706755307
2.95837759366
2.96808783769
2.97778457042
2.98746672156
2.99713322412
3.00678301382
3.01641502908
3.02602821157
3.03562150733
3.04519386861
3.0547442563
3.06427164299
3.07377501666
3.08325338486
3.09270577938
3.10213126137
3.11152892665
3.12089791138
3.13023739765
3.13954661919
3.14920740906
3.1585597279
3.16787989584
3.17716703357
3.18642034834
3.19563913475
3.20482277425
3.21397073367
3.22308256283
3.23215789126
3.24119642423
3.2501979381
3.2591622752
3.26808933811
3.27697908365
3.2858315164
3.29464668189
3.30342465953
3.3121655551
3.320869493
3.32325589287
3.33181811897
3.3403209372
3.34876306392
3.35714329232
3.36546049557
3.37371362895
3.38190173071
3.39002392177
3.39807940407
3.40606745764
3.41398743631
3.42183876207
3.42962091822
3.43733344113
3.44497591086
3.45254794058
3.46004916496
3.46747922744
3.47483776678
3.47558071102
3.48267899539
3.48972757834
3.49672728443
3.50367849779
3.51058112932
3.51743458903
3.52423776399
3.53098900222
3.5376861025
3.54432631055
3.55090632129
3.55742228738
3.56386983385
3.57024407857
3.5765396584
3.58275076066
3.58887115936
3.59489425596
3.60081312391
3.59070863647
3.59577469631
3.600644797
3.6053166358
3.60978884169
3.61406097633
3.61813351387
3.62200779911
3.62568598394
3.62917094291
3.63246616866
3.6355756492
3.63850372894
3.64125495607
3.64383391925
3.64624507706
3.64849258337
3.65058011285
3.65251068992
3.65428652529
3.65561753317
3.65781669784
3.65980052268
3.66154297522
3.66301983263
3.66420941713
3.66509323168
3.66565647433
3.66588841336
3.66578260997
3.66533697978
3.66455368976
3.66343889216
3.66200230241
3.66025663296
3.65821689973
3.65589962187
3.6533219396
3.65050067733
3.64745138174
3.64193114438
3.63906806576
3.63582440332
3.632190396
3.62815405956
3.6237009735
3.61881419003
3.61347427398
3.60765947788
3.60134605082
3.59450867465
3.58712101579
3.57915637616
3.57058842229
3.56139196815
3.55154378444
3.54102340497
3.5298139003
3.51790258871
3.50528165606
3.47470011781
3.45741950004
3.43957684527
3.4212547931
3.40253578982
3.38349988652
3.36422258904
3.34477282367
3.32521108001
3.30558778733
3.28594197426
3.26630025364
3.24667616477
3.22706989469
3.20746838891
3.18784585039
3.16816461359
3.14837636931
3.12842370514
3.1082419166
3.08586908425
3.06320956103
3.04005344816
3.01637307262
2.99214367829
2.96734426356
2.94195832139
2.91597446266
2.88938690687
2.86219582717
2.83440754023
2.80603453542
2.77709534128
2.74761423169
2.71762077765
2.68714925458
2.65623791872
2.62492816931
2.59326361629
2.56128907576
2.48433097662
2.45299973918
2.42136498535
2.38943416042
2.35721425557
2.32471172516
2.29193241837
2.25888152715
2.2255635517
2.19198228478
2.1581408153
2.12404155145
2.08968626316
2.05507614311
2.02021188539
1.98509378013
1.94972182249
1.91409583364
1.87821559156
1.84208096882
1.8048874387
1.76763389018
1.73027156004
1.69280657033
1.65524400176
1.61758781461
1.57984078989
1.54200449514
1.50407927873
1.46606429601
1.42795756989
1.38975608738
1.35145593301
1.31305245844
1.27454048705
1.23591455079
1.19716915559
1.15829907049
1.11929963495
1.08016707758
1.01964206796
0.979732612368
0.939628571925
0.89935224142
0.858929832673
0.818391003463
0.777768306662
0.737096575007
0.696412258685
0.655752734156
0.615155603372
0.574658002737
0.534295940698
0.494103681955
0.454113194731
0.414353675593
0.374851163858
0.335628254893
0.296703918528
0.258093425594
0.285236517025
0.247453577735
0.20986132917
0.172468061593
0.135281765444
0.0983107104701
0.061563991276
0.0250520100085
-0.0112131300501
-0.0472173419984
-0.0829444007799
-0.118375927495
-0.153491517025
-0.188269006743
-0.222684877483
-0.2567147716
-0.290334107292
-0.32351876347
-0.356245805709
-0.388494221238
-0.427302549543
-0.463690868723
-0.499846634017
-0.535700902601
-0.571182778282
-0.606220721761
-0.640743865787
-0.67468330273
-0.707973313569
-0.740552509525
-0.772364860661
-0.803360589458
-0.833496911668
-0.862738611376
-0.891058442156
-0.918437351228
-0.944864528495
-0.970337287131
-0.994860786834
-1.0184476148
-1.00162121932
-1.02479317129
-1.04723060279
-1.06894752195
-1.08996220177
-1.11029705368
-1.12997844501
-1.1490364606
-1.16750461006
-1.18541948262
-1.20282035291
-1.21974874166
-1.23624793631
-1.2523624773
-1.26813761672
-1.2836187565
-1.2988508741
-1.31387794403
-1.32874236389
-1.34348439382
-1.33697454137
-1.34864747766
-1.36017593079
-1.37168418805
-1.38329107776
-1.39510431368
-1.40721526461
-1.41969448755
-1.4325883196
-1.44591675909
-1.45967278483
-1.47382316984
-1.48831074779
-1.50305799491
-1.51797170303
-1.53294844706
-1.54788049861
-1.56266180841
-1.57719367838
-1.59138976713
-1.58193286873
-1.59213746907
-1.60224204265
-1.61227807827
-1.62227188569
-1.63224372189
-1.64220707861
-1.65216815194
-1.66212551019
-1.67206997089
-1.68198469231
-1.69184547941
-1.70162129815
-1.71127498679
-1.72076414746
-1.73004219643
-1.73905954706
-1.74776489605
-1.75610658028
-1.76403396982
-1.7624197324
-1.76641035271
-1.76999624424
-1.77320907534
-1.77608228167
-1.77865050925
-1.78094905376
-1.78301330625
-1.7848782151
-1.78657777335
-1.78814453947
-1.78960919881
-1.79100017185
-1.79234327411
-1.79366143154
-1.79497445386
-1.79629886737
-1.79764780718
-1.79903096835
-1.80045461391
-1.78657697413
-1.78691915212
-1.78720587928
-1.78744908525
-1.78765953584
-1.78784678705
-1.78801915397
-1.78818369382
-1.78834620244
-1.78851122317
-1.78868206728
-1.78886084488
-1.78904850545
-1.78924488704
-1.78944877331
-1.78965795762
-1.7898693136
-1.79007887142
-1.79028189934
-1.79047298997
-1.78237207288
-1.78074731222
-1.77909024459
-1.77740534396
-1.77569708115
-1.77396996081
-1.77222855099
-1.77047750428
-1.76872156956
-1.76696559395
-1.76521451473
-1.76347334125
-1.76174712744
-1.76004093538
-1.75835979104
-1.75670863331
-1.75509225758
-1.75351525542
-1.75198195165
-1.75049634047
-1.74362351509
-1.74173488359
-1.73991129329
-1.7381572705
-1.73647653457
-1.7348719559
-1.73334552065
-1.73189830233
-1.73053044049
-1.72924112695
-1.72802859928
-1.72689014194
-1.72582209475
-1.72481986876
-1.72387796921
-1.72299002547
-1.72214882762
-1.72134636932
-1.72057389673
-1.71982196299
-1.71773299084
-1.71660698033
-1.71543869998
-1.7142205002
-1.71294467859
-1.71160353129
-1.71018940489
-1.70869474847
-1.7071121654
-1.70543446441
-1.70365470956
-1.70176626876
-1.69976286028
-1.69763859706
-1.69538802829
-1.69300617799
-1.69048858032
-1.68783131112
-1.6850310157
-1.68208493234
-1.64360647764
-1.63996135902
-1.63628454247
-1.63257717686
-1.62884048115
-1.62507575552
-1.62128439245
-1.61746788728
-1.61362784798
-1.60976600374
-1.6058842121
-1.60198446436
-1.59806888902
-1.59413975307
-1.59019946096
-1.5862505512
-1.58229569054
-1.57833766573
-1.57437937298
-1.57042380514
-1.56393243582
-1.56015435803
-1.55640152959
-1.5526770451
-1.54898384002
-1.54532466817
-1.54170208024
-1.53811840356
-1.53457572332
-1.53107586535
-1.52762038076
-1.5242105324
-1.52084728352
-1.51753128856
-1.51426288634
-1.51104209559
-1.50786861313
-1.50474181454
-1.50166075749
-1.49862418768
-1.50749784141
-1.50381699766
-1.50011831996
-1.49640328286
-1.49267349296
-1.48893067489
-1.48517665626
-1.48141335187
-1.47764274716
-1.47386688121
-1.47008782939
-1.46630768577
-1.46252854561
-1.45875248798
-1.45498155865
-1.45121775352
-1.44746300272
-1.44371915544
-1.43998796579
-1.43627107979
-1.42715497447
-1.42350784599
-1.41987755867
-1.41626526522
-1.41267209288
-1.40909913549
-1.40554744581
-1.40201802818
-1.39851183167
-1.39502974387
-1.39157258529
-1.38814110456
-1.38473597445
-1.38135778878
-1.37800706016
-1.37468421867
-1.37138961138
-1.36812350277
-1.36488607581
-1.36167743393
-1.36886855069
-1.36567671955
-1.36249691109
-1.35932852408
-1.35617093674
-1.35302350684
-1.34988557217
-1.34675645143
-1.34363544556
-1.34052183943
-1.33741490412
-1.33431389956
-1.33121807753
-1.32812668523
-1.325038969
-1.32195417847
-1.31887157089
-1.31579041565
-1.31270999888
-1.30962962809
-1.30377158806
-1.30034478188
-1.29692525956
-1.2935132318
-1.29010890026
-1.28671245688
-1.2833240831
-1.27994394902
-1.27657221258
-1.27320901857
-1.26985449779
-1.26650876605
-1.26317192329
-1.25984405268
-1.25652521976
-1.25321547171
-1.24991483659
-1.24662332278
-1.24334091847
-1.24006759127
-1.23247724527
-1.22906924922
-1.22566465727
-1.22226353269
-1.21886592588
-1.2154718747
-1.21208140489
-1.20869453059
-1.20531125488
-1.20193157051
-1.19855546054
-1.19518289916
-1.19181385249
-1.18844827941
-1.18508613249
-1.18172735877
-1.17837190075
-1.17501969717
-1.17167068394
-1.16832479489
-1.16895858226
-1.1656401354
-1.16231973845
-1.15899746092
-1.15567337591
-1.15234756004
-1.14902009323
-1.14569105852
-1.14236054192
-1.13902863217
-1.13569542051
-1.13236100051
-1.1290254678
-1.12568891985
-1.12235145579
-1.11901317614
-1.11567418262
-1.11233457798
-1.10899446579
-1.10565395027
-1.09911903035
-1.09584079501
-1.09256068983
-1.08927871514
-1.08599487252
-1.0827091653
-1.07942159917
-1.07613218272
-1.07284092802
-1.06954785114
-1.06625297266
-1.06295631817
-1.05965791868
-1.05635781102
-1.0530560382
-1.04975264968
-1.04644770168
-1.04314125741
-1.03983338724
-1.03652416889
-1.03456268193
-1.03122882276
-1.02789885636
-1.02457285399
-1.02125088646
-1.01793302439
-1.01461933852
-1.01130990005
-1.00800478111
-1.00470405512
-1.00140779738
-0.998116085506
-0.994829000015
-0.991546624853
-0.988269047954
-0.984996361773
-0.981728663803
-0.97846605706
-0.975208650519
-0.971956559492
-0.967378135965
-0.964261713153
-0.961151371885
-0.95804727469
-0.954949583273
-0.951858457703
-0.94877405563
-0.945696531539
-0.942626036045
-0.939562715257
-0.936506710203
-0.93345815632
-0.930417183038
-0.927383913423
-0.924358463917
-0.921340944147
-0.918331456811
-0.915330097635
-0.912336955401
-0.90935211202
-0.906580835416
-0.903631331414
-0.900688582876
-0.897752613717
-0.894823456291
-0.891901152161
-0.888985752785
-0.886077320113
-0.883175927067
-0.880281657893
-0.877394608372
-0.874514885873
-0.871642609259
-0.868777908613
-0.865920924814
-0.863071808938
-0.860230721512
-0.857397831614
-0.854573315847
-0.85175735719
-0.85220486868
-0.849402295237
-0.846606697064
-0.843818205008
-0.841036955356
-0.838263089484
-0.835496753482
-0.83273809778
-0.829987276766
-0.827244448394
-0.824509773796
-0.821783416885
-0.819065543967
-0.816356323339
-0.813655924898
-0.810964519741
-0.808282279771
-0.805609377294
-0.802945984623
-0.800292273672
-0.798218943534
-0.795613200599
-0.793015717425
-0.790426621811
-0.78784604464
-0.785274119523
-0.782710982428
-0.780156771307
-0.777611625702
-0.775075686352
-0.772549094786
-0.770031992918
-0.767524522621
-0.765026825313
-0.762539041527
-0.760061310485
-0.757593769668
-0.755136554387
-0.75268979736
-0.750253628282
-0.762989054918
-0.760625213876
-0.75826803448
-0.75591752341
-0.75357368718
-0.751236532022
-0.748906063753
-0.746582287648
-0.744265208299
-0.741954829472
-0.739651153963
-0.737354183445
-0.735063918318
-0.732780357554
-0.730503498546
-0.72823333696
-0.725969866584
-0.723713079189
-0.721462964394
-0.719219509539
-0.720094803907
-0.717893774149
-0.71569865928
-0.71350945242
-0.711326146823
-0.709148735801
-0.706977212639
-0.704811570521
-0.702651802451
-0.700497901177
-0.698349859114
-0.696207668268
-0.694071320157
-0.691940805739
-0.689816115325
-0.687697238504
-0.685584164058
-0.683476879879
-0.681375372886
-0.679279628931
-0.677600429199
-0.675655538736
-0.673719034379
-0.671790657001
-0.669870140887
-0.667957214122
-0.666051598988
-0.664153012355
-0.66226116608
-0.660375767397
-0.658496519317
-0.656623121014
-0.654755268214
-0.652892653581
-0.651034967101
-0.649181896458
-0.647333127417
-0.645488344201
-0.643647229869
-0.6418094667
-0.635237122189
-0.633422788977
-0.63161479297
-0.629812815488
-0.628016539887
-0.626225652059
-0.624439840933
-0.622658798959
-0.620882222591
-0.619109812752
-0.617341275295
-0.615576321447
-0.613814668245
-0.612056038954
-0.610300163477
-0.608546778748
-0.606795629115
-0.605046466697
-0.60329905174
-0.601553152947
-0.597258060944
-0.595427337108
-0.593601747897
-0.591781139845
-0.589965361048
-0.588154261451
-0.586347693119
-0.584545510515
-0.582747570771
-0.580953733949
-0.579163863308
-0.577377825559
-0.575595491112
-0.573816734326
-0.572041433745
-0.57026947233
-0.568500737679
-0.566735122249
-0.564972523559
-0.56321284439
-0.567983910863
-0.566323039237
-0.564668251537
-0.563019336285
-0.561376084259
-0.55973828882
-0.558105746219
-0.556478255916
-0.55485562088
-0.553237647894
-0.551624147846
-0.55001493602
-0.548409832375
-0.546808661818
-0.545211254473
-0.543617445937
-0.542027077527
-0.540439996521
-0.538856056387
-0.537275117002
-0.532787266547
-0.531227518754
-0.529678404694
-0.528139755388
-0.526611395783
-0.525093145008
-0.523584816634
-0.522086218947
-0.520597155225
-0.519117424025
-0.51764681948
-0.516185131597
-0.514732146572
-0.513287647099
-0.511851412703
-0.510423220061
-0.509002843342
-0.507590054548
-0.506184623861
-0.504786319995
-0.503333589449
-0.501918933554
-0.500509346844
-0.499104684536
-0.497704805404
-0.496309571993
-0.494918850818
-0.493532512558
-0.492150432243
-0.490772489432
-0.489398568381
-0.488028558206
-0.486662353029
-0.485299852123
-0.483940960041
-0.482585586737
-0.481233647674
-0.479885063927
-0.478539762265
-0.477197675234
-0.476455053372
-0.475172273183
-0.473891056206
-0.47261132317
-0.47133300376
-0.470056036656
-0.468780369553
-0.467505959172
-0.466232771245
-0.464960780498
-0.463689970601
-0.46242033412
-0.461151872442
-0.459884595688
-0.458618522614
-0.457353680493
-0.456090104985
-0.454827839992
-0.453566937498
-0.452307457399
-0.451624369371
-0.450463453363
-0.449307548443
-0.448156613627
-0.447010608765
-0.445869494577
-0.444733232678
-0.443601785617
-0.442475116909
-0.441353191078
-0.440235973693
-0.439123431408
-0.438015532009
-0.436912244451
-0.435813538904
-0.434719386798
-0.433629760859
-0.432544635157
-0.431463985142
-0.43038778768
-0.438027322021
-0.436728704227
-0.435435365295
-0.434147473777
-0.432865198241
-0.431588707072
-0.430318168284
-0.429053749324
-0.427795616881
-0.426543936699
-0.425298873389
-0.424060590248
-0.422829249074
-0.421605009988
-0.42038803126
-0.419178469139
-0.417976477678
-0.416782208578
-0.41559581102
-0.414417431514
-0.420725685107
-0.419515970014
-0.418313533258
-0.41711855314
-0.415931205241
-0.414751662241
-0.413580093736
-0.412416666063
-0.411261542126
-0.410114881239
-0.408976838966
-0.407847566974
-0.406727212885
-0.405615920146
-0.404513827899
-0.403421070861
-0.402337779213
-0.401264078492
-0.400200089499
-0.39914592821
-0.401969762075
-0.400917514817
-0.39987393805
-0.398839313385
-0.397813918035
-0.396798024356
-0.395791899406
-0.394795804506
-0.393809994822
-0.392834718956
-0.391870218545
-0.390916727885
-0.389974473557
-0.389043674078
-0.388124539561
-0.387217271397
-0.386322061946
-0.38543909425
-0.384568541767
-0.383710568115
-0.391199562803
-0.390471225958
-0.389752199155
-0.389042494013
-0.388342116926
-0.387651069171
-0.386969347009
-0.386296941809
-0.385633840182
-0.384980024115
-0.384335471127
-0.383700154429
-0.383074043089
-0.382457102209
-0.381849293114
-0.381250573539
-0.380660897829
-0.380080217148
-0.379508479682
-0.378945630862
-0.378675157042
-0.378096065135
-0.377524762256
-0.376961230586
-0.376405451705
-0.375857406702
-0.375317076289
-0.374784440916
-0.374259480881
-0.373742176446
-0.373232507951
-0.37273045592
-0.372236001178
-0.371749124956
-0.371269809003
-0.370798035686
-0.370333788102
-0.369877050173
-0.369427806748
-0.368986043701
-0.374533979059
-0.374118471503
-0.373710972041
-0.37331151497
-0.372920135407
-0.372536869254
-0.372161753172
-0.371794824549
-0.371436121457
-0.371085682616
-0.370743547355
-0.370409755559
-0.370084347628
-0.36976736442
-0.369458847204
-0.369158837599
-0.368867377514
-0.368584509093
-0.368310274646
-0.368044716583
-0.368286401442
-0.368044120083
-0.367810504747
-0.367585569929
-0.36736933063
-0.367161802328
-0.366963000964
-0.366772942913
-0.366591644955
-0.366419124247
-0.366255398291
-0.366100484894
-0.365954402135
-0.365817168321
-0.365688801947
-0.36556932165
-0.365458746162
-0.365357094258
-0.365264384709
-0.365180636226
-0.370459399163
-0.370470460097
-0.370491528553
-0.370522521907
-0.37056335449
-0.370613937671
-0.370674179954
-0.370743987066
-0.370823262061
-0.370911905414
-0.371009815128
-0.371116886838
-0.371233013918
-0.371358087587
-0.371491997028
-0.371634629494
-0.371785870427
-0.371945603572
-0.372113711093
-0.372290073695
-0.373716611584
-0.373916366006
-0.374123935192
-0.374339195674
-0.374562022946
-0.374792291573
-0.375029875296
-0.375274647141
-0.375526479524
-0.375785244354
-0.376050813145
-0.37632305711
-0.376601847273
-0.376887054565
-0.37717854993
-0.377476204418
-0.377779889289
-0.378089476106
-0.378404836832
-0.37872584392
-0.379488428227
-0.379808144977
-0.380132810507
-0.38046232751
-0.380796599334
-0.381135530047
-0.381479024492
-0.381826988353
-0.382179328205
-0.382535951579
-0.382896767012
-0.3832616841
-0.383630613554
-0.38400346725
-0.384380158273
-0.384760600975
-0.38514471101
-0.385532405387
-0.385923602508
-0.386318222209
-0.387143065217
-0.387539867442
-0.387939459369
-0.388341785538
-0.388746792609
-0.389154429365
-0.389564646707
-0.389977397654
-0.390392637335
-0.390810322979
-0.391230413909
-0.391652871531
-0.392077659316
-0.392504742789
-0.392934089511
-0.39336566906
-0.393799453009
-0.39423541491
-0.394673530265
-0.395113776502
-0.398344064626
-0.398844682226
-0.399348770096
-0.39985626227
-0.400367093592
-0.400881199745
-0.401398517272
-0.401918983602
-0.402442537072
-0.402969116948
-0.403498663454
-0.404031117785
-0.404566422133
-0.405104519708
-0.405645354756
-0.406188872577
-0.406735019546
-0.40728374313
-0.407834991907
-0.408388715579
-0.410778925886
-0.411299349663
-0.411822681892
-0.412348883485
-0.412877916521
-0.413409744265
-0.413944331187
-0.414481642982
-0.415021646588
-0.415564310205
-0.416109603311
-0.416657496678
-0.417207962384
-0.417760973833
-0.418316505759
-0.418874534248
-0.419435036739
-0.419997992041
-0.420563380337
-0.421131183193
-0.425374095352
-0.426009511414
-0.426649121829
-0.427292881387
-0.427940744919
-0.428592667297
-0.429248603437
-0.429908508304
-0.430572336912
-0.431240044329
-0.43191158568
-0.432586916149
-0.433265990982
-0.43394876549
-0.434635195052
-0.435325235119
-0.436018841215
-0.436715968945
-0.437416573991
-0.438120612121
-0.436325070553
-0.437126752978
-0.437931433965
-0.438739057443
-0.439549567638
-0.440362909082
-0.441179026618
-0.441997865411
-0.442819370954
-0.443643489075
-0.444470165948
-0.445299348098
-0.446130982407
-0.446965016127
-0.447801396885
-0.448640072687
-0.449480991933
-0.450324103419
-0.451169356348
-0.452016700335
-0.454618261558
-0.455483344563
-0.456351635988
-0.457223079648
-0.458097619217
-0.458975198245
-0.459855760177
-0.46073924837
-0.461625606111
-0.462514776638
-0.463406703156
-0.464301328858
-0.465198596944
-0.46609845064
-0.467000833217
-0.467905688015
-0.468812958455
-0.469722588068
-0.470634520507
-0.471548699574
-0.477487916285
-0.478358599057
-0.479231251597
-0.480105852041
-0.480982378886
-0.481860810987
-0.482741127554
-0.48362330814
-0.48450733264
-0.485393181281
-0.486280834618
-0.487170273528
-0.488061479199
-0.488954433131
-0.489849117121
-0.490745513262
-0.491643603935
-0.492543371801
-0.493444799796
-0.494347871124
-0.494698614494
-0.495605266589
-0.496514118451
-0.497425153653
-0.498338355569
-0.499253707363
-0.500171191986
-0.501090792172
-0.502012490431
-0.502936269043
-0.503862110056
-0.504789995282
-0.505719906294
-0.506651824422
-0.50758573075
-0.508521606117
-0.509459431113
-0.510399186078
-0.511340851104
-0.512284406031
-0.513101150504
-0.514064124231
-0.515029581406
-0.515997497129
-0.516967845709
-0.517940600668
-0.51891573475
-0.519893219926
-0.520873027402
-0.521855127631
-0.52283949032
-0.523826084443
-0.524814878254
-0.525805839301
-0.526798934436
-0.527794129837
-0.52879139102
-0.529790682857
-0.530791969595
-0.531795214875
-0.537654865045
-0.538669141066
-0.539684118816
-0.540699767735
-0.541716057723
-0.542732959152
-0.543750442865
-0.544768480178
-0.545787042886
-0.546806103265
-0.54782563407
-0.548845608545
-0.549866000415
-0.550886783897
-0.551907933694
-0.552929424999
-0.553951233495
-0.554973335356
-0.555995707247
-0.557018326322
-0.556130185396
-0.557129387976
-0.558129634661
-0.559130939337
-0.560133315773
-0.561136777568
-0.562141338107
-0.56314701051
-0.564153807586
-0.565161741783
-0.566170825147
-0.567181069269
-0.568192485247
-0.569205083638
-0.570218874414
-0.571233866922
-0.572250069844
-0.573267491152
-0.574286138075
-0.575306017055
-0.576183950556
-0.577255858954
-0.578328779549
-0.579402653625
-0.58047742204
-0.581553025264
-0.582629403433
-0.583706496393
-0.584784243753
-0.585862584927
-0.586941459192
-0.588020805731
-0.589100563687
-0.590180672215
-0.591261070528
-0.592341697954
-0.593422493983
-0.594503398322
-0.595584350943
-0.596665292137
-0.596601675764
-0.597653878456
-0.598706173895
-0.599758549922
-0.600810994804
-0.601863497229
-0.602916046316
-0.603968631608
-0.605021243078
-0.606073871129
-0.607126506594
-0.608179140735
-0.609231765245
-0.610284372246
-0.611336954291
-0.612389504358
-0.613442015855
-0.614494482614
-0.615546898893
-0.616599259371
-0.612867842795
-0.613865241585
-0.614864444206
-0.615865455961
-0.616868281873
-0.617872926685
-0.618879394848
-0.619887690515
-0.620897817529
-0.621909779422
-0.622923579399
-0.623939220336
-0.624956704768
-0.625976034884
-0.626997212513
-0.628020239126
-0.629045115816
-0.630071843301
-0.631100421907
-0.632130851566
-0.632183480778
-0.633188511481
-0.63419482165
-0.635202419346
-0.636211312465
-0.637221508733
-0.63823301569
-0.639245840687
-0.640259990875
-0.641275473193
-0.642292294361
-0.643310460872
-0.644329978982
-0.645350854698
-0.646373093771
-0.647396701691
-0.64842168367
-0.649448044639
-0.650475789236
-0.6515049218
-0.652303402122
-0.653363903581
-0.654426021779
-0.655489753616
-0.656555095279
-0.657622042239
-0.658690589248
-0.659760730335
-0.66083245881
-0.661905767259
-0.662980647544
-0.664057090807
-0.665135087467
-0.666214627221
-0.667295699051
-0.66837829122
-0.669462391279
-0.670547986068
-0.671635061723
-0.672723603675
-0.676131469203
-0.677235036553
-0.678337281695
-0.67943819487
-0.680537767347
-0.681635991423
-0.682732860417
-0.683828368663
-0.684922511506
-0.686015285294
-0.687106687369
-0.688196716063
-0.689285370683
-0.690372651503
-0.691458559756
-0.69254309762
-0.693626268207
-0.694708075547
-0.695788524579
-0.696867621135
-0.694709425469
-0.695800649683
-0.696891523589
-0.697982033949
-0.699072167526
-0.700161911078
-0.701251251352
-0.702340175085
-0.703428668993
-0.704516719769
-0.705604314078
-0.706691438554
-0.707778079793
-0.708864224349
-0.70994985873
-0.711034969396
-0.712119542749
-0.713203565132
-0.714287022827
-0.715369902045
-0.717076376582
-0.718128091631
-0.719179380105
-0.720230230818
-0.721280632456
-0.722330573581
-0.723380042622
-0.724429027878
-0.725477517513
-0.726525499557
-0.7275729619
-0.728619892295
-0.729666278353
-0.730712107543
-0.731757367188
-0.732802044466
-0.733846126409
-0.734889599899
-0.735932451669
-0.736974668299
-0.732422769852
-0.733446680826
-0.734470247679
-0.735493453926
-0.736516282834
-0.737538717419
-0.738560740443
-0.739582334417
-0.740603481598
-0.741624163995
-0.742644363361
-0.743664061201
-0.744683238766
-0.745701877057
-0.746719956826
-0.747737458575
-0.748754362557
-0.749770648776
-0.750786296992
-0.751801286715
-0.751211976931
-0.752334250851
-0.753457167857
-0.754580696195
-0.755704803444
-0.756829456521
-0.757954621681
-0.759080264521
-0.760206349983
-0.761332842352
-0.762459705268
-0.76358690172
-0.764714394056
-0.765842143984
-0.766970112577
-0.768098260277
-0.7692265469
-0.770354931638
-0.771483373068
-0.772611829156
-0.773737895783
-0.774863657815
-0.775989072928
-0.777114098254
-0.77823869039
-0.7793628054
-0.780486398824
-0.781609425682
-0.782731840484
-0.783853597234
-0.784974649437
-0.786094950109
-0.787214451784
-0.788333106521
-0.789450865913
-0.790567681093
-0.791683502749
-0.792798281126
-0.79391196604
-0.795024506884
-0.791054755704
-0.792104666965
-0.793153159129
-0.794200200619
-0.79524575955
-0.796289803722
-0.797332300627
-0.798373217451
-0.799412521075
-0.800450178077
-0.801486154739
-0.802520417047
-0.803552930695
-0.804583661089
-0.805612573352
-0.806639632328
-0.807664802586
-0.808688048424
-0.809709333876
-0.810728622715
-0.806888901329
-0.807920215943
-0.808950110619
-0.809978548036
-0.811005490435
-0.812030899629
-0.813054737013
-0.814076963577
-0.815097539914
-0.81611642623
-0.817133582361
-0.818148967779
-0.819162541607
-0.820174262631
-0.821184089309
-0.822191979789
-0.823197891919
-0.824201783257
-0.825203611091
-0.826203332447
-0.823658222757
-0.824636959134
-0.825613158217
-0.826586780481
-0.827557786464
-0.828526136776
-0.829491792109
-0.830454713243
-0.831414861056
-0.832372196529
-0.83332668076
-0.834278274965
-0.835226940493
-0.836172638828
-0.837115331601
-0.838054980595
-0.838991547755
-0.839924995197
-0.840855285212
-0.841782380274
-0.84270603393
-0.843626193366
-0.844542819953
-0.845455875417
-0.846365321845
-0.847271121693
-0.848173237797
-0.849071633378
-0.849966272049
-0.850857117826
-0.85174413513
-0.852627288799
-0.85350654409
-0.85438186669
-0.85525322272
-0.856120578739
-0.856983901754
-0.857843159224
-0.858698319063
-0.859549349649
-0.859382476785
-0.860243092049
-0.861100007367
-0.861953192073
-0.862802615595
-0.863648247462
-0.864490057302
-0.865328014851
-0.86616208995
-0.866992252554
-0.867818472729
-0.868640720663
-0.869458966661
-0.870273181157
-0.871083334708
-0.871889398007
-0.872691341877
-0.873489137283
-0.87428275533
-0.875072167268
-0.87564816404
-0.876453633552
-0.877255829918
-0.878054737455
-0.878850339807
-0.879642619941
-0.880431560138
-0.881217141984
-0.881999346369
-0.88277815348
-0.883553542795
-0.884325493085
-0.885093982408
-0.88585898811
-0.886620486822
-0.887378454465
-0.888132866246
-0.888883696664
-0.889630919513
-0.890374507883
-0.889282967493
-0.890003470209
-0.890718816199
-0.891428985032
-0.892133956581
-0.892833711023
-0.893528228837
-0.894217490807
-0.894901478019
-0.895580171868
-0.896253554054
-0.896921606586
-0.897584311781
-0.898241652271
-0.898893610999
-0.899540171225
-0.900181316526
-0.900817030804
-0.90144729828
-0.902072103505
-0.900111097926
-0.90071100766
-0.901305169065
-0.901893577774
-0.90247622998
-0.903053122432
-0.903624252428
-0.90418961781
-0.90474921696
-0.905303048792
-0.905851112749
-0.906393408795
-0.906929937411
-0.907460699591
-0.907985696833
-0.908504931135
-0.909018404991
-0.909526121383
-0.910028083778
-0.91052429612
-0.905842813746
-0.906358027393
-0.906867646221
-0.907371659878
-0.907870059042
-0.908362835432
-0.908849981819
-0.909331492028
-0.909807360942
-0.910277584513
-0.910742159762
-0.91120108478
-0.911654358735
-0.91210198187
-0.912543955505
-0.912980282034
-0.913410964928
-0.913836008727
-0.914255419043
-0.91466920255
-0.903472818715
-0.903855387387
-0.904233875341
-0.904608302223
-0.904978687697
-0.905345051426
-0.905707413055
-0.906065792199
-0.90642020842
-0.906770681217
-0.907117230005
-0.907459874104
-0.907798632722
-0.908133524939
-0.908464569693
-0.90879178577
-0.909115191783
-0.909434806164
-0.909750647149
-0.910062732763
-0.910014704386
-0.910345559725
-0.910673625598
-0.910998906378
-0.911321405696
-0.911641126444
-0.911958070773
-0.912272240094
-0.912583635074
-0.91289225564
-0.91319810098
-0.913501169543
-0.913801459042
-0.914098966457
-0.91439368804
-0.914685619315
-0.91497475509
-0.915261089452
-0.915544615783
-0.915825326759
-0.915624474775
-0.915888026233
-0.916148959169
-0.916407266251
-0.916662939567
-0.916915970623
-0.917166350357
-0.917414069136
-0.917659116771
-0.917901482514
-0.91814115507
-0.918378122603
-0.918612372743
-0.918843892591
-0.91907266873
-0.91929868723
-0.919521933659
-0.919742393088
-0.919960050103
-0.920174888812
-0.918029632593
-0.918215299733
-0.918397233181
-0.918575428941
-0.918749883111
-0.918920591895
-0.919087551603
-0.919250758665
-0.919410209631
-0.919565901181
-0.919717830133
-0.919865993448
-0.920010388236
-0.920151011763
-0.920287861462
-0.920420934933
-0.920550229957
-0.920675744497
-0.920797476705
-0.920915424936
-0.917380391949
-0.917407793395
-0.917431241197
-0.917450784079
-0.917466470981
-0.917478351043
-0.917486473589
-0.917490888109
-0.917491644243
-0.917488791766
-0.91748238057
-0.917472460649
-0.917459082079
-0.917442295006
-0.917422149628
-0.917398696176
-0.917371984901
-0.917342066055
-0.917308989875
-0.917272806567
-0.909052965033
-0.908996827649
-0.908938155131
-0.90887699901
-0.908813410278
-0.90874743937
-0.908679136146
-0.90860854987
-0.908535729198
-0.908460722157
-0.908383576129
-0.908304337832
-0.90822305331
-0.90813976791
-0.908054526273
-0.907967372315
-0.907878349212
-0.90778749939
-0.907694864507
-0.907600485441
-0.901366043139
-0.901237245382
-0.901106739751
-0.900974577645
-0.900840809634
-0.900705485446
-0.900568653944
-0.900430363106
-0.900290660014
-0.90014959083
-0.900007200783
-0.899863534153
-0.899718634255
-0.899572543423
-0.899425302993
-0.899276953295
-0.899127533633
-0.898977082274
-0.89882563644
-0.898673232287
-0.893540998522
-0.893407363247
-0.893272104294
-0.893135247476
-0.892996817892
-0.892856839916
-0.892715337186
-0.892572332587
-0.892427848246
-0.892281905517
-0.892134524972
-0.891985726389
-0.891835528746
-0.891683950206
-0.891531008114
-0.891376718986
-0.891221098499
-0.891064161485
-0.890905921924
-0.890746392937
-0.889545022855
-0.889341952569
-0.889137458826
-0.888931575826
-0.888724336928
-0.888515774625
-0.888305920534
-0.888094805375
-0.887882458956
-0.887668910158
-0.887454186919
-0.887238316218
-0.887021324064
-0.886803235481
-0.886584074492
-0.886363864112
-0.886142626332
-0.885920382107
-0.885697151349
-0.885472952913
-0.885243834801
-0.885012890853
-0.884780147724
-0.884545631357
-0.884309366964
-0.884071379011
-0.883831691208
-0.883590326488
-0.883347306996
-0.883102654077
-0.88285638826
-0.882608529243
-0.882359095888
-0.882108106199
-0.88185557732
-0.881601525517
-0.881345966169
-0.881088913758
-0.88083038186
-0.880570383136
-0.880325047923
-0.880078200702
-0.879829838429
-0.879579956993
-0.879328551226
-0.8790756149
-0.878821140736
-0.878565120408
-0.878307544548
-0.878048402751
-0.877787683584
-0.877525374592
-0.877261462308
-0.876995932259
-0.876728768973
-0.876459955997
-0.876189475897
-0.875917310276
-0.875643439783
-0.875367844123
-0.871981948566
-0.871691580913
-0.871399136467
-0.871104597587
-0.870807945928
-0.870509162451
-0.870208227435
-0.869905120491
-0.869599820567
-0.869292305966
-0.868982554354
-0.868670542779
-0.868356247676
-0.868039644887
-0.867720709671
-0.867399416719
-0.86707574017
-0.866749653623
-0.866421130152
-0.866090142326
-0.865963947607
-0.86553044044
-0.865092856399
-0.864651231264
-0.864205601129
-0.863756002365
-0.863302471599
-0.862845045682
-0.862383761664
-0.861918656765
-0.861449768346
-0.860977133882
-0.860500790936
-0.860020777126
-0.859537130104
-0.859049887522
-0.858559087008
-0.85806476614
-0.857566962414
-0.85706571322
-0.85200111199
-0.851544163197
-0.851084787809
-0.850622993766
-0.850158788449
-0.849692178675
-0.849223170693
-0.848751770177
-0.848277982225
-0.847801811348
-0.847323261474
-0.84684233594
-0.846359037494
-0.845873368287
-0.845385329878
-0.844894923227
-0.8444021487
-0.843907006066
-0.843409494498
-0.842909612575
-0.842096496847
-0.841606984679
-0.841114882704
-0.840620177275
-0.840122854321
-0.839622899358
-0.839120297499
-0.838615033471
-0.838107091626
-0.837596455951
-0.837083110087
-0.836567037339
-0.836048220694
-0.835526642831
-0.83500228614
-0.834475132735
-0.833945164469
-0.833412362952
-0.832876709567
-0.832338185484
-0.82702860113
-0.826487183292
-0.825942341676
-0.82539405101
-0.824842286157
-0.824287022138
-0.823728234145
-0.823165897563
-0.822599987989
-0.822030481246
-0.821457353407
-0.820880580811
-0.820300140079
-0.819716008134
-0.819128162221
-0.818536579921
-0.817941239171
-0.817342118279
-0.816739195946
-0.816132451278
-0.809105915109
-0.808497002202
-0.807885692958
-0.807271988282
-0.806655889206
-0.806037396903
-0.80541651268
-0.804793237993
-0.804167574446
-0.803539523795
-0.802909087952
-0.802276268991
-0.801641069149
-0.801003490826
-0.800363536595
-0.799721209199
-0.799076511552
-0.798429446748
-0.797780018053
-0.797128228915
-0.796482091545
-0.795833513656
-0.79518249621
-0.794529040305
-0.793873147176
-0.793214818195
-0.792554054869
-0.791890858837
-0.791225231873
-0.790557175882
-0.789886692902
-0.789213785096
-0.788538454757
-0.787860704304
-0.78718053628
-0.786497953348
-0.785812958296
-0.785125554027
-0.784435743561
-0.783743530035
-0.782957917479
-0.782248310869
-0.781535708438
-0.780820114689
-0.780101534393
-0.779379972588
-0.778655434587
-0.777927925985
-0.777197452663
-0.776464020792
-0.775727636844
-0.774988307593
-0.774246040126
-0.773500841846
-0.772752720483
-0.772001684096
-0.771247741081
-0.770490900178
-0.769731170482
-0.768968561443
-0.768111937786
-0.767335728202
-0.766556382728
-0.765773912287
-0.764988328475
-0.764199643575
-0.763407870561
-0.762613023111
-0.761815115609
-0.76101416316
-0.760210181589
-0.759403187456
-0.758593198059
-0.757780231441
-0.756964306398
-0.756145442481
-0.755323660008
-0.754498980064
-0.753671424508
-0.752841015979
-0.751404691658
-0.75057131055
-0.749735211004
-0.748896418347
-0.74805495868
-0.747210858877
-0.746364146589
-0.745514850239
-0.744662999031
-0.743808622944
-0.742951752732
-0.742092419927
-0.741230656835
-0.740366496536
-0.739499972884
-0.7386311205
-0.737759974779
-0.736886571878
-0.736010948716
-0.735133142972
-0.734254793252
-0.73337418507
-0.732491358712
-0.731606355217
-0.730719216364
-0.729829984669
-0.728938703376
-0.728045416448
-0.727150168562
-0.726253005099
-0.725353972133
-0.724453116428
-0.723550485424
-0.722646127228
-0.721740090606
-0.720832424971
-0.719923180374
-0.71901240749
-0.718100157611
-0.717186482633
-0.721918179439
-0.720958416
-0.719995633646
-0.71902988345
-0.718061217076
-0.717089686753
-0.716115345252
-0.715138245864
-0.714158442376
-0.713175989053
-0.712190940611
-0.711203352198
-0.710213279374
-0.709220778087
-0.708225904653
-0.70722871574
-0.706229268342
-0.705227619764
-0.704223827604
-0.70321794973
-0.702421897094
-0.701402688171
-0.700381517606
-0.699358451075
-0.698333555204
-0.697306897558
-0.696278546624
-0.695248571801
-0.694217043381
-0.693184032537
-0.692149611308
-0.691113852582
-0.69007683008
-0.689038618338
-0.687999292691
-0.686958929256
-0.685917604913
-0.684875397286
-0.683832384726
-0.68278864629
-0.667976874732
-0.667062998076
-0.666149215529
-0.66523550829
-0.664321858027
-0.663408246926
-0.662494657746
-0.661581073873
-0.660667479368
-0.659753859023
-0.658840198407
-0.657926483921
-0.657012702844
-0.656098843384
-0.655184894724
-0.654270847071
-0.653356691703
-0.65244242101
-0.651528028545
-0.650613509063
-0.663143510443
-0.662152337433
-0.661162154158
-0.660172999256
-0.659184911698
-0.6581979308
-0.657212096248
-0.656227448112
-0.65524402686
-0.654261873382
-0.653281028999
-0.652301535481
-0.651323435062
-0.650346770455
-0.649371584862
-0.648397921989
-0.647425826059
-0.646455341819
-0.645486514555
-0.6445193901
-0.641181244893
-0.640236819211
-0.639294465333
-0.638354226879
-0.637416147995
-0.636480273352
-0.635546648152
-0.634615318131
-0.633686329554
-0.632759729224
-0.631835564473
-0.630913883169
-0.629994733709
-0.629078165016
-0.628164226537
-0.627252968242
-0.626344440611
-0.625438694636
-0.62453578181
-0.623635754122
-0.619608081228
-0.618728142683
-0.617851294954
-0.616977595336
-0.616107101733
-0.615239872638
-0.614375967121
-0.613515444815
-0.612658365894
-0.611804791061
-0.610954781524
-0.610108398985
-0.609265705612
-0.608426764024
-0.607591637269
-0.606760388801
-0.605933082459
-0.605109782444
-0.604290553294
-0.603475459863
-0.602273282663
-0.601452567966
-0.600636258844
-0.599824436713
-0.59901718328
-0.5982145805
-0.597416710534
-0.596623655709
-0.595835498474
-0.595052321356
-0.594274206919
-0.593501237717
-0.592733496253
-0.591971064933
-0.591214026021
-0.590462461596
-0.589716453506
-0.588976083325
-0.588241432303
-0.58751258133
-0.588595054855
-0.587866778622
-0.587145028023
-0.586429874865
-0.585721390436
-0.585019645476
-0.584324710142
-0.583636653975
-0.582955545871
-0.582281454044
-0.581614445994
-0.580954588481
-0.580301947486
-0.579656588181
-0.579018574899
-0.578387971102
-0.57776483935
-0.577149241268
-0.576541237518
-0.575940887769
-0.576395455453
-0.575506354186
-0.574621327669
-0.573740600996
-0.572864400334
-0.571992952754
-0.571126486075
-0.570265228691
-0.569409409411
-0.56855925729
-0.567715001462
-0.566876870973
-0.566045094614
-0.565219900753
-0.564401517167
-0.563590170877
-0.562786087977
-0.561989493473
-0.561200611112
-0.56041966322
-0.552083048061
-0.55126824724
-0.55046054941
-0.549660142016
-0.548867211781
-0.548081944593
-0.547304525396
-0.546535138076
-0.545773965352
-0.545021188666
-0.544276988075
-0.54354154214
-0.542815027824
-0.542097620379
-0.541389493248
-0.540690817953
-0.540001764002
-0.539322498779
-0.538653187447
-0.537993992852
-0.538281798748
-0.537656644576
-0.537042295549
-0.536438879372
-0.535846521424
-0.535265344718
-0.534695469858
-0.534137014997
-0.533590095796
-0.533054825384
-0.53253131432
-0.53201967055
-0.531519999374
-0.531032403405
-0.530556982533
-0.53009383389
-0.529643051815
-0.529204727816
-0.52877895054
-0.528365805736
-0.532569366772
-0.532169898337
-0.531782412882
-0.531406992679
-0.531043716948
-0.530692661831
-0.530353900375
-0.530027502508
-0.529713535029
-0.529412061587
-0.529123142671
-0.528846835599
-0.5285831945
-0.528332270313
-0.528094110778
-0.527868760425
-0.527656260575
-0.527456649332
-0.527269961586
-0.527096229008
-0.540582317597
-0.540542470079
-0.54051434177
-0.540497908816
-0.540493144657
-0.540500020045
-0.540518503069
-0.540548559171
-0.540590151167
-0.540643239274
-0.540707781128
-0.540783731812
-0.540871043878
-0.540969667378
-0.541079549885
-0.541200636524
-0.541332869998
-0.541476190621
-0.541630536343
-0.541795842786
-0.551599783152
-0.551799318461
-0.552009613816
-0.552230588433
-0.552462158663
-0.552704238041
-0.552956737333
-0.553219564581
-0.553492625154
-0.553775821799
-0.554069054697
-0.554372221511
-0.554685217442
-0.555007935282
-0.555340265475
-0.555682096173
-0.556033313291
-0.556393800565
-0.556763439616
-0.557142110012
-0.544498893581
-0.544807072839
-0.545126404537
-0.545456780005
-0.545798086895
-0.546150209239
-0.546513027505
-0.546886418662
-0.547270256244
-0.547664410414
-0.548068748036
-0.548483132741
-0.548907425003
-0.549341482209
-0.54978515874
-0.550238306043
-0.550700772716
-0.551172404583
-0.551653044783
-0.552142533847
-0.553277058156
-0.553400824347
-0.553530409401
-0.553666001695
-0.553807789661
-0.553955961549
-0.554110705188
-0.554272207739
-0.55444065546
-0.554616233464
-0.554799125473
-0.554989513585
-0.555187578028
-0.555393496925
-0.555607446056
-0.555829598619
-0.556060125001
-0.556299192543
-0.55654696531
-0.556803603866
-0.559546316163
-0.5599552191
-0.560374149566
-0.560803150751
-0.561242259947
-0.561691508436
-0.562150921373
-0.562620517683
-0.563100309959
-0.563590304368
-0.564090500566
-0.564600891617
-0.565121463917
-0.565652197125
-0.566193064106
-0.566744030877
-0.567305056554
-0.567876093319
-0.568457086382
-0.569047973961
-0.572399642337
-0.573030965726
-0.573671719817
-0.574321789119
-0.574981051891
-0.575649380185
-0.576326639882
-0.577012690748
-0.577707386483
-0.578410574783
-0.579122097406
-0.579841790243
-0.580569483391
-0.581305001242
-0.582048162564
-0.582798780595
-0.583556663145
-0.584321612691
-0.585093426495
-0.585871896709
-0.591897209382
-0.592862166392
-0.593825450889
-0.594786782479
-0.595745883168
-0.596702477517
-0.597656292792
-0.598607059109
-0.599554509582
-0.600498380465
-0.601438411289
-0.602374345003
-0.603305928105
-0.604232910772
-0.605155046994
-0.606072094691
-0.60698381584
-0.607889976592
-0.608790347383
-0.609684703051
-0.609391556739
-0.609972376818
-0.610550438707
-0.611125681524
-0.611698045801
-0.612267473479
-0.612833907904
-0.613397293823
-0.613957577378
-0.6145147061
-0.615068628905
-0.615619296085
-0.6161666593
-0.616710671575
-0.617251287288
-0.617788462161
-0.618322153256
-0.618852318963
-0.619378918988
-0.61990191435
-0.619861739419
-0.620304606957
-0.620742833784
-0.621176445134
-0.621605468592
-0.622029934036
-0.622449873581
-0.622865321519
-0.623276314264
-0.623682890286
-0.624085090051
-0.624482955959
-0.624876532279
-0.62526586508
-0.62565100217
-0.626031993026
-0.626408888725
-0.626781741874
-0.627150606543
-0.627515538192
-0.626712582285
-0.627159332254
-0.627604976351
-0.628049485076
-0.62849282782
-0.628934972861
-0.629375887372
-0.629815537429
-0.630253888015
-0.63069090303
-0.631126545299
-0.631560776585
-0.631993557599
-0.632424848012
-0.632854606471
-0.633282790613
-0.63370935708
-0.634134261537
-0.634557458691
-0.634978902307
-0.635372129969
-0.635762283943
-0.636149324961
-0.636533213911
-0.636913911854
-0.637291380045
-0.637665579949
-0.638036473257
-0.638404021908
-0.638768188102
-0.63912893432
-0.639486223336
-0.639840018235
-0.640190282429
-0.640536979668
-0.640880074061
-0.64121953008
-0.641555312582
-0.641887386815
-0.642215718437
-0.633396735096
-0.633632106786
-0.633864816482
-0.634094896481
-0.634322379399
-0.63454729814
-0.63476968586
-0.63498957594
-0.635207001945
-0.635421997599
-0.635634596747
-0.635844833323
-0.636052741314
-0.636258354725
-0.636461707548
-0.636662833729
-0.636861767127
-0.637058541481
-0.637253190379
-0.637445747221
-0.642209310584
-0.642330287272
-0.642447229986
-0.642560194244
-0.642669235774
-0.642774410469
-0.64287577434
-0.642973383468
-0.643067293962
-0.643157561913
-0.643244243346
-0.643327394179
-0.643407070178
-0.643483326913
-0.643556219718
-0.643625803644
-0.64369213342
-0.643755263412
-0.643815247582
-0.643872139449
-0.647377091004
-0.647500153121
-0.647619028535
-0.647733729974
-0.647844270423
-0.647950663103
-0.648052921462
-0.648151059155
-0.648245090035
-0.648335028139
-0.648420887669
-0.648502682983
-0.648580428582
-0.648654139093
-0.648723829257
-0.64878951392
-0.648851208013
-0.648908926546
-0.648962684593
-0.649012497278
-0.64611874825
-0.646008873884
-0.645895678979
-0.645779263404
-0.645659726485
-0.645537166947
-0.645411682855
-0.645283371556
-0.645152329625
-0.645018652804
-0.644882435949
-0.644743772976
-0.644602756808
-0.644459479323
-0.644314031303
-0.644166502386
-0.64401698102
-0.64386555441
-0.643712308478
-0.643557327813
-0.644784111824
-0.644611831469
-0.64443773536
-0.644261913531
-0.644084454702
-0.643905446233
-0.643724974083
-0.643543122764
-0.643359975305
-0.643175613212
-0.642990116429
-0.642803563304
-0.642616030553
-0.642427593232
-0.642238324701
-0.642048296596
-0.641857578804
-0.641666239434
-0.641474344795
-0.641281959371
-0.645179283676
-0.645020592683
-0.644859676159
-0.644696582332
-0.644531359029
-0.644364053655
-0.644194713177
-0.644023384097
-0.643850112443
-0.643674943742
-0.643497923013
-0.643319094739
-0.643138502863
-0.642956190764
-0.64277220125
-0.642586576541
-0.642399358257
-0.642210587406
-0.642020304375
-0.64182854892
-0.639616162157
-0.639458720401
-0.639299714889
-0.639139169133
-0.638977106155
-0.638813548495
-0.638648518225
-0.638482036955
-0.638314125845
-0.638144805616
-0.637974096561
-0.637802018553
-0.637628591067
-0.63745383318
-0.637277763597
-0.637100400653
-0.636921762335
-0.63674186629
-0.636560729844
-0.636378370012
-0.632030047734
-0.631858633136
-0.631686082071
-0.631512382359
-0.631337522213
-0.631161490289
-0.630984275725
-0.630805868185
-0.6306262579
-0.630445435706
-0.630263393088
-0.630080122217
-0.629895615987
-0.629709868055
-0.629522872878
-0.629334625744
-0.629145122813
-0.628954361145
-0.628762338737
-0.62856905455
-0.63199768407
-0.631729631084
-0.631462396539
-0.631196015277
-0.630930521809
-0.630665950318
-0.630402334668
-0.630139708413
-0.6298781048
-0.629617556779
-0.629358097011
-0.629099757871
-0.628842571459
-0.628586569605
-0.628331783874
-0.628078245574
-0.627825985764
-0.627575035256
-0.627325424625
-0.627077184213
-0.626848921482
-0.626680106865
-0.626512471543
-0.626346014483
-0.626180733629
-0.626016625923
-0.625853687318
-0.625691912796
-0.62553129639
-0.625371831199
-0.625213509406
-0.625056322304
-0.624900260311
-0.624745312995
-0.624591469093
-0.624438716535
-0.624287042468
-0.624136433276
-0.623986874608
-0.623838351398
-0.627415281709
-0.627179746091
-0.626944827039
-0.626710535983
-0.626476883535
-0.626243879505
-0.626011532914
-0.625779852015
-0.625548844308
-0.625318516559
-0.625088874816
-0.624859924433
-0.624631670086
-0.624404115792
-0.624177264936
-0.623951120282
-0.623725684003
-0.623500957692
-0.623276942392
-0.623053638611
-0.625305897644
-0.624863133179
-0.624420383554
-0.623977749135
-0.623535330367
-0.623093227743
-0.622651541776
-0.622210372969
-0.621769821783
-0.621329988609
-0.620890973736
-0.620452877318
-0.620015799347
-0.619579839617
-0.619145097696
-0.618711672888
-0.618279664209
-0.617849170347
-0.617420289632
-0.616993120003
-0.616618526327
-0.616246991386
-0.615878139547
-0.615511987751
-0.615148551513
-0.614787844956
-0.614429880853
-0.614074670654
-0.613722224527
-0.613372551392
-0.613025658956
-0.612681553749
-0.612340241164
-0.612001725486
-0.611666009936
-0.6113330967
-0.611002986971
-0.610675680981
-0.610351178037
-0.610029476559
