-0.592914022321
-0.59294688618
-0.593012556111
-0.593110945766
-0.593241940722
-0.593405399092
-0.593601152249
-0.593829005673
-0.594088739905
-0.594380111609
-0.594702854737
-0.595056681797
-0.595441285198
-0.595856338683
-0.596301498833
-0.59677640662
-0.597280689013
-0.597813960613
-0.598375825301
-0.598965877891
-0.59958370576
-0.600228890449
-0.600901009206
-0.601599636467
-0.602324345236
-0.603074708372
-0.603850299746
-0.604650695265
-0.605475473738
-0.606324217582
-0.607196513348
-0.608091952068
-0.609010129397
-0.609950645575
-0.610913105181
-0.611897116687
-0.612902291831
-0.613928244784
-0.614974591158
-0.61604094683
-0.617126926622
-0.618232142837
-0.61935620368
-0.620498711574
-0.621659261401
-0.622837438678
-0.624032817706
-0.625244959704
-0.626473410949
-0.627717700962
-0.628977340738
-0.630251821056
-0.631540610891
-0.632843155933
-0.634158877233
-0.635487170005
-0.636827402565
-0.638178915443
-0.639541020662
-0.64091300118
-0.642294110516
-0.64368357253
-0.64508058138
-0.646484301628
-0.647893868497
-0.649308388261
-0.650726938765
-0.652148570044
-0.653572305047
-0.654997140433
-0.656422047434
-0.657845972764
-0.659267839556
-0.660686548326
-0.662100977937
-0.663509986555
-0.664912412591
-0.666307075621
-0.667692777277
-0.669068302099
-0.670432418362
-0.671783878866
-0.6731214217
-0.674443770989
-0.675749637617
-0.677037719958
-0.678306704612
-0.679555267165
-0.680782072983
-0.681985778067
-0.683165029967
-0.684318468786
-0.685444728287
-0.686542437103
-0.687610220083
-0.688646699776
-0.689650498061
-0.690620237928
-0.691554545427
-0.692452051775
-0.693311395614
-0.694131225439
-0.694910202161
-0.695647001807
-0.696340318343
-0.696988866599
-0.697591385269
-0.698146639974
-0.698653426353
-0.699110573152
-0.69951694529
-0.699871446857
-0.700173024018
-0.700420667793
-0.70061341667
-0.700750359024
-0.70083063531
-0.700853439997
-0.70081802322
-0.700723692114
-0.700569811818
-0.700355806128
-0.700081157772
-0.699745408315
-0.699348157669
-0.698889063213
-0.698367838533
-0.697784251765
-0.697138123584
-0.696429324822
-0.695657773768
-0.694823433141
-0.693926306793
-0.692966436155
-0.691943896468
-0.690858792833
-0.689711256131
-0.68850143883
-0.687229510746
-0.68589565479
-0.68450006274
-0.68304293109
-0.681524457005
-0.679944834434
-0.67830425041
-0.676602881573
-0.67484089095
-0.673018425016
-0.671135611068
-0.669192554925
-0.667189338973
-0.665126020568
-0.663002630802
-0.660819173646
-0.658575625446
-0.656271934794
-0.653908022745
-0.651483783378
-0.648999084674
-0.6464537697
-0.643847658077
-0.641180547697
-0.638452216669
-0.635662425461
-0.632810919215
-0.629897430195
-0.626921680334
-0.623883383867
-0.620782249994
-0.61761798556
-0.61439029772
-0.611098896554
-0.607743497619
-0.604323824403
-0.60083961066
-0.597290602626
-0.593676561072
-0.589997263198
-0.586252504362
-0.582442099616
-0.578565885067
-0.574623719041
-0.570615483066
-0.566541082663
-0.56240044796
-0.558193534131
-0.553920321667
-0.549580816487
-0.545175049915
-0.540703078511
-0.536164983795
-0.531560871853
-0.526890872863
-0.522155140536
-0.5173538515
-0.51248720463
-0.507555420351
-0.502558739917
-0.497497424674
-0.492371755344
-0.487182031306
-0.481928569914
-0.476611705843
-0.471231790486
-0.465789191388
-0.460284291752
-0.454717489995
-0.449089199376
-0.443399847694
-0.437649877058
-0.431839743734
-0.425969918062
-0.420040884454
-0.41405314147
-0.408007201965
-0.401903593308
-0.395742857678
-0.389525552424
-0.383252250492
-0.376923540913
-0.370540029347
-0.364102338684
-0.357611109683
-0.35106700166
-0.344470693206
-0.33782288293
-0.331124290231
-0.324375656065
-0.317577743733
-0.310731339643
-0.303837254073
-0.296896321894
-0.289909403258
-0.282877384244
-0.275801177434
-0.268681722422
-0.261519986239
-0.254316963682
-0.247073677536
-0.239791178679
-0.232470546057
-0.225112886518
-0.217719334504
-0.210291051578
-0.20282922579
-0.195335070876
-0.18780982527
-0.180254750951
-0.172671132098
-0.165060273572
-0.157423499211
-0.149762149959
-0.14207758182
-0.134371163652
-0.12664427481
-0.118898302649
-0.111134639902
-0.103354681945
-0.0955598239697
-0.0877514580828
-0.0799309703492
-0.0720997378006
-0.0642591254347
-0.056410483223
-0.0485551431546
-0.040694416336
-0.0328295901714
-0.0249619256457
-0.0170926547315
-0.00922297794169
-0.00135406204545
0.00651296203345
0.0143770011207
0.0222370014844
0.0300919503046
0.0379408769123
0.0457828537887
0.0536169973245
0.0614424683348
0.0692584723344
0.0770642595766
0.0848591248621
0.0926424071301
0.100413488842
0.108171795172
0.115916793025
0.123647989893
0.131364932577
0.139067205793
0.146754430685
0.15442626326
0.162082392785
0.169722540149
0.177346456228
0.184953920264
0.192544738284
0.200118741578
0.207675785252
0.215215746865
0.222738525177
0.230244039009
0.237732226223
0.24520304283
0.252656462231
0.260092474588
0.267511086325
0.274912319747
0.282296212784
0.289662818834
0.297012206699
0.304344460613
0.311659680317
0.318957981199
0.32623949445
0.333504367238
0.340752762877
0.347984860962
0.355200857462
0.362400964748
0.369585411547
0.376754442788
0.383908319349
0.391047317674
0.398171729263
0.405281860019
0.412378029449
0.419460569724
0.426529824581
0.43358614809
0.440629903276
0.447661460615
0.454681196407
0.461689491043
0.468686727181
0.475673287852
0.482649554507
0.489615905032
0.496572711754
0.503520339455
0.510459143425
0.517389467566
0.524311642584
0.531225984281
0.538132791973
0.545032347057
0.551924911736
0.558810727933
0.565690016396
0.572562976018
0.57942978337
0.586290592468
0.593145534763
0.599994719371
0.606838233533
0.613676143298
0.620508494436
0.627335313551
0.634156609402
0.640972374401
0.647782586286
0.654587209932
0.661386199297
0.668179499474
0.674967048817
0.681748781135
0.688524627914
0.695294520549
0.702058392562
0.708816181778
0.715567832444
0.722313297257
0.729052539288
0.735785533789
0.742512269846
0.749232751885
0.755947001005
0.762655056125
0.76935697495
0.776052834735
0.782742732851
0.789426787151
0.796105136135
0.802777938921
0.809445375021
0.816107643935
0.822764964573
0.829417574507
0.836065729072
0.842709700337
0.84934977594
0.85598625782
0.862619460852
0.869249711405
0.87587734584
0.882502708953
0.889126152394
0.895748033061
0.902368711494
0.908988550278
0.91560791246
0.922227160003
0.928846652279
0.935466744604
0.942087786831
0.948710122008
0.955334085091
0.961960001728
0.968588187113
0.975218944904
0.981852566217
0.988489328682
0.995129495568
1.00177331497
1.00842101904
1.01507282334
1.02172892613
1.02838950783
1.03505473046
1.04172473713
1.0483996516
1.05507957781
1.06176459958
1.06845478018
1.07515016206
1.08185076654
1.08855659363
1.09526762175
1.10198380758
1.10870508599
1.11543136989
1.12216255024
1.12889849603
1.13563905441
1.14238405078
1.14913328899
1.15588655165
1.1626436004
1.16940417639
1.17616800074
1.18293477512
1.18970418238
1.19647588735
1.20324953758
1.21002476432
1.21680118345
1.22357839655
1.23035599204
1.23713354639
1.24391062533
1.25068678521
1.25746157436
1.26423453441
1.27100520181
1.27777310917
1.28453778675
1.29129876386
1.29805557027
1.30480773759
1.31155480057
1.31829629841
1.32503177588
1.33176078454
1.33848288366
1.3451976412
1.35190463461
1.35860345149
1.36529369018
1.37197496017
1.37864688237
1.3853090893
1.39196122505
1.39860294517
1.40523391638
1.41185381612
1.41846233203
1.42505916124
1.43164400956
1.43821659058
1.44477662459
1.45132383748
1.45785795953
1.46437872412
1.47088586638
1.47737912182
1.48385822485
1.49032290743
1.49677289755
1.5032079178
1.50962768401
1.51603190381
1.52242027535
1.528792486
1.53514821117
1.54148711322
1.54780884039
1.55411302596
1.56039928738
1.56666722561
1.57291642455
1.57914645059
1.58535685229
1.59154716021
1.59771688684
1.60386552665
1.60999255634
1.61609743511
1.62217960512
1.62823849206
1.63427350581
1.64028404119
1.64626947886
1.65222918626
1.65816251862
1.66406882013
1.66994742507
1.67579765906
1.68161884032
1.687410281
1.69317128853
1.698901167
1.7045992185
1.71026474458
1.71589704756
1.72149543198
1.72705920593
1.73258768244
1.73808018074
1.74353602762
1.74895455867
1.75433511951
1.75967706697
1.76497977023
1.77024261196
1.77546498935
1.78064631512
1.78578601849
1.79088354614
1.79593836301
1.80094995324
1.80591782086
1.81084149062
1.81572050864
1.82055444316
1.8253428851
1.83008544877
1.83478177235
1.83943151854
1.84403437504
1.84859005509
1.85309829797
1.85755886948
1.86197156241
1.86633619704
1.87065262157
1.8749207126
1.87914037558
1.8833115453
1.88743418634
1.89150829355
1.89553389256
1.89951104025
1.9034398253
1.90732036867
1.91115282419
1.91493737909
1.91867425457
1.92236370641
1.92600602557
1.9296015388
1.93315060926
1.93665363722
1.94011106065
1.94352335593
1.94689103849
1.95021466353
1.9534948266
1.95673216438
1.95992735524
1.96308111992
1.96619422215
1.96926746928
1.97230171275
1.97529784875
1.97825681861
1.98117960927
1.9840672537
1.98692083117
1.98974146757
1.99253033553
1.99528865457
1.99801769114
2.00071875848
2.00339321652
2.00604247158
2.00866797602
2.01127122775
2.01385376964
2.0164171888
2.01896311579
2.02149322367
2.02400922695
2.02651288041
2.02900597783
2.03149035061
2.03396786627
2.03644042683
2.03890996716
2.04137845316
2.04384787992
2.04632026981
2.04879767042
2.0512821526
2.05377580831
2.05628074853
2.05879910116
2.06133300882
2.0638846268
2.06645612091
2.06904966547
2.07166744124
2.07431163356
2.0769844304
2.07968802065
2.08242459246
2.08519633164
2.08800542029
2.09085403551
2.09374434826
2.09667852241
2.09965871391
2.10268707019
2.10576572967
2.1088968215
2.11208246547
2.11532477209
2.11862584287
2.12198777075
2.12541264076
2.12890253076
2.13245951242
2.13608565233
2.13978301322
2.14355365534
2.14739963796
2.15132302093
2.15532586635
2.15941024031
2.16357821468
2.16783186889
2.17217329179
2.17660458337
2.18112785664
2.18574523925
2.19045887516
2.19527092619
2.20018357341
2.20519901846
2.21031948459
2.21554721768
2.2208844869
2.22633358527
2.23189682992
2.23757656213
2.24337514707
2.24929497329
2.25533845194
2.26150801563
2.26780611704
2.27423522717
2.28079783331
2.28749643669
2.29433354976
2.30131169325
2.30843339276
2.31570117523
2.32311756496
2.3306850794
2.33840622464
2.34628349067
2.35431934636
2.36251623414
2.37087656461
2.3794027108
2.38809700233
2.39696171939
2.40599908659
2.41521126669
2.42460035422
2.43416836911
2.44391725014
2.45384884854
2.46396492148
2.4742671256
2.48475701067
2.49543601329
2.50630545066
2.51736651453
2.52862026529
2.54006762619
2.55170937784
2.56354615282
2.57557843057
2.58780653256
2.60023061761
2.6128506776
2.62566653342
2.63867783116
2.65188403874
2.66528444269
2.67887814536
2.69266406241
2.70664092067
2.7208072562
2.73516141286
2.74970154102
2.76442559672
2.77933134107
2.79441634002
2.80967796432
2.82511338993
2.84071959855
2.85649337858
2.87243132618
2.88852984672
2.9047851564
2.92119328406
2.93775007333
2.95445118479
2.97129209852
2.98826811666
3.0053743662
3.02260580191
3.0399572094
3.05742320829
3.07499825549
3.0926766486
3.11045252932
3.12831988704
3.14627256241
3.16430425101
3.18240850703
3.20057874702
3.21880825366
3.23709017954
3.25541755099
3.27378327192
3.29218012761
3.31060078863
3.32903781463
3.34748365823
3.3659306689
3.38437109678
3.40279709659
3.42120073145
3.43957397683
3.45790872434
3.4761967857
3.49442989658
3.51259972053
3.53069785288
3.5487158247
3.56664510675
3.58447711342
3.60220320676
3.61981470049
3.637302864
3.65465892649
3.671874081
3.68893948858
3.70584628244
3.72258557212
3.73914844768
3.75552598404
3.77170924514
3.78768928831
3.80345716861
3.81900394312
3.83432067538
3.84939843974
3.86422832583
3.87880144293
3.89310892446
3.90714193239
3.92089166173
3.93434934499
3.94750625662
3.96035371748
3.97288309926
3.98508582895
3.99695339324
4.00847734293
4.0196492973
4.0304609485
4.04090406583
4.05097050008
4.0606521878
4.06994115554
4.07882952402
4.08730951236
4.09537344216
4.10301374161
4.11022294956
4.11699371951
4.12331882362
4.12919115663
4.13460373977
4.1395497246
4.14402239686
4.14801518027
4.15152164026
4.15453548769
4.15705058255
4.15906093761
4.16056072203
4.16154426497
4.1620060591
4.16194076421
4.16134321061
4.16020840267
4.15853152224
4.15630793202
4.15353317898
4.15020299768
4.14631331355
4.14186024621
4.13684011265
4.13124943044
4.12508492089
4.11834351209
4.11102234199
4.10311876141
4.09463033689
4.08555485362
4.07589031819
4.0656349613
4.05478724041
4.04334584228
4.03130968537
4.01867792227
4.00544994185
3.99162537146
3.97720407889
3.96218617426
3.94657201177
3.93036219131
3.91355755991
3.89615921307
3.87816849585
3.85958700394
3.8404165844
3.82065933635
3.80031761137
3.77939401383
3.75789140096
3.73581288269
3.71316182139
3.68994183136
3.66615677805
3.64181077724
3.6169081938
3.59145364041
3.56545197602
3.53890830402
3.51182797032
3.4842165611
3.45607990048
3.42742404781
3.39825529491
3.36858016299
3.33840539944
3.30773797433
3.27658507679
3.24495411112
3.21285269279
3.18028864411
3.14726998987
3.11380495265
3.07990194804
3.04556957965
3.01081663393
2.97565207484
2.94008503834
2.90412482676
2.86778090294
2.83106288427
2.79398053661
2.75654376798
2.71876262222
2.68064727244
2.6422080144
2.60345525973
2.56439952909
2.52505144518
2.4854217257
2.44552117614
2.4053606826
2.36495120444
2.32430376688
2.28342945361
2.24233939925
2.20104478181
2.15955681514
2.11788674131
2.07604582298
2.0340453358
1.99189656076
1.94961077657
1.9071992521
1.86467323877
1.82204396304
1.77932261897
1.73652036077
1.69364829548
1.65071747575
1.60773889264
1.56472346859
1.52168205052
1.47862540297
1.43556420152
1.3925090262
1.3494703552
1.30645855868
1.26348389278
1.22055649382
1.17768637271
1.13488340956
1.09215734852
1.04951779286
1.00697420026
0.964535878373
0.922211980606
0.880011502206
0.837943276565
0.796015971814
0.754238087683
0.712617952638
0.671163721295
0.62988337211
0.58878470535
0.547875341346
0.507162719014
0.466654094667
0.426356541085
0.386276946866
0.346422016037
0.306798267926
0.267412037282
0.228269474657
0.189376547006
0.150739038536
0.112362551767
0.0742525088068
0.0364141528276
-0.00114745026503
-0.0384274099858
-0.0754210092539
-0.112123702222
-0.148531111963
-0.184639028021
-0.220443403854
-0.255940354158
-0.291126152113
-0.32599722654
-0.360550158994
-0.394781680806
-0.428688670083
-0.462268148675
-0.495517279135
-0.528433361661
-0.561013831054
-0.593256253691
-0.625158324521
-0.656717864103
-0.687932815684
-0.718801242339
-0.749321324163
-0.779491355542
-0.809309742494
-0.838775000092
-0.867885749975
-0.896640717949
-0.925038731681
-0.95307871849
-0.980759703241
-1.00808080634
-1.0350412418
-1.06164031549
-1.08787742337
-1.11375204992
-1.13926376663
-1.16441223056
-1.18919718305
-1.21361844847
-1.23767593308
-1.26136962396
-1.28469958801
-1.30766597102
-1.33026899684
-1.35250896658
-1.37438625783
-1.39590132401
-1.41705469369
-1.43784696997
-1.45827882991
-1.47835102394
-1.49806437533
-1.51741977965
-1.53641820424
-1.55506068764
-1.57334833911
-1.59128233804
-1.60886393338
-1.62609444307
-1.64297525341
-1.65950781843
-1.67569365917
-1.69153436302
-1.70703158291
-1.72218703653
-1.73700250546
-1.75147983432
-1.76562092974
-1.77942775945
-1.79290235115
-1.80604679147
-1.81886322476
-1.83135385189
-1.84352092901
-1.85536676623
-1.86689372623
-1.87810422286
-1.88900071969
-1.89958572849
-1.9098618077
-1.91983156083
-1.92949763485
-1.9388627185
-1.94792954067
-1.95670086861
-1.96517950627
-1.97336829249
-1.98127009923
-1.98888782983
-1.99622441718
-2.00328282196
-2.0100660308
-2.01657705453
-2.0228189264
-2.02879470026
-2.03450744887
-2.03996026211
-2.04515624532
-2.05009851754
-2.05479020992
-2.05923446409
-2.06343443049
-2.06739326694
-2.07111413701
-2.07460020865
-2.07785465268
-2.08088064147
-2.08368134761
-2.0862599426
-2.08861959562
-2.0907634724
-2.09269473406
-2.09441653603
-2.09593202709
-2.09724434832
-2.09835663228
-2.09927200208
-2.09999357064
-2.10052443986
-2.1008677
-2.10102642896
-2.1010036917
-2.10080253969
-2.10042601038
-2.09987712671
-2.09915889672
-2.0982743131
-2.09722635288
-2.0960179771
-2.09465213048
-2.0931317412
-2.09145972065
-2.08963896323
-2.08767234613
-2.0855627292
-2.08331295481
-2.08092584766
-2.07840421473
-2.07575084514
-2.07296851004
-2.07005996256
-2.06702793768
-2.06387515219
-2.0606043046
-2.05721807507
-2.0537191253
-2.05011009851
-2.04639361933
-2.04257229372
-2.03864870885
-2.03462543309
-2.03050501584
-2.02628998744
-2.02198285908
-2.01758612268
-2.01310225076
-2.00853369629
-2.00388289261
-1.99915225322
-1.9943441717
-1.9894610215
-1.98450515582
-1.97947890742
-1.97438458849
-1.96922449043
-1.96400088373
-1.95871601775
-1.95337212059
-1.94797139888
-1.94251603758
-1.93700819988
-1.93145002696
-1.92584363781
-1.92019112912
-1.91449457503
-1.90875602704
-1.90297751377
-1.89716104085
-1.89130859075
-1.88542212261
-1.87950357209
-1.87355485124
-1.86757784834
-1.86157442775
-1.85554642979
-1.84949567059
-1.84342394196
-1.83733301125
-1.83122462122
-1.82510048994
-1.81896231061
-1.81281175146
-1.80665045562
-1.80048004097
-1.79430210003
-1.78811819983
-1.78192988172
-1.77573866131
-1.76954602826
-1.76335344617
-1.75716235239
-1.75097415793
-1.74479024722
-1.73861197801
-1.73244068116
-1.72627766051
-1.72012419263
-1.71398152672
-1.70785088436
-1.70173345935
-1.69563041752
-1.68954289653
-1.68347200567
-1.67741882565
-1.67138440843
-1.66536977703
-1.6593759253
-1.65340381777
-1.64745438942
-1.64152854557
-1.63562716163
-1.62975108302
-1.62390112493
-1.61807807225
-1.61228267943
-1.60651567034
-1.6007777382
-1.59506954547
-1.58939172386
-1.5837448742
-1.57812956649
-1.57254633989
-1.56699570274
-1.56147813261
-1.55599407642
-1.55054395051
-1.54512814081
-1.53974700299
-1.53440086267
-1.52909001563
-1.52381472811
-1.51857523706
-1.51337175048
-1.50820444781
-1.50307348024
-1.49797897119
-1.49292101675
-1.48789968615
-1.48291502223
-1.47796704206
-1.47305573743
-1.46818107548
-1.46334299931
-1.45854142861
-1.45377626034
-1.4490473694
-1.44435460935
-1.43969781314
-1.43507679382
-1.43049134533
-1.42594124324
-1.42142624556
-1.4169460935
-1.41250051227
-1.40808921192
-1.40371188808
-1.39936822283
-1.39505788546
-1.3907805333
-1.38653581252
-1.38232335889
-1.37814279863
-1.37399374913
-1.36987581975
-1.36578861254
-1.36173172305
-1.35770474096
-1.35370725088
-1.34973883299
-1.34579906372
-1.34188751641
-1.33800376195
-1.3341473694
-1.33031790653
-1.32651494046
-1.32273803814
-1.31898676691
-1.315260695
-1.31155939197
-1.30788242917
-1.3042293802
-1.30059982125
-1.29699333153
-1.29340949359
-1.28984789366
-1.28630812196
-1.28278977294
-1.2792924456
-1.27581574369
-1.27235927592
-1.26892265615
-1.2655055036
-1.26210744293
-1.25872810443
-1.2553671241
-1.25202414373
-1.24869881101
-1.24539077954
-1.24209970888
-1.23882526458
-1.23556711817
-1.23232494713
-1.22909843489
-1.22588727075
-1.22269114985
-1.21950977305
-1.21634284688
-1.21319008343
-1.21005120018
-1.20692591996
-1.20381397071
-1.20071508539
-1.19762900177
-1.19455546227
-1.19149421375
-1.18844500734
-1.18540759818
-1.18238174519
-1.1793672109
-1.17636376113
-1.17337116475
-1.17038919343
-1.16741762138
-1.16445622499
-1.16150478264
-1.15856307432
-1.15563088134
-1.15270798604
-1.14979417145
-1.14688922095
-1.14399291796
-1.14110504559
-1.13822538632
-1.1353537216
-1.13248983158
-1.12963349471
-1.12678448739
-1.12394258365
-1.12110755478
-1.11827916902
-1.11545719113
-1.11264138217
-1.10983149908
-1.10702729436
-1.10422851579
-1.1014349061
-1.09864620262
-1.09586213707
-1.09308243521
-1.09030681659
-1.08753499432
-1.08476667478
-1.08200155745
-1.07923933464
-1.07647969137
-1.07372230514
-1.0709668458
-1.06821297543
-1.06546034822
-1.06270861039
-1.05995740013
-1.05720634755
-1.05445507468
-1.0517031955
-1.04895031594
-1.04619603399
-1.04343993978
-1.04068161571
-1.03792063659
-1.03515656982
-1.03238897564
-1.02961740732
-1.02684141148
-1.02406052834
-1.02127429208
-1.0184822312
-1.01568386888
-1.01287872343
-1.01006630871
-1.0072461346
-1.0044177075
-1.00158053088
-0.998734105786
-0.995877931428
-0.993011505793
-0.990134326244
-0.987245890173
-0.984345695651
-0.981433242115
-0.97850803106
-0.975569566755
-0.972617356965
-0.969650913698
-0.966669753953
-0.963673400484
-0.960661382566
-0.957633236779
-0.954588507782
-0.951526749102
-0.948447523922
-0.945350405858
-0.942234979749
-0.939100842436
-0.935947603527
-0.93277488617
-0.9295823278
-0.926369580888
-0.923136313667
-0.919882210843
-0.916606974301
-0.913310323772
-0.909991997499
-0.906651752867
-0.903289367019
-0.899904637438
-0.896497382509
-0.893067442049
-0.88961467781
-0.886138973949
-0.882640237466
-0.87911839861
-0.875573411252
-0.872005253215
-0.868413926582
-0.864799457953
-0.861161898672
-0.857501325015
-0.853817838335
-0.850111565179
-0.846382657347
-0.842631291932
-0.838857671306
-0.83506202307
-0.831244599968
-0.827405679755
-0.823545565033
-0.819664583042
-0.815763085414
-0.811841447895
-0.807900070017
-0.803939374748
-0.799959808095
-0.79596183868
-0.791945957273
-0.787912676304
-0.78386252933
-0.779796070482
-0.775713873876
-0.771616532997
-0.767504660058
-0.763378885332
-0.759239856457
-0.755088237721
-0.750924709328
-0.746749966636
-0.742564719387
-0.738369690907
-0.734165617307
-0.729953246655
-0.725733338142
-0.72150666124
-0.717273994848
-0.713036126428
-0.708793851139
-0.704547970965
-0.700299293841
-0.696048632776
-0.691796804978
-0.687544630979
-0.683292933766
-0.679042537912
-0.674794268719
-0.670548951363
-0.666307410053
-0.662070467196
-0.657838942574
-0.653613652539
-0.649395409214
-0.645185019715
-0.640983285391
-0.636791001074
-0.632608954353
-0.628437924871
-0.624278683634
-0.620131992347
-0.615998602777
-0.611879256126
-0.607774682443
-0.603685600053
-0.599612715012
-0.595556720591
-0.591518296783
-0.587498109845
-0.583496811858
-0.579515040325
-0.575553417789
-0.571612551488
-0.567693033035
-0.563795438129
-0.559920326292
-0.556068240647
-0.552239707709
-0.548435237225
-0.544655322025
-0.540900437918
-0.537171043609
-0.533467580645
-0.529790473397
-0.526140129063
-0.522516937703
-0.518921272297
-0.515353488837
-0.511813926439
-0.508302907485
-0.504820737785
-0.50136770677
-0.497944087699
-0.494550137897
-0.49118609901
-0.487852197281
-0.484548643843
-0.481275635036
-0.478033352736
-0.474821964701
-0.471641624931
-0.468492474048
-0.465374639675
-0.462288236842
-0.459233368387
-0.456210125377
-0.453218587529
-0.45025882364
-0.447330892019
-0.444434840925
-0.441570709008
-0.438738525746
-0.435938311882
-0.433170079867
-0.430433834288
-0.427729572303
-0.425057284061
-0.422416953123
-0.419808556872
-0.417232066914
-0.414687449471
-0.412174665764
-0.409693672382
-0.40724442164
-0.404826861928
-0.402440938039
-0.400086591488
-0.397763760817
-0.39547238188
-0.393212388118
-0.390983710811
-0.38878627932
-0.386620021309
-0.384484862952
-0.38238072912
-0.380307543557
-0.378265229029
-0.376253707467
-0.37427290009
-0.372322727502
-0.370403109791
-0.368513966593
-0.366655217155
-0.364826780372
-0.363028574819
-0.36126051876
-0.359522530146
-0.357814526605
-0.356136425412
-0.354488143449
-0.352869597156
-0.351280702469
-0.349721374749
-0.348191528699
-0.346691078276
-0.345219936592
-0.343778015809
-0.342365227025
-0.340981480159
-0.339626683822
-0.338300745195
-0.33700356989
-0.335735061817
-0.334495123046
-0.333283653661
-0.332100551621
-0.330945712614
-0.329819029911
-0.328720394225
-0.327649693558
-0.326606813064
-0.325591634903
-0.324604038098
-0.323643898399
-0.32271108814
-0.32180547611
-0.320926927416
-0.320075303353
-0.319250461285
-0.318452254512
-0.317680532161
-0.316935139064
-0.31621591565
-0.315522697837
-0.314855316927
-0.314213599513
-0.313597367376
-0.313006437405
-0.312440621501
-0.311899726505
-0.311383554117
-0.310891900823
-0.310424557832
-0.30998131101
-0.309561940822
-0.309166222283
-0.308793924904
-0.308444812652
-0.308118643911
-0.307815171448
-0.307534142383
-0.307275298167
-0.307038374563
-0.306823101632
-0.306629203726
-0.306456399483
-0.306304401834
-0.306172918007
-0.306061649544
-0.305970292319
-0.305898536567
-0.305846066913
-0.305812562414
-0.305797696601
-0.305801137531
-0.305822547847
-0.305861584842
-0.305917900532
-0.305991141736
-0.306080950162
-0.3061869625
-0.306308810531
-0.306446121228
-0.30659851688
-0.306765615216
-0.306947029541
-0.307142368875
-0.307351238108
-0.307573238154
-0.307807966122
-0.308055015494
-0.308313976302
-0.308584435328
-0.3088659763
-0.309158180105
-0.309460625003
-0.309772886853
-0.310094539349
-0.310425154256
-0.310764301664
-0.311111550238
-0.311466467486
-0.311828620024
-0.312197573853
-0.312572894643
-0.312954148016
-0.313340899845
-0.313732716545
-0.31412916538
-0.314529814768
-0.314934234589
-0.315341996501
-0.315752674251
-0.316165843998
-0.316581084626
-0.316997978068
-0.317416109623
-0.317835068278
-0.318254447026
-0.318673843182
-0.319092858701
-0.319511100489
-0.319928180714
-0.320343717109
-0.320757333278
-0.321168658985
-0.321577330454
-0.321982990645
-0.322385289537
-0.322783884398
-0.323178440044
-0.323568629101
-0.323954132244
-0.324334638437
-0.324709845159
-0.325079458622
-0.325443193979
-0.325800775517
-0.326151936842
-0.326496421055
-0.326833980913
-0.327164378977
-0.327487387752
-0.327802789811
-0.328110377911
-0.328409955089
-0.328701334755
-0.328984340764
-0.32925880748
-0.329524579829
-0.329781513332
-0.330029474133
-0.330268339011
-0.330497995384
-0.330718341294
-0.330929285383
-0.331130746863
-0.331322655468
-0.331504951396
-0.331677585242
-0.331840517919
-0.331993720571
-0.332137174475
-0.332270870932
-0.332394811151
-0.332509006126
-0.332613476497
-0.332708252417
-0.332793373395
-0.332868888146
-0.332934854426
-0.332991338867
-0.333038416797
-0.333076172068
-0.333104696864
-0.33312409152
-0.333134464322
-0.333135931318
-0.333128616112
-0.333112649664
-0.333088170088
-0.33305532244
-0.333014258512
-0.332965136622
-0.332908121402
-0.332843383586
-0.3327710998
-0.332691452347
-0.332604628994
-0.332510822763
-0.332410231718
-0.332303058756
-0.332189511396
-0.332069801573
-0.331944145431
-0.33181276312
-0.331675878589
-0.331533719391
-0.331386516482
-0.331234504024
-0.331077919194
-0.330917001993
-0.330751995054
-0.330583143461
-0.330410694566
-0.330234897804
-0.330056004525
-0.329874267814
-0.329689942321
-0.329503284097
-0.329314550429
-0.329123999675
-0.328931891113
-0.32873848478
-0.328544041328
-0.32834882187
-0.328153087839
-0.327957100847
-0.327761122546
-0.327565414493
-0.327370238023
-0.327175854117
-0.326982523279
-0.326790505417
-0.326600059721
-0.326411444552
-0.326224917331
-0.326040734428
-0.325859151059
-0.325680421184
-0.32550479741
-0.325332530891
-0.325163871243
-0.324999066445
-0.324838362761
-0.32468200465
-0.32453023469
-0.324383293497
-0.32424141965
-0.324104849616
-0.323973817686
-0.3238485559
-0.323729293986
-0.323616259294
-0.323509676736
-0.323409768727
-0.323316755128
-0.323230853192
-0.323152277506
-0.323081239946
-0.32301794962
-0.322962612823
-0.32291543299
-0.322876610647
-0.322846343367
-0.322824825728
-0.322812249263
-0.322808802426
-0.322814670542
-0.32283003577
-0.32285507706
-0.322889970114
-0.322934887341
-0.32298999782
-0.323055467258
-0.32313145795
-0.323218128736
-0.32331563496
-0.323424128431
-0.323543757378
-0.323674666408
-0.323816996466
-0.323970884785
-0.32413646485
-0.324313866347
-0.32450321512
-0.324704633126
-0.324918238389
-0.32514414495
-0.325382462823
-0.325633297946
-0.325896752131
-0.326172923019
-0.326461904028
-0.326763784304
-0.327078648676
-0.3274065776
-0.327747647116
-0.328101928798
-0.328469489701
-0.32885039232
-0.329244694537
-0.32965244958
-0.330073705972
-0.33050850749
-0.330956893122
-0.331418897022
-0.331894548477
-0.33238387186
-0.3328868866
-0.333403607148
-0.33393404294
-0.334478198374
-0.335036072782
-0.335607660401
-0.336192950361
-0.336791926662
-0.337404568162
-0.338030848566
-0.33867073642
-0.339324195108
-0.339991182852
-0.34067165272
-0.341365552633
-0.342072825379
-0.342793408634
-0.343527234984
-0.34427423195
-0.345034322024
-0.345807422704
-0.346593446539
-0.347392301172
-0.348203889397
-0.349028109211
-0.34986485388
-0.350714012004
-0.351575467592
-0.352449100134
-0.353334784688
-0.354232391965
-0.35514178842
-0.356062836349
-0.356995393993
-0.357939315638
-0.358894451731
-0.359860648992
-0.360837750533
-0.361825595983
-0.36282402161
-0.363832860461
-0.364851942486
-0.365881094685
-0.366920141243
-0.36796890368
-0.369027200995
-0.370094849817
-0.371171664558
-0.372257457572
-0.373352039305
-0.374455218463
-0.375566802167
-0.376686596121
-0.377814404769
-0.378950031471
-0.380093278658
-0.381243948007
-0.382401840607
-0.383566757123
-0.384738497968
-0.385916863469
-0.387101654035
-0.388292670323
-0.389489713405
-0.390692584932
-0.3919010873
-0.393115023809
-0.39433419883
-0.395558417958
-0.396787488175
-0.398021218001
-0.399259417653
-0.400501899191
-0.401748476669
-0.402998966282
-0.404253186507
-0.405510958247
-0.406772104963
-0.408036452815
-0.40930383079
-0.410574070827
-0.411847007948
-0.413122480375
-0.414400329647
-0.415680400738
-0.416962542161
-0.418246606081
-0.419532448414
-0.420819928925
-0.422108911326
-0.423399263364
-0.424690856912
-0.425983568047
-0.42727727713
-0.428571868886
-0.429867232465
-0.43116326152
-0.43245985426
-0.433756913514
-0.435054346781
-0.436352066284
-0.437649989015
-0.438948036772
-0.440246136204
-0.441544218838
-0.442842221111
-0.444140084396
-0.445437755019
-0.446735184279
-0.448032328458
-0.44932914883
-0.450625611666
-0.451921688233
-0.453217354787
-0.454512592568
-0.455807387786
-0.457101731603
-0.458395620111
-0.459689054311
-0.460982040076
-0.462274588123
-0.463566713973
-0.464858437909
-0.466149784927
-0.467440784687
-0.468731471461
-0.470021884067
-0.471312065811
-0.472602064419
-0.473891931961
-0.475181724779
-0.476471503407
-0.477761332482
-0.479051280662
-0.480341420528
-0.48163182849
-0.482922584685
-0.484213772875
-0.485505480334
-0.486797797739
-0.48809081905
-0.489384641395
-0.490679364938
-0.491975092759
-0.493271930717
-0.494569987318
-0.495869373576
-0.497170202868
-0.498472590793
-0.499776655021
-0.501082515143
-0.502390292514
-0.5037001101
-0.505012092313
-0.50632636485
-0.507643054531
-0.508962289127
-0.510284197193
-0.511608907895
-0.51293655084
-0.514267255896
-0.515601153018
-0.51693837207
-0.518279042647
-0.519623293892
-0.520971254319
-0.52232305163
-0.523678812531
-0.525038662556
-0.526402725879
-0.527771125138
-0.52914398125
-0.530521413233
-0.531903538026
-0.53329047031
-0.534682322332
-0.536079203731
-0.537481221361
-0.538888479122
-0.540301077788
-0.541719114843
-0.543142684315
-0.544571876614
-0.546006778371
-0.54744747229
-0.548894036984
-0.550346546839
-0.551805071859
-0.55326967753
-0.554740424683
-0.55621736936
-0.557700562687
-0.559190050748
-0.56068587447
-0.562188069505
-0.563696666124
-0.565211689112
-0.566733157669
-0.568261085317
-0.569795479813
-0.571336343064
-0.572883671056
-0.574437453776
-0.575997675153
-0.577564312995
-0.579137338939
-0.5807167184
-0.582302410533
-0.583894368195
-0.585492537919
-0.587096859889
-0.588707267921
-0.590323689456
-0.591946045555
-0.593574250896
-0.595208213786
-0.596847836172
-0.59849301366
-0.600143635541
-0.601799584823
-0.603460738267
-0.605126966428
-0.606798133707
-0.608474098402
-0.61015471277
-0.61183982309
-0.613529269733
-0.615222887243
-0.616920504409
-0.618621944359
-0.620327024647
-0.622035557351
-0.623747349171
-0.625462201538
-0.627179910719
-0.628900267936
-0.630623059484
-0.63234806685
-0.634075066845
-0.635803831732
-0.637534129362
-0.63926572331
-0.640998373022
-0.642731833957
-0.644465857736
-0.646200192297
-0.647934582047
-0.649668768022
-0.651402488051
-0.653135476916
-0.65486746652
-0.656598186058
-0.658327362188
-0.660054719205
-0.661779979219
-0.663502862331
-0.665223086816
-0.666940369306
-0.668654424973
-0.670364967716
-0.672071710351
-0.673774364796
-0.675472642269
-0.677166253475
-0.678854908801
-0.680538318513
-0.682216192951
-0.683888242729
-0.68555417893
-0.687213713305
-0.68886655848
-0.690512428149
-0.69215103728
-0.693782102317
-0.695405341385
-0.697020474487
-0.698627223717
-0.700225313458
-0.701814470587
-0.703394424683
-0.704964908231
-0.706525656822
-0.708076409366
-0.709616908291
-0.711146899749
-0.712666133819
-0.714174364714
-0.715671350982
-0.717156855708
-0.718630646718
-0.720092496778
-0.721542183797
-0.722979491023
-0.724404207242
-0.725816126978
-0.727215050685
-0.728600784939
-0.729973142636
-0.731331943177
-0.732677012662
-0.734008184069
-0.735325297444
-0.736628200081
-0.737916746699
-0.739190799623
-0.740450228951
-0.741694912732
-0.742924737124
-0.744139596566
-0.745339393933
-0.746524040692
-0.747693457055
-0.74884757213
-0.749986324056
-0.751109660151
-0.752217537036
-0.753309920772
-0.754386786978
-0.755448120951
-0.756493917775
-0.757524182431
-0.758538929892
-0.759538185218
-0.760521983647
-0.761490370665
-0.762443402088
-0.76338114412
-0.764303673417
-0.765211077131
-0.766103452956
-0.766980909161
-0.767843564614
-0.768691548801
-0.769525001831
-0.770344074441
-0.77114892798
-0.771939734395
-0.772716676198
-0.773479946432
-0.774229748623
-0.774966296719
-0.775689815028
-0.776400538135
-0.777098710821
-0.777784587959
-0.77845843441
-0.779120524904
-0.779771143912
-0.780410585505
-0.781039153208
-0.781657159837
-0.782264927331
-0.782862786571
-0.783451077192
-0.784030147377
-0.78460035365
-0.785162060657
-0.785715640928
-0.786261474646
-0.786799949388
-0.787331459874
-0.787856407692
-0.788375201022
-0.788888254351
-0.789395988178
-0.789898828708
-0.790397207546
-0.790891561371
-0.791382331615
-0.791869964129
-0.792354908839
-0.792837619403
-0.793318552857
-0.793798169257
-0.794276931315
-0.794755304027
-0.795233754308
-0.795712750606
-0.796192762528
-0.79667426045
-0.797157715136
-0.797643597346
-0.798132377444
-0.79862452501
-0.799120508442
-0.799620794567
-0.800125848245
-0.800636131976
-0.801152105511
-0.801674225461
-0.802202944906
-0.802738713012
-0.803281974651
-0.803833170015
-0.804392734248
-0.804961097072
-0.80553868242
-0.80612590808
-0.806723185335
-0.807330918618
-0.807949505172
-0.808579334709
-0.809220789091
-0.809874242003
-0.81054005865
-0.811218595448
-0.811910199734
-0.812615209484
-0.813333953035
-0.814066748822
-0.814813905129
-0.81557571984
-0.816352480207
-0.817144462635
-0.817951932467
-0.818775143787
-0.819614339234
-0.82046974983
-0.821341594815
-0.822230081496
-0.823135405116
-0.824057748721
-0.824997283055
-0.825954166455
-0.826928544767
-0.827920551272
-0.828930306624
-0.829957918801
-0.83100348307
-0.832067081965
-0.833148785275
-0.834248650048
-0.835366720605
-0.836503028566
-0.837657592892
-0.838830419937
-0.840021503507
-0.841230824941
-0.842458353197
-0.843704044947
-0.844967844692
-0.84624968488
-0.847549486037
-0.848867156911
-0.850202594625
-0.851555684836
-0.85292630191
-0.854314309104
-0.855719558755
-0.857141892479
-0.858581141381
-0.860037126269
-0.86150965788
-0.862998537108
-0.864503555246
-0.86602449423
-0.867561126888
-0.869113217203
-0.87068052057
-0.872262784068
-0.873859746735
-0.875471139841
-0.877096687175
-0.878736105329
-0.880389103986
-0.882055386213
-0.883734648759
-0.885426582347
-0.887130871978
-0.888847197226
-0.890575232547
-0.892314647576
-0.89406510743
-0.895826273014
-0.897597801323
-0.899379345743
-0.901170556351
-0.902971080217
-0.904780561704
-0.906598642758
-0.908424963208
-0.910259161054
-0.912100872757
-0.913949733524
-0.915805377591
-0.917667438501
-0.919535549374
-0.921409343187
-0.923288453029
-0.925172512371
-0.927061155317
-0.928954016857
-0.930850733115
-0.932750941587
-0.934654281378
-0.936560393432
-0.938468920753
-0.940379508627
-0.94229180483
-0.944205459836
-0.946120127016
-0.948035462828
-0.949951127009
-0.951866782751
-0.953782096875
-0.95569674
-0.957610386701
-0.959522715668
-0.961433409846
-0.963342156582
-0.965248647758
-0.967152579915
-0.969053654382
-0.970951577384
-0.972846060155
-0.974736819037
-0.976623575582
-0.978506056635
-0.980383994425
-0.982257126636
-0.984125196488
-0.985987952797
-0.987845150038
-0.989696548401
-0.991541913842
-0.993381018127
-0.995213638871
-0.997039559574
-0.998858569654
-1.00067046446
-1.00247504532
-1.00427211952
-1.00606150034
-1.00784300706
-1.00961646495
-1.0113817053
-1.01313856538
-1.01488688843
-1.01662652371
-1.01835732639
-1.02007915761
-1.02179188443
-1.02349537979
-1.0251895225
-1.02687419722
-1.02854929439
-1.03021471024
-1.03187034669
-1.03351611137
-1.03515191754
-1.03677768407
-1.03839333533
-1.03999880122
-1.04159401706
-1.04317892354
-1.0447534667
-1.04631759782
-1.04787127337
-1.04941445496
-1.05094710929
-1.05246920802
-1.05398072775
-1.05548164994
-1.05697196082
-1.05845165132
-1.05992071698
-1.06137915792
-1.06282697867
-1.06426418816
-1.0656907996
-1.06710683041
-1.06851230209
-1.06990724019
-1.07129167415
-1.07266563725
-1.07402916651
-1.07538230255
-1.07672508954
-1.07805757506
-1.07937981002
-1.08069184853
-1.08199374781
-1.08328556808
-1.08456737242
-1.08583922669
-1.08710119942
-1.08835336165
-1.08959578686
-1.09082855081
-1.09205173146
-1.09326540881
-1.09446966481
-1.09566458321
-1.09685024945
-1.09802675053
-1.09919417487
-1.10035261222
-1.10150215349
-1.10264289064
-1.10377491655
-1.1048983249
-1.10601321002
-1.10711966676
-1.1082177904
-1.10930767647
-1.11038942065
-1.11146311864
-1.11252886601
-1.11358675811
-1.11463688992
-1.11567935592
-1.11671424998
-1.11774166524
-1.11876169398
-1.11977442749
-1.120779956
-1.12177836848
-1.12276975263
-1.12375419468
-1.12473177935
-1.12570258968
-1.12666670698
-1.12762421071
-1.12857517837
-1.12951968545
-1.13045780526
-1.13138960892
-1.13231516526
-1.13323454068
-1.13414779917
-1.13505500214
-1.13595620844
-1.13685147422
-1.13774085292
-1.13862439519
-1.13950214883
-1.14037415878
-1.14124046703
-1.1421011126
-1.14295613153
-1.1438055568
-1.14464941833
-1.14548774299
-1.14632055452
-1.14714787356
-1.14796971763
-1.14878610113
-1.14959703535
-1.15040252845
-1.15120258549
-1.15199720846
-1.15278639625
-1.15357014473
-1.15434844672
-1.1551212921
-1.15588866775
-1.15665055768
-1.157406943
-1.15815780202
-1.15890311028
-1.15964284061
-1.16037696317
-1.16110544556
-1.16182825283
-1.16254534757
-1.16325669
-1.16396223801
-1.16466194729
-1.16535577134
-1.16604366159
-1.16672556752
-1.16740143666
-1.16807121477
-1.16873484586
-1.16939227233
-1.17004343504
-1.1706882734
-1.17132672549
-1.17195872814
-1.17258421704
-1.17320312681
-1.17381539115
-1.1744209429
-1.17501971414
-1.17561163631
-1.17619664031
-1.17677465659
-1.17734561525
-1.17790944613
-1.17846607892
-1.17901544329
-1.1795574689
-1.18009208559
-1.18061922342
-1.18113881276
-1.18165078441
-1.18215506967
-1.18265160044
-1.18314030928
-1.18362112951
-1.18409399532
-1.1845588418
-1.18501560502
-1.18546422215
-1.18590463149
-1.18633677255
-1.18676058611
-1.1871760143
-1.18758300066
-1.18798149015
-1.18837142927
-1.18875276607
-1.18912545023
-1.18948943304
-1.18984466754
-1.19019110845
-1.1905287123
-1.19085743739
-1.19117724386
-1.19148809371
-1.19178995079
-1.19208278087
-1.19236655159
-1.19264123255
-1.19290679523
-1.19316321307
-1.19341046144
-1.19364851762
-1.19387736083
-1.1940969722
-1.19430733477
-1.19450843346
-1.19470025507
-1.19488278826
-1.19505602349
-1.19521995307
-1.19537457105
-1.19551987323
-1.19565585714
-1.19578252197
-1.19589986854
-1.19600789928
-1.19610661816
-1.19619603069
-1.1962761438
-1.19634696586
-1.1964085066
-1.19646077707
-1.19650378957
-1.1965375576
-1.19656209582
-1.19657741999
-1.19658354688
-1.19658049427
-1.19656828083
-1.19654692612
-1.19651645046
-1.19647687493
-1.19642822129
-1.19637051192
-1.19630376972
-1.19622801813
-1.196143281
-1.19604958255
-1.19594694732
-1.19583540012
-1.19571496593
-1.19558566989
-1.19544753721
-1.19530059312
-1.19514486284
-1.1949803715
-1.19480714409
-1.19462520543
-1.19443458008
-1.19423529235
-1.19402736619
-1.1938108252
-1.19358569254
-1.19335199095
-1.19310974263
-1.19285896927
-1.19259969199
-1.1923319313
-1.19205570706
-1.1917710385
-1.19147794413
-1.19117644174
-1.19086654839
-1.19054828038
-1.19022165321
-1.1898866816
-1.18954337944
-1.1891917598
-1.18883183491
-1.18846361615
-1.18808711405
-1.18770233828
-1.18730929765
-1.1869080001
-1.18649845271
-1.18608066172
-1.18565463248
-1.18522036954
-1.18477787657
-1.18432715643
-1.18386821117
-1.18340104202
-1.18292564944
-1.18244203311
-1.18195019194
-1.18145012414
-1.18094182718
-1.18042529783
-1.17990053222
-1.17936752582
-1.17882627345
-1.17827676939
-1.1777190073
-1.17715298032
-1.17657868109
-1.17599610173
-1.17540523394
-1.17480606897
-1.17419859769
-1.17358281058
-1.17295869782
-1.17232624926
-1.17168545449
-1.17103630285
-1.17037878348
-1.16971288534
-1.16903859723
-1.16835590784
-1.16766480577
-1.16696527958
-1.16625731779
-1.16554090891
-1.16481604151
-1.1640827042
-1.16334088568
-1.16259057477
-1.16183176043
-1.16106443178
-1.16028857815
-1.15950418907
-1.15871125431
-1.15790976391
-1.15709970819
-1.15628107778
-1.15545386363
-1.15461805702
-1.15377364961
-1.15292063342
-1.15205900088
-1.15118874481
-1.15030985846
-1.14942233551
-1.14852617008
-1.14762135676
-1.14670789057
-1.14578576702
-1.14485498211
-1.1439155323
-1.14296741456
-1.14201062631
-1.14104516551
-1.14007103059
-1.13908822048
-1.13809673458
-1.13709657282
-1.1360877356
-1.13507022379
-1.13404403876
-1.13300918235
-1.13196565685
-1.13091346502
-1.12985261008
-1.12878309567
-1.12770492587
-1.12661810519
-1.12552263853
-1.12441853119
-1.12330578886
-1.12218441759
-1.1210544238
-1.11991581422
-1.11876859594
-1.11761277634
-1.11644836309
-1.11527536415
-1.11409378774
-1.11290364232
-1.11170493658
-1.11049767942
-1.10928187994
-1.10805754742
-1.10682469128
-1.10558332112
-1.10433344664
-1.10307507767
-1.10180822412
-1.100532896
-1.09924910338
-1.09795685638
-1.09665616516
-1.0953470399
-1.09402949079
-1.09270352805
-1.09136916185
-1.09002640235
-1.0886752597
-1.08731574398
-1.08594786524
-1.08457163348
-1.08318705863
-1.08179415056
-1.08039291906
-1.07898337387
-1.07756552464
-1.07613938097
-1.07470495235
-1.07326224825
-1.07181127804
-1.07035205104
-1.06888457652
-1.06740886369
-1.06592492175
-1.06443275985
-1.06293238713
-1.06142381273
-1.05990704579
-1.0583820955
-1.05684897106
-1.05530768178
-1.053758237
-1.05220064619
-1.05063491894
-1.04906106498
-1.04747909422
-1.04588901676
-1.04429084292
-1.04268458327
-1.04107024866
-1.03944785025
-1.03781739954
-1.03617890839
-1.03453238905
-1.03287785424
-1.0312153171
-1.02954479129
-1.02786629102
-1.02617983104
-1.02448542672
-1.02278309405
-1.02107284973
-1.01935471112
-1.01762869637
-1.01589482438
-1.01415311488
-1.01240358845
-1.01064626655
-1.00888117156
-1.00710832683
-1.00532775668
-1.00353948647
-1.00174354259
-0.999939952542
-0.998128744923
-0.996309949488
-0.994483597164
-0.992649720081
-0.990808351598
-0.98895952633
-0.987103280171
-0.985239650315
-0.983368675282
-0.981490394932
-0.979604850488
-0.977712084552
-0.975812141118
-0.973905065589
-0.971990904782
-0.970069706949
-0.968141521773
-0.966206400384
-0.964264395358
-0.962315560721
-0.960359951952
-0.958397625977
-0.95642864117
-0.954453057347
-0.952470935758
-0.950482339078
-0.948487331399
-0.94648597821
-0.944478346392
-0.942464504194
-0.940444521217
-0.938418468394
-0.936386417965
-0.934348443459
-0.93230461966
-0.930255022587
-0.92819972946
-0.926138818672
-0.924072369754
-0.922000463343
-0.919923181146
-0.917840605903
-0.915752821349
-0.913659912175
-0.911561963985
-0.909459063258
-0.907351297301
-0.905238754207
-0.903121522811
-0.900999692641
-0.898873353874
-0.896742597289
-0.894607514214
-0.892468196485
-0.89032473639
-0.888177226624
-0.886025760236
-0.88387043058
-0.881711331266
-0.879548556105
-0.877382199064
-0.875212354212
-0.87303911567
-0.87086257756
-0.868682833958
-0.866499978839
-0.864314106034
-0.862125309175
-0.85993368165
-0.857739316555
-0.855542306646
-0.853342744292
-0.85114072143
-0.84893632952
-0.846729659502
-0.84452080175
-0.842309846032
-0.840096881468
-0.837881996491
-0.835665278805
-0.833446815353
-0.831226692272
-0.829004994866
-0.826781807564
-0.824557213895
-0.82233129645
-0.820104136853
-0.817875815735
-0.815646412703
-0.813416006318
-0.811184674065
-0.808952492333
-0.806719536396
-0.804485880385
-0.802251597278
-0.800016758876
-0.797781435791
-0.795545697432
-0.793309611988
-0.791073246425
-0.788836666466
-0.786599936593
-0.784363120034
-0.782126278761
-0.779889473485
-0.777652763656
-0.775416207463
-0.773179861832
-0.770943782433
-0.768708023681
-0.766472638746
-0.764237679556
-0.76200319681
-0.759769239983
-0.757535857347
-0.755303095974
-0.75307100176
-0.750839619436
-0.748608992588
-0.746379163677
-0.744150174058
-0.741922064003
-0.739694872727
-0.737468638409
-0.735243398221
-0.733019188356
-0.730796044056
-0.728573999644
-0.726353088553
-0.724133343362
-0.721914795828
-0.719697476923
-0.717481416871
-0.715266645183
-0.7130531907
-0.710841081628
-0.708630345584
-0.706421009636
-0.704213100344
-0.702006643808
-0.69980166571
-0.697598191358
-0.695396245739
-0.693195853558
-0.690997039291
-0.688799827234
-0.686604241546
-0.684410306307
-0.682218045559
-0.680027483365
-0.677838643851
-0.675651551263
-0.673466230015
-0.671282704742
-0.669101000347
-0.666921142054
-0.66474315546
-0.662567066584
-0.660392901915
-0.658220688462
-0.656050453806
-0.653882226143
-0.651716034335
-0.649551907955
-0.647389877332
-0.645229973595
-0.643072228718
-0.640916675558
-0.6387633479
-0.636612280492
-0.634463509082
-0.632317070456
-0.630173002471
-0.628031344082
-0.625892135377
-0.623755417602
-0.621621233183
-0.619489625754
-0.617360640172
-0.615234322535
-0.613110720199
-0.610989881787
-0.608871857199
-0.606756697615
-0.604644455504
-0.602535184615
-0.60042893998
-0.598325777901
-0.596225755944
-0.594128932924
-0.592035368883
-0.589945125074
-0.587858263933
-0.585774849051
-0.583694945141
-0.581618618002
-0.57954593448
-0.577476962423
-0.575411770633
-0.573350428817
-0.571293007527
-0.569239578106
-0.567190212622
-0.565144983805
-0.56310396497
-0.561067229952
-0.559034853022
-0.557006908809
-0.554983472213
-0.552964618323
-0.550950422321
-0.548940959388
-0.546936304613
-0.544936532884
-0.542941718794
-0.540951936532
-0.538967259774
-0.536987761577
-0.535013514263
-0.533044589309
-0.531081057229
-0.529122987457
-0.527170448228
-0.525223506462
-0.523282227637
-0.521346675674
-0.519416912813
-0.517492999489
-0.515574994215
-0.513662953454
-0.511756931505
-0.509856980376
-0.50796314967
-0.506075486464
-0.504194035194
-0.502318837542
-0.500449932319
-0.49858735536
-0.496731139414
-0.494881314041
-0.49303790551
-0.491200936702
-0.489370427017
-0.487546392281
-0.485728844667
-0.483917792607
-0.482113240719
-0.480315189741
-0.478523636455
-0.476738573638
-0.474959990001
-0.473187870144
-0.471422194513
-0.469662939369
-0.467910076752
-0.466163574467
-0.464423396068
-0.462689500848
-0.460961843843
-0.459240375841
-0.457525043395
-0.455815788848
-0.454112550369
-0.452415261988
-0.45072385365
-0.449038251267
-0.447358376788
-0.445684148272
-0.444015479967
-0.442352282409
-0.440694462515
-0.439041923694
-0.437394565967
-0.435752286087
-0.434114977678
-0.432482531378
-0.430854834986
-0.429231773625
-0.42761322991
-0.425999084119
-0.424389214384
-0.422783496875
-0.421181806004
-0.41958401463
-0.41798999427
-0.416399615325
-0.414812747299
-0.413229259043
-0.411649018985
-0.410071895381
-0.408497756568
-0.406926471216
-0.405357908592
-0.403791938829
-0.402228433192
-0.400667264357
-0.399108306687
-0.397551436512
-0.39599653242
-0.394443475537
-0.392892149817
-0.391342442338
-0.389794243585
-0.388247447752
-0.386701953027
-0.385157661888
-0.383614481395
-0.382072323482
-0.380531105245
-0.378990749229
-0.377451183716
-0.375912343006
-0.374374167694
-0.372836604949
-0.371299608782
-0.369763140316
-0.368227168041
-0.366691668076
-0.365156624412
-0.363622029162
-0.36208788279
-0.360554194343
-0.35902098167
-0.357488271636
-0.355956100324
-0.354424513228
-0.35289356544
-0.351363321827
-0.349833857187
-0.348305256414
-0.346777614633
-0.345251037334
-0.343725640493
-0.342201550677
-0.340678905142
-0.339157851917
-0.337638549868
-0.336121168764
-0.334605889311
-0.333092903189
-0.331582413067
-0.330074632601
-0.328569786426
-0.327068110131
-0.325569850212
-0.324075264025
-0.32258461971
-0.321098196107
-0.319616282661
-0.318139179304
-0.316667196326
-0.315200654233
-0.313739883588
-0.312285224837
-0.310837028122
-0.309395653079
-0.307961468618
-0.306534852696
-0.305116192067
-0.303705882027
-0.302304326138
-0.30091193594
-0.299529130654
-0.298156336866
-0.296793988201
-0.295442524985
-0.294102393892
-0.292774047584
-0.291457944331
-0.290154547631
-0.288864325809
-0.287587751611
-0.286325301785
-0.285077456658
-0.283844699694
-0.282627517052
-0.281426397135
-0.280241830125
-0.279074307513
-0.277924321632
-0.276792365166
-0.275678930669
-0.274584510071
-0.273509594179
-0.272454672179
-0.271420231131
-0.270406755458
-0.26941472644
-0.268444621704
-0.267496914704
-0.266572074216
-0.26567056382
-0.264792841389
-0.263939358578
-0.263110560313
-0.262306884288
-0.261528760458
-0.260776610541
-0.26005084752
-0.259351875156
-0.2586800875
-0.258035868419
-0.257419591115
-0.256831617671
-0.256272298587
-0.255741972334
-0.255240964916
-0.25476958944
-0.254328145695
-0.253916919748
-0.253536183541
-0.253186194511
-0.252867195214
-0.252579412966
-0.252323059495
-0.252098330609
-0.251905405877
-0.251744448324
-0.251615604141
-0.251519002413
-0.251454754862
-0.251422955599
-0.251423680909
-0.251456989031
-0.251522919977
-0.251621495352
-0.251752718201
-0.25191657287
-0.252113024887
-0.252342020858
-0.25260348839
-0.252897336021
-0.253223453179
-0.253581710155
-0.253971958094
-0.254394029012
-0.254847735825
-0.255332872398
-0.255849213618
-0.256396515485
-0.256974515215
-0.257582931374
-0.258221464021
-0.258889794875
-0.259587587503
-0.260314487515
-0.261070122797
-0.261854103741
-0.26266602351
-0.263505458313
-0.264371967693
-0.265265094847
-0.266184366947
-0.267129295487
-0.268099376644
-0.269094091654
-0.270112907203
-0.271155275838
-0.272220636385
-0.27330841439
-0.274418022563
-0.275548861247
-0.27670031889
-0.277871772539
-0.279062588334
-0.280272122024
-0.28149971949
-0.282744717274
-0.284006443124
-0.285284216544
-0.286577349356
-0.287885146266
-0.289206905437
-0.290541919072
-0.291889474005
-0.293248852286
-0.294619331786
-0.296000186794
-0.297390688623
-0.298790106218
-0.300197706768
-0.301612756313
-0.30303452036
-0.304462264491
-0.305895254982
-0.307332759406
-0.308774047247
-0.310218390505
-0.311665064299
-0.313113347467
-0.314562523163
-0.316011879445
-0.317460709862
-0.318908314031
-0.320353998211
-0.321797075867
-0.323236868225
-0.324672704821
-0.326103924045
-0.327529873661
-0.328949911334
-0.330363405137
-0.331769734048
-0.333168288434
-0.334558470528
-0.33593969489
-0.337311388851
-0.338672992953
-0.340023961369
-0.341363762304
-0.342691878395
-0.344007807083
-0.345311060974
-0.346601168189
-0.347877672691
-0.3491401346
-0.350388130489
-0.351621253666
-0.352839114439
-0.354041340358
-0.355227576449
-0.356397485423
-0.357550747871
-0.35868706244
-0.359806145994
-0.360907733749
-0.361991579403
-0.363057455235
-0.364105152192
-0.365134479964
-0.366145267026
-0.367137360678
-0.368110627054
-0.369064951126
-0.370000236676
-0.370916406265
-0.371813401172
-0.372691181327
-0.373549725215
-0.374389029775
-0.375209110275
-0.37601000017
-0.376791750951
-0.377554431973
-0.378298130262
-0.37902295032
-0.379729013906
-0.3804164598
-0.381085443563
-0.381736137271
-0.382368729246
-0.382983423768
-0.383580440773
-0.384160015545
-0.38472239839
-0.385267854298
-0.385796662603
-0.38630911662
-0.38680552328
-0.387286202753
-0.387751488063
-0.388201724688
-0.388637270163
-0.389058493666
-0.389465775597
-0.389859507158
-0.390240089916
-0.390607935369
-0.390963464502
-0.391307107341
-0.391639302496
-0.391960496712
-0.392271144405
-0.392571707202
-0.392862653477
-0.393144457883
-0.393417600889
-0.393682568306
-0.393939850822
-0.394189943534
-0.394433345479
-0.394670559166
-0.394902090115
-0.395128446389
-0.395350138136
-0.395567677132
-0.395781576324
-0.395992349383
-0.396200510252
-0.396406572709
-0.39661104993
-0.396814454052
-0.397017295756
-0.397220083837
-0.3974233248
-0.397627522448
-0.397833177484
-0.398040787121
-0.398250844693
-0.398463839285
-0.398680255361
-0.398900572406
-0.399125264574
-0.399354800351
-0.399589642218
-0.399830246331
-0.400077062206
-0.40033053242
-0.400591092314
-0.400859169711
-0.401135184644
-0.401419549094
-0.40171266674
-0.402014932714
-0.402326733374
-0.402648446085
-0.402980439007
-0.403323070903
-0.403676690946
-0.404041638547
-0.40441824319
-0.404806824278
-0.405207690987
-0.405621142139
-0.406047466076
-0.406486940552
-0.406939832629
-0.407406398596
-0.407886883879
-0.408381522981
-0.408890539421
-0.409414145684
-0.409952543183
-0.410505922234
-0.411074462032
-0.411658330648
-0.412257685021
-0.412872670974
-0.413503423231
-0.414150065438
-0.414812710208
-0.415491459154
-0.416186402951
-0.416897621389
-0.41762518344
-0.418369147339
-0.419129560659
-0.419906460404
-0.420699873102
-0.42150981491
-0.422336291718
-0.423179299269
-0.424038823271
-0.424914839531
-0.425807314078
-0.426716203302
-0.427641454095
-0.428583003991
-0.429540781319
-0.430514705353
-0.431504686469
-0.432510626305
-0.433532417921
-0.434569945967
-0.43562308685
-0.436691708905
-0.437775672569
-0.438874830551
-0.439989028013
-0.441118102746
-0.44226188535
-0.443420199413
-0.44459286169
-0.445779682289
-0.44698046485
-0.44819500673
-0.449423099179
-0.45066452753
-0.451919071377
-0.453186504754
-0.454466596321
-0.455759109542
-0.457063802861
-0.458380429884
-0.459708739554
-0.461048476328
-0.462399380348
-0.463761187617
-0.465133630169
-0.466516436234
-0.467909330413
-0.469312033836
-0.470724264331
-0.472145736581
-0.473576162285
-0.475015250318
-0.476462706879
-0.477918235651
-0.479381537946
-0.480852312857
-0.4823302574
-0.48381506666
-0.48530643393
-0.486804050853
-0.488307607555
-0.489816792779
-0.491331294021
-0.492850797653
-0.494374989056
-0.495903552743
-0.497436172478
-0.498972531403
-0.500512312153
-0.502055196972
-0.503600867827
-0.505149006525
-0.506699294817
-0.508251414511
-0.50980504758
-0.511359876263
-0.51291558317
-0.514471851387
-0.516028364573
-0.51758480706
-0.519140863952
-0.52069622122
-0.522250565798
-0.523803585676
-0.525354969993
-0.526904409131
-0.528451594803
-0.529996220146
-0.531537979807
-0.533076570036
-0.534611688767
-0.536143035714
-0.537670312449
-0.539193222496
-0.54071147141
-0.542224766866
-0.543732818743
-0.54523533921
-0.546732042806
-0.54822264653
-0.549706869919
-0.551184435137
-0.552655067052
-0.554118493328
-0.5555744445
-0.557022654059
-0.55846285854
-0.559894797596
-0.561318214089
-0.562732854167
-0.564138467348
-0.565534806602
-0.566921628432
-0.568298692957
-0.569665763992
-0.571022609128
-0.572368999817
-0.573704711446
-0.57502952342
-0.57634321924
-0.577645586581
-0.578936417373
-0.580215507871
-0.581482658739
-0.582737675117
-0.583980366702
-0.585210547817
-0.586428037482
-0.587632659487
-0.588824242459
-0.59000261993
-0.591167630401
-0.59231911741
-0.593456929587
-0.59458092072
-0.595690949811
-0.596786881131
-0.597868584273
-0.598935934203
-0.599988811308
-0.601027101442
-0.602050695967
-0.603059491795
-0.604053391419
-0.605032302954
-0.605996140159
-0.606944822467
-0.607878275009
-0.608796428629
-0.609699219902
-0.610586591143
-0.611458490417
-0.612314871538
-0.613155694072
-0.613980923325
-0.61479053034
-0.615584491878
-0.616362790399
-0.617125414039
-0.617872356579
-0.618603617416
-0.619319201518
