-0.596099490391
-0.596133256629
-0.596200739212
-0.596301863411
-0.596436529758
-0.596604614183
-0.596805968165
-0.597040418916
-0.597307769586
-0.59760779949
-0.59794026436
-0.598304896624
-0.598701405697
-0.599129478306
-0.599588778823
-0.600078949627
-0.600599611478
-0.601150363918
-0.601730785678
-0.60234043511
-0.602978850628
-0.60364555117
-0.604340036666
-0.605061788522
-0.605810270114
-0.606584927294
-0.607385188903
-0.608210467289
-0.609060158838
-0.609933644506
-0.610830290357
-0.611749448103
-0.61269045565
-0.613652637641
-0.614635305999
-0.615637760477
-0.616659289192
-0.617699169171
-0.618756666882
-0.619831038766
-0.62092153176
-0.622027383817
-0.623147824415
-0.624282075056
-0.625429349765
-0.626588855565
-0.627759792955
-0.628941356365
-0.630132734609
-0.631333111321
-0.632541665371
-0.633757571285
-0.634979999631
-0.636208117406
-0.637441088399
-0.638678073542
-0.639918231249
-0.641160717735
-0.642404687321
-0.643649292723
-0.644893685329
-0.646137015454
-0.647378432586
-0.648617085613
-0.649852123034
-0.651082693161
-0.652307944298
-0.653527024912
-0.654739083789
-0.655943270176
-0.657138733907
-0.658324625521
-0.65950009637
-0.660664298705
-0.661816385765
-0.662955511846
-0.664080832364
-0.665191503909
-0.666286684294
-0.66736553259
-0.668427209163
-0.669470875694
-0.670495695212
-0.671500832099
-0.672485452116
-0.67344872241
-0.674389811525
-0.675307889414
-0.676202127447
-0.677071698428
-0.677915776601
-0.67873353767
-0.679524158818
-0.680286818732
-0.681020697626
-0.681724977283
-0.682398841092
-0.683041474096
-0.683652063049
-0.68422979648
-0.68477386477
-0.685283460232
-0.685757777207
-0.686196012169
-0.686597363843
-0.686961033329
-0.68728622425
-0.687572142896
-0.687817998401
-0.688023002911
-0.688186371788
-0.688307323809
-0.688385081388
-0.688418870815
-0.688407922496
-0.688351471224
-0.688248756449
-0.688099022569
-0.687901519236
-0.68765550167
-0.687360230991
-0.687014974562
-0.686619006342
-0.686171607258
-0.685672065581
-0.685119677317
-0.68451374661
-0.683853586156
-0.683138517617
-0.682367872057
-0.681540990382
-0.680657223779
-0.679715934176
-0.678716494697
-0.677658290128
-0.676540717385
-0.675363185986
-0.674125118527
-0.672825951157
-0.671465134057
-0.670042131918
-0.668556424414
-0.667007506681
-0.665394889785
-0.663718101194
-0.661976685233
-0.66017020355
-0.658298235559
-0.656360378884
-0.654356249793
-0.652285483622
-0.650147735185
-0.647942679177
-0.645670010562
-0.643329444947
-0.640920718943
-0.638443590509
-0.635897839284
-0.633283266894
-0.630599697252
-0.627846976829
-0.625024974914
-0.622133583849
-0.619172719246
-0.616142320181
-0.61304234937
-0.609872793319
-0.60663366245
-0.603324991213
-0.59994683816
-0.596499286009
-0.592982441675
-0.589396436281
-0.58574142514
-0.582017587718
-0.578225127569
-0.574364272242
-0.570435273169
-0.566438405524
-0.562373968058
-0.558242282909
-0.554043695391
-0.54977857375
-0.545447308907
-0.541050314171
-0.536588024925
-0.532060898301
-0.527469412817
-0.522814068008
-0.518095384023
-0.513313901209
-0.508470179667
-0.503564798801
-0.498598356834
-0.493571470316
-0.488484773612
-0.483338918369
-0.478134572974
-0.472872421995
-0.467553165606
-0.462177518999
-0.45674621179
-0.451259987405
-0.445719602459
-0.440125826133
-0.434479439529
-0.428781235031
-0.423032015651
-0.417232594373
-0.411383793495
-0.405486443962
-0.399541384702
-0.393549461957
-0.38751152862
-0.381428443563
-0.375301070976
-0.369130279702
-0.362916942582
-0.356661935795
-0.350366138218
-0.344030430776
-0.337655695809
-0.331242816451
-0.324792676001
-0.318306157325
-0.311784142253
-0.305227510992
-0.298637141551
-0.292013909182
-0.285358685825
-0.278672339578
-0.27195573417
-0.265209728459
-0.258435175938
-0.25163292426
-0.244803814776
-0.237948682097
-0.231068353661
-0.224163649329
-0.217235380989
-0.210284352184
-0.203311357751
-0.196317183487
-0.189302605823
-0.18226839152
-0.175215297386
-0.168144070006
-0.161055445492
-0.15395014925
-0.146828895764
-0.139692388399
-0.132541319219
-0.125376368823
-0.118198206196
-0.111007488582
-0.10380486136
-0.0965909579528
-0.0893663997356
-0.0821317959679
-0.0748877437372
-0.0676348279162
-0.0603736211335
-0.0531046837578
-0.0458285638934
-0.0385457973879
-0.0312569078514
-0.0239624066857
-0.0166627931242
-0.00935855428091
-0.00205016520896
0.00526191103308
0.0125772233067
0.0198953323118
0.0272158104984
0.034538241972
0.0418622223941
0.0491873588766
0.056513269873
0.0638395850646
0.0711659452443
0.0784920021967
0.0858174185766
0.0931418677851
0.100465033844
0.107786611272
0.115106304953
0.122423830016
0.129738911704
0.137051285249
0.144360695749
0.151666898043
0.158969656588
0.166268745344
0.17356394765
0.180855056112
0.188141872489
0.195424207585
0.202701881138
0.209974721721
0.217242566633
0.224505261811
0.231762661726
0.239014629297
0.246261035804
0.253501760796
0.260736692017
0.267965725321
0.275188764603
0.282405721719
0.28961651642
0.296821076286
0.304019336655
0.311211240567
0.3183967387
0.32557578931
0.332748358175
0.339914418539
0.347073951057
0.354226943741
0.361373391903
0.368513298108
0.375646672113
0.382773530819
0.389893898213
0.397007805311
0.404115290105
0.411216397502
0.418311179262
0.425399693936
0.432482006804
0.439558189798
0.446628321441
0.453692486762
0.460750777223
0.467803290635
0.47485013107
0.481891408768
0.488927240043
0.495957747178
0.502983058321
0.510003307372
0.517018633861
0.52402918283
0.531035104698
0.538036555127
0.545033694881
0.552026689672
0.559015710012
0.566000931043
0.572982532377
0.579960697914
0.586935615663
0.593907477556
0.600876479248
0.607842819921
0.61480670207
0.621768331295
0.628727916074
0.635685667543
0.642641799254
0.649596526945
0.65655006829
0.663502642648
0.670454470813
0.677405774745
0.684356777312
0.691307702014
0.698258772711
0.705210213343
0.712162247647
0.71911509887
0.726068989482
0.733024140877
0.739980773086
0.746939104471
0.753899351433
0.760861728102
0.767826446043
0.774793713946
0.781763737324
0.788736718211
0.795712854851
0.802692341402
0.809675367626
0.816662118592
0.823652774372
0.830647509745
0.837646493898
0.844649890135
0.851657855586
0.858670540914
0.865688090037
0.872710639846
0.879738319928
0.886771252292
0.893809551106
0.900853322434
0.907902663977
0.914957664823
0.922018405204
0.929084956251
0.936157379766
0.943235727994
0.950320043402
0.957410358464
0.96450669546
0.97160906627
0.978717472188
0.985831903734
0.992952340479
1.00007875088
1.0072110921
1.01434930988
1.02149333837
1.02864310003
1.03579850544
1.04295945322
1.05012582991
1.05729750987
1.06447435516
1.07165621546
1.07884292801
1.08603431749
1.09323019602
1.10043036302
1.10763460524
1.11484269665
1.12205439845
1.12926945903
1.13648761394
1.14370858588
1.15093208471
1.15815780742
1.16538543817
1.17261464829
1.17984509629
1.18707642791
1.19430827614
1.20154026128
1.20877199094
1.21600306016
1.22323305139
1.23046153463
1.23768806745
1.24491219508
1.25213345049
1.25935135447
1.26656541573
1.27377513098
1.28097998505
1.28817945097
1.29537299008
1.30256005218
1.3097400756
1.31691248734
1.32407670318
1.33123212787
1.33837815515
1.34551416802
1.35263953875
1.35975362914
1.36685579057
1.37394536422
1.3810216812
1.38808406271
1.39513182017
1.40216425546
1.40918066102
1.41618032006
1.42316250672
1.43012648626
1.43707151525
1.44399684173
1.45090170547
1.45778533807
1.46464696325
1.47148579702
1.47830104789
1.48509191709
1.4918575988
1.49859728037
1.50531014256
1.51199535977
1.51865210029
1.52527952658
1.53187679548
1.5384430585
1.54497746213
1.55147914804
1.55794725346
1.56438091143
1.57077925111
1.57714139811
1.58346647482
1.58975360074
1.59600189282
1.60221046586
1.60837843283
1.61450490528
1.62058899375
1.62662980815
1.63262645821
1.6385780539
1.64448370588
1.65034252601
1.65615362774
1.66191612671
1.66762914122
1.67329179273
1.67890320648
1.68446251199
1.6899688437
1.69542134154
1.70081915155
1.70616142656
1.71144732682
1.7166760207
1.72184668539
1.72695850761
1.73201068439
1.73700242382
1.74193294585
1.74680148308
1.75160728164
1.756349602
1.76102771988
1.76564092715
1.77018853278
1.77466986372
1.77908426596
1.78343110547
1.78770976923
1.79191966629
1.79606022881
1.80013091317
1.80413120102
1.80806060051
1.81191864733
1.81570490594
1.81941897077
1.82306046738
1.82662905371
1.83012442134
1.8335462967
1.83689444242
1.84016865855
1.84336878388
1.8464946973
1.84954631906
1.85252361216
1.85542658366
1.85825528606
1.86100981862
1.86369032877
1.86629701343
1.8688301204
1.8712899497
1.87367685496
1.87599124475
1.87823358392
1.88040439499
1.88250425939
1.88453381885
1.88649377667
1.88838489899
1.89020801604
1.89196402342
1.89365388325
1.89527862542
1.89683934866
1.89833722174
1.8997734845
1.90114944891
1.90246650007
1.90372609719
1.90492977447
1.90607914199
1.9071758865
1.90822177222
1.90921864149
1.91016841544
1.91107309454
1.91193475916
1.91275556998
1.91353776834
1.9142836766
1.91499569831
1.9156763184
1.91632810318
1.9169537004
1.91755583908
1.91813732935
1.91870106215
1.91925000887
1.91978722087
1.92031582891
1.9208390425
1.92136014911
1.92188251333
1.92240957589
1.92294485258
1.92349193307
1.92405447964
1.92463622578
1.92524097468
1.9258725976
1.92653503219
1.92723228063
1.92796840768
1.92874753866
1.92957385723
1.93045160316
1.93138506993
1.93237860223
1.93343659335
1.93456348248
1.93576375188
1.93704192397
1.93840255825
1.93985024825
1.94138961821
1.9430253198
1.94476202868
1.94660444096
1.94855726959
1.95062524065
1.95281308957
1.95512555723
1.957567386
1.96014331575
1.96285807966
1.96571640012
1.96872298443
1.97188252049
1.97519967246
1.97867907633
1.98232533542
1.9861430159
1.99013664218
1.99431069235
1.99866959357
2.00321771733
2.00795937488
2.01289881246
2.0180402066
2.02338765947
2.02894519407
2.03471674963
2.0407061768
2.04691723305
2.05335357798
2.06001876866
2.06691625508
2.07404937551
2.08142135205
2.08903528608
2.09689415392
2.1050008024
2.11335794458
2.12196815554
2.13083386825
2.13995736942
2.14934079561
2.15898612929
2.16889519504
2.17906965588
2.18951100971
2.20022058576
2.21119954133
2.22244885846
2.2339693409
2.2457616111
2.25782610735
2.2701630811
2.28277259438
2.29565451739
2.30880852624
2.32223410083
2.33593052287
2.34989687412
2.36413203472
2.37863468177
2.39340328796
2.40843612047
2.42373124006
2.43928650017
2.45509954643
2.47116781616
2.48748853812
2.50405873247
2.52087521084
2.53793457665
2.55523322558
2.57276734619
2.5905329208
2.60852572648
2.62674133628
2.64517512058
2.66382224867
2.68267769049
2.70173621858
2.72099241013
2.74044064928
2.76007512958
2.77988985658
2.79987865066
2.82003514995
2.84035281347
2.86082492441
2.88144459358
2.902204763
2.92309820966
2.94411754942
2.96525524104
2.9865035904
3.0078547548
3.02930074744
3.05083344201
3.07244457739
3.09412576251
3.11586848129
3.13766409774
3.15950386108
3.18137891107
3.20328028336
3.22519891495
3.2471256498
3.26905124437
3.29096637346
3.31286163588
3.33472756038
3.35655461154
3.37833319573
3.40005366714
3.42170633387
3.44328146399
3.46476929168
3.48616002345
3.50744384425
3.52861092372
3.54965142241
3.57055549797
3.59131331137
3.61191503315
3.63235084957
3.65261096884
3.67268562725
3.69256509533
3.71223968393
3.7316997503
3.75093570409
3.76993801333
3.78869721038
3.80720389772
3.82544875381
3.84342253876
3.86111610004
3.878520378
3.8956264114
3.91242534278
3.92890842381
3.94506702047
3.9608926182
3.97637682688
3.99151138577
4.00628816827
4.02069918661
4.03473659641
4.04839270113
4.06165995635
4.07453097398
4.08699852629
4.09905554983
4.11069514923
4.12191060081
4.13269535608
4.1430430451
4.15294747969
4.16240265647
4.17140275979
4.17994216445
4.18801543831
4.19561734477
4.20274284501
4.20938710014
4.21554547319
4.2212135309
4.22638704539
4.23106199564
4.23523456884
4.23890116157
4.24205838079
4.24470304473
4.24683218355
4.2484430399
4.24953306931
4.25009994038
4.25014153486
4.24965594756
4.24864148613
4.24709667062
4.24502023298
4.24241111633
4.23926847411
4.23559166916
4.2313802725
4.22663406212
4.22135302156
4.21553733835
4.20918740234
4.20230380389
4.19488733196
4.18693897201
4.17845990385
4.16945149934
4.15991531996
4.14985311433
4.13926681551
4.12815853833
4.11653057654
4.10438539987
4.091725651
4.07855414249
4.06487385354
4.05068792674
4.03599966472
4.02081252673
4.00513012512
3.98895622185
3.97229472481
3.9551496842
3.93752528879
3.91942586217
3.90085585894
3.88181986088
3.86232257306
3.84236881996
3.82196354151
3.8011117892
3.77981872206
3.75808960273
3.73592979347
3.71334475219
3.69034002846
3.66692125953
3.6430941664
3.61886454985
3.59423828653
3.56922132501
3.54381968197
3.51803943828
3.49188673524
3.46536777075
3.4384887956
3.41125610977
3.38367605878
3.35575503005
3.32749944944
3.29891577768
3.27001050695
3.24079015757
3.21126127459
3.18143042466
3.15130419277
3.1208891792
3.09019199645
3.05921926634
3.02797761708
2.99647368049
2.9647140893
2.93270547447
2.90045446264
2.86796767369
2.83525171831
2.80231319568
2.76915869129
2.73579477477
2.70222799785
2.66846489236
2.6345119684
2.60037571251
2.56606258594
2.53157902306
2.49693142979
2.46212618216
2.42716962491
2.39206807018
2.35682779635
2.32145504684
2.28595602909
2.25033691353
2.21460383274
2.17876288056
2.14282011132
2.1067815392
2.07065313755
2.03444083835
1.9981505317
1.9617880654
1.92535924457
1.8888698313
1.85232554443
1.8157320593
1.77909500761
1.74241997727
1.70571251235
1.66897811308
1.63222223578
1.59545029298
1.55866765344
1.52187964233
1.48509154131
1.4483085887
1.41153597972
1.37477886664
1.33804235905
1.30133152409
1.2646513867
1.22800692993
1.19140309514
1.15484478236
1.11833685055
1.08188411786
1.04549136196
1.00916332029
0.972904690381
0.936720130058
0.900614257762
0.864591652769
0.828656855435
0.792814367412
0.757068651856
0.721424133608
0.685885199363
0.65045619781
0.615141439757
0.579945198224
0.544871708518
0.509925168279
0.475109737494
0.440429538494
0.40588865591
0.37149113661
0.337240989599
0.303142185893
0.269198658358
0.235414301524
0.201792971359
0.168338485025
0.135054620588
0.101945116708
0.0690136722924
0.0362639461224
0.0036995564472
-0.0286759194509
-0.0608589457197
-0.0928460284292
-0.124633716091
-0.156218600203
-0.187597315826
-0.218766542172
-0.249723003234
-0.280463468423
-0.310984753234
-0.341283719932
-0.371357278254
-0.401202386135
-0.430816050437
-0.460195327711
-0.489337324957
-0.518239200404
-0.546898164295
-0.575311479688
-0.603476463256
-0.631390486097
-0.659050974548
-0.686455410998
-0.713601334705
-0.740486342609
-0.767108090143
-0.793464292042
-0.819552723139
-0.845371219161
-0.87091767751
-0.896190058033
-0.921186383784
-0.945904741764
-0.970343283649
-0.994500226503
-1.01837385346
-1.04196251441
-1.06526462663
-1.08827867541
-1.11100321467
-1.13343686749
-1.1555783267
-1.17742635539
-1.19897978735
-1.22023752757
-1.24119855267
-1.26186191121
-1.28222672415
-1.30229218508
-1.32205756054
-1.34152219027
-1.36068548739
-1.37954693859
-1.39810610423
-1.41636261847
-1.43431618927
-1.45196659843
-1.46931370153
-1.48635742788
-1.50309778038
-1.51953483537
-1.53566874242
-1.55149972407
-1.56702807561
-1.58225416464
-1.5971784308
-1.61180138531
-1.6261236105
-1.64014575935
-1.65386855494
-1.66729278986
-1.68041932559
-1.69324909186
-1.70578308596
-1.71802237196
-1.72996807998
-1.74162140538
-1.75298360788
-1.76405601072
-1.77483999971
-1.7853370223
-1.7955485866
-1.80547626035
-1.8151216699
-1.82448649912
-1.8335724883
-1.84238143303
-1.85091518305
-1.85917564103
-1.86716476143
-1.87488454923
-1.8823370587
-1.88952439213
-1.89644869853
-1.90311217236
-1.90951705219
-1.91566561937
-1.92156019669
-1.927203147
-1.93259687187
-1.93774381021
-1.94264643686
-1.94730726123
-1.95172882585
-1.95591370504
-1.95986450345
-1.96358385469
-1.9670744199
-1.97033888635
-1.97337996606
-1.97620039438
-1.97880292863
-1.98119034666
-1.98336544553
-1.98533104011
-1.98708996175
-1.9886450569
-1.98999918577
-1.99115522108
-1.99211604666
-1.99288455623
-1.99346365208
-1.99385624386
-1.99406524729
-1.99409358299
-1.99394417525
-1.99361995086
-1.99312383797
-1.99245876493
-1.99162765921
-1.99063344631
-1.98947904867
-1.98816738468
-1.98670136764
-1.98508390478
-1.98331789634
-1.98140623458
-1.97935180293
-1.97715747509
-1.97482611421
-1.97236057203
-1.96976368817
-1.96703828927
-1.96418718835
-1.96121318407
-1.95811906005
-1.95490758424
-1.95158150832
-1.9481435671
-1.94459647796
-1.94094294034
-1.93718563523
-1.93332722471
-1.92937035147
-1.92531763847
-1.92117168847
-1.91693508373
-1.91261038562
-1.90820013438
-1.90370684875
-1.8991330258
-1.89448114062
-1.88975364615
-1.88495297296
-1.88008152913
-1.87514170003
-1.87013584827
-1.86506631353
-1.85993541253
-1.85474543889
-1.84949866316
-1.84419733269
-1.83884367171
-1.83343988123
-1.82798813912
-1.82249060008
-1.8169493957
-1.81136663447
-1.8057444019
-1.80008476048
-1.79438974986
-1.78866138681
-1.78290166542
-1.77711255709
-1.77129601066
-1.76545395254
-1.75958828671
-1.75370089493
-1.74779363675
-1.74186834965
-1.73592684912
-1.72997092876
-1.72400236036
-1.71802289401
-1.71203425813
-1.70603815959
-1.70003628376
-1.69403029456
-1.68802183455
-1.68201252491
-1.67600396552
-1.66999773499
-1.66399539063
-1.65799846848
-1.6520084833
-1.64602692854
-1.64005527629
-1.63409497726
-1.62814746071
-1.62221413435
-1.61629638428
-1.61039557486
-1.60451304861
-1.59865012607
-1.59280810565
-1.58698826346
-1.58119185314
-1.57542010568
-1.56967422919
-1.56395540866
-1.55826480579
-1.55260355868
-1.54697278159
-1.54137356466
-1.53580697361
-1.53027404945
-1.52477580818
-1.51931324041
-1.51388731109
-1.50849895911
-1.50314909698
-1.49783861044
-1.4925683581
-1.48733917105
-1.48215185248
-1.47700717728
-1.47190589165
-1.4668487127
-1.46183632803
-1.45686939535
-1.45194854205
-1.44707436482
-1.4422474292
-1.43746826924
-1.43273738706
-1.42805525247
-1.42342230258
-1.41883894142
-1.41430553958
-1.40982243385
-1.40538992685
-1.40100828671
-1.39667774675
-1.39239850516
-1.38817072471
-1.38399453246
-1.37987001956
-1.37579724093
-1.37177621509
-1.36780692398
-1.36388931276
-1.36002328966
-1.35620872586
-1.35244545544
-1.34873327525
-1.34507194489
-1.34146118673
-1.33790068589
-1.33439009032
-1.33092901086
-1.3275170214
-1.32415365898
-1.32083842401
-1.31757078049
-1.31435015625
-1.31117594326
-1.30804749795
-1.30496414158
-1.30192516067
-1.2989298074
-1.29597730013
-1.2930668239
-1.29019753101
-1.2873685416
-1.2845789443
-1.28182779688
-1.27911412702
-1.276436933
-1.27379518454
-1.27118782359
-1.26861376523
-1.26607189854
-1.26356108757
-1.2610801723
-1.25862796964
-1.25620327449
-1.25380486079
-1.25143148267
-1.24908187554
-1.2467547573
-1.24444882951
-1.24216277862
-1.23989527724
-1.23764498541
-1.23541055186
-1.2331906154
-1.23098380622
-1.22878874726
-1.22660405558
-1.22442834378
-1.2222602214
-1.22009829631
-1.21794117621
-1.21578746999
-1.21363578923
-1.21148474966
-1.20933297257
-1.20717908629
-1.20502172766
-1.20285954345
-1.20069119184
-1.19851534383
-1.19633068468
-1.19413591536
-1.19192975388
-1.18971093677
-1.18747822039
-1.1852303823
-1.18296622261
-1.18068456525
-1.17838425929
-1.17606418019
-1.173723231
-1.17136034356
-1.1689744797
-1.16656463231
-1.16412982647
-1.16166912048
-1.15918160688
-1.15666641341
-1.15412270395
-1.15154967937
-1.14894657839
-1.14631267837
-1.14364729601
-1.14094978807
-1.13821955201
-1.13545602651
-1.1326586921
-1.12982707151
-1.1269607302
-1.12405927665
-1.12112236268
-1.11814968372
-1.11514097895
-1.11209603149
-1.10901466842
-1.10589676081
-1.10274222367
-1.09955101584
-1.09632313985
-1.09305864164
-1.08975761032
-1.08642017783
-1.08304651849
-1.0796368486
-1.07619142588
-1.07271054894
-1.06919455661
-1.06564382728
-1.06205877819
-1.05843986458
-1.05478757891
-1.05110244995
-1.04738504186
-1.04363595315
-1.03985581575
-1.03604529384
-1.03220508279
-1.02833590799
-1.02443852365
-1.0205137116
-1.01656227997
-1.01258506195
-1.00858291441
-1.00455671658
-1.00050736864
-0.996435790325
-0.992342919495
-0.988229710674
-0.984097133591
-0.97994617169
-0.975777820638
-0.971593086816
-0.967392985806
-0.96317854087
-0.958950781424
-0.954710741518
-0.950459458313
-0.946197970557
-0.94192731708
-0.937648535288
-0.93336265967
-0.929070720322
-0.924773741484
-0.920472740098
-0.91616872438
-0.911862692427
-0.907555630835
-0.903248513353
-0.898942299566
-0.894637933606
-0.890336342896
-0.886038436933
-0.881745106104
-0.877457220547
-0.873175629042
-0.868901157956
-0.864634610225
-0.860376764381
-0.856128373631
-0.851890164979
-0.847662838398
-0.843447066058
-0.839243491597
-0.835052729451
-0.830875364237
-0.826711950188
-0.822563010643
-0.818429037596
-0.8143104913
-0.810207799923
-0.806121359268
-0.802051532548
-0.797998650215
-0.793963009851
-0.789944876114
-0.785944480742
-0.781962022614
-0.777997667866
-0.774051550068
-0.770123770451
-0.766214398192
-0.762323470754
-0.75845099428
-0.754596944036
-0.750761264909
-0.746943871959
-0.743144651012
-0.739363459308
-0.735600126196
-0.731854453873
-0.728126218166
-0.724415169361
-0.72072103307
-0.717043511141
-0.713382282601
-0.70973700464
-0.706107313629
-0.702492826168
-0.698893140169
-0.695307835964
-0.691736477442
-0.688178613213
-0.68463377779
-0.681101492796
-0.677581268189
-0.674072603504
-0.67057498911
-0.667087907474
-0.663610834449
-0.660143240552
-0.656684592265
-0.653234353328
-0.649791986043
-0.646356952567
-0.642928716217
-0.639506742753
-0.636090501671
-0.632679467477
-0.629273120951
-0.625870950405
-0.622472452918
-0.619077135558
-0.615684516586
-0.612294126639
-0.608905509888
-0.605518225174
-0.602131847121
-0.598745967214
-0.595360194853
-0.591974158376
-0.588587506045
-0.585199907006
-0.581811052201
-0.578420655261
-0.57502845334
-0.571634207928
-0.568237705611
-0.564838758794
-0.561437206387
-0.558032914431
-0.554625776698
-0.551215715235
-0.547802680861
-0.544386653623
-0.540967643201
-0.537545689262
-0.534120861773
-0.530693261257
-0.527263019005
-0.523830297236
-0.520395289205
-0.51695821927
-0.513519342898
-0.510078946624
-0.506637347971
-0.5031948953
-0.499751967631
-0.496308974405
-0.492866355192
-0.489424579366
-0.485984145717
-0.482545582027
-0.479109444593
-0.475676317705
-0.472246813085
-0.468821569274
-0.465401250977
-0.461986548376
-0.458578176385
-0.455176873879
-0.451783402878
-0.448398547692
-0.445023114031
-0.441657928084
-0.438303835555
-0.434961700673
-0.43163240517
-0.428316847225
-0.425015940386
-0.421730612459
-0.418461804375
-0.415210469034
-0.411977570124
-0.408764080921
-0.405570983072
-0.402399265355
-0.399249922432
-0.39612395358
-0.393022361416
-0.389946150606
-0.386896326573
-0.383873894193
-0.380879856481
-0.377915213291
-0.37498095999
-0.372078086158
-0.369207574268
-0.366370398386
-0.363567522866
-0.36079990106
-0.358068474031
-0.35537416928
-0.352717899488
-0.350100561266
-0.347523033927
-0.344986178273
-0.342490835399
-0.340037825524
-0.33762794684
-0.335261974384
-0.33294065894
-0.330664725966
-0.328434874547
-0.326251776382
-0.324116074799
-0.322028383809
-0.319989287183
-0.317999337575
-0.316059055676
-0.314168929406
-0.312329413148
-0.310540927016
-0.308803856172
-0.307118550175
-0.305485322381
-0.303904449385
-0.302376170502
-0.300900687301
-0.299478163178
-0.298108722981
-0.29679245268
-0.295529399079
-0.29431956959
-0.293162932037
-0.292059414526
-0.291008905352
-0.290011252961
-0.28906626596
-0.288173713173
-0.287333323756
-0.286544787346
-0.285807754275
-0.285121835823
-0.284486604523
-0.283901594511
-0.283366301932
-0.282880185383
-0.282442666412
-0.282053130057
-0.281710925433
-0.281415366369
-0.281165732077
-0.280961267878
-0.280801185959
-0.280684666184
-0.280610856929
-0.280578875973
-0.280587811418
-0.280636722647
-0.280724641318
-0.280850572398
-0.28101349522
-0.281212364584
-0.281446111874
-0.281713646222
-0.28201385568
-0.282345608434
-0.282707754034
-0.283099124647
-0.283518536333
-0.28396479034
-0.28443667442
-0.284932964149
-0.285452424278
-0.285993810084
-0.286555868732
-0.287137340657
-0.287736960936
-0.28835346068
-0.288985568419
-0.289632011496
-0.290291517453
-0.290962815419
-0.291644637496
-0.29233572013
-0.293034805488
-0.293740642807
-0.29445198975
-0.295167613735
-0.295886293257
-0.296606819185
-0.297327996052
-0.298048643311
-0.29876759658
-0.29948370886
-0.300195851721
-0.300902916473
-0.301603815301
-0.30229748237
-0.302982874901
-0.303658974217
-0.304324786748
-0.304979345008
-0.305621708532
-0.306250964771
-0.306866229961
-0.307466649938
-0.30805140092
-0.308619690249
-0.309170757082
-0.30970387305
-0.31021834286
-0.310713504866
-0.311188731583
-0.311643430164
-0.312077042823
-0.312489047218
-0.312878956785
-0.313246321019
-0.313590725719
-0.313911793176
-0.314209182316
-0.314482588802
-0.314731745073
-0.314956420357
-0.315156420619
-0.315331588472
-0.315481803042
-0.315606979781
-0.31570707024
-0.3157820618
-0.31583197735
-0.315856874934
-0.315856847343
-0.315832021677
-0.315782558858
-0.31570865311
-0.315610531394
-0.31548845281
-0.315342707963
-0.31517361829
-0.314981535356
-0.31476684012
-0.31452994216
-0.314271278877
-0.313991314671
-0.313690540081
-0.313369470905
-0.313028647298
-0.312668632841
-0.312290013593
-0.311893397122
-0.311479411515
-0.311048704377
-0.310601941808
-0.310139807372
-0.309663001054
-0.309172238197
-0.308668248447
-0.308151774673
-0.307623571894
-0.307084406198
-0.306535053654
-0.305976299231
-0.305408935713
-0.304833762612
-0.304251585096
-0.303663212909
-0.303069459308
-0.30247114
-0.301869072093
-0.301264073058
-0.300656959698
-0.300048547136
-0.299439647815
-0.298831070509
-0.298223619363
-0.297618092938
-0.29701528328
-0.296415975015
-0.295820944453
-0.295230958726
-0.294646774939
-0.294069139356
-0.293498786594
-0.292936438863
-0.292382805214
-0.291838580824
-0.291304446303
-0.290781067034
-0.290269092537
-0.289769155863
-0.289281873015
-0.288807842405
-0.288347644333
-0.287901840501
-0.287470973553
-0.287055566654
-0.286656123084
-0.286273125881
-0.285907037499
-0.285558299504
-0.285227332302
-0.284914534888
-0.284620284636
-0.284344937113
-0.28408882592
-0.283852262572
-0.283635536391
-0.283438914447
-0.283262641508
-0.283106940035
-0.282972010189
-0.282858029874
-0.282765154807
-0.282693518605
-0.282643232907
-0.282614387513
-0.282607050554
-0.282621268674
-0.282657067253
-0.282714450628
-0.282793402361
-0.282893885503
-0.283015842898
-0.283159197496
-0.283323852684
-0.283509692639
-0.283716582697
-0.283944369736
-0.28419288258
-0.284461932407
-0.284751313187
-0.28506080212
-0.285390160092
-0.285739132142
-0.286107447947
-0.286494822304
-0.286900955634
-0.28732553449
-0.287768232077
-0.288228708774
-0.28870661267
-0.289201580102
-0.289713236203
-0.290241195452
-0.290785062231
-0.291344431382
-0.291918888779
-0.292508011888
-0.293111370341
-0.293728526509
-0.294359036074
-0.295002448605
-0.295658308132
-0.296326153725
-0.29700552007
-0.29769593804
-0.29839693527
-0.299108036735
-0.29982876531
-0.300558642349
-0.30129718824
-0.302043922977
-0.302798366709
-0.303560040302
-0.304328465886
-0.305103167404
-0.305883671148
-0.306669506302
-0.307460205468
-0.308255305192
-0.309054346481
-0.309856875322
-0.310662443178
-0.311470607494
-0.312280932187
-0.313092988127
-0.313906353615
-0.314720614853
-0.315535366399
-0.316350211621
-0.317164763135
-0.317978643243
-0.318791484349
-0.319602929377
-0.32041263217
-0.321220257885
-0.322025483369
-0.322827997535
-0.323627501717
-0.324423710017
-0.325216349639
-0.326005161212
-0.3267898991
-0.327570331696
-0.328346241707
-0.329117426422
-0.329883697965
-0.33064488354
-0.331400825652
-0.33215138232
-0.332896427272
-0.333635850123
-0.334369556541
-0.335097468389
-0.335819523858
-0.33653567758
-0.337245900723
-0.337950181066
-0.338648523062
-0.339340947877
-0.340027493412
-0.340708214307
-0.341383181927
-0.342052484325
-0.342716226184
-0.34337452875
-0.344027529728
-0.344675383174
-0.345318259352
-0.345956344585
-0.34658984107
-0.347218966686
-0.347843954771
-0.348465053881
-0.349082527531
-0.34969665391
-0.35030772558
-0.350916049147
-0.351521944918
-0.352125746532
-0.352727800576
-0.353328466172
-0.353928114554
-0.354527128612
-0.355125902433
-0.355724840802
-0.356324358705
-0.356924880794
-0.357526840848
-0.35813068121
-0.358736852204
-0.35934581154
-0.3599580237
-0.360573959311
-0.361194094497
-0.361818910222
-0.362448891619
-0.363084527304
-0.363726308675
-0.364374729207
-0.365030283732
-0.365693467708
-0.366364776483
-0.367044704547
-0.367733744783
-0.368432387707
-0.369141120704
-0.369860427265
-0.370590786215
-0.371332670944
-0.372086548636
-0.3728528795
-0.373632116001
-0.374424702097
-0.375231072479
-0.376051651815
-0.376886854004
-0.377737081439
-0.378602724272
-0.379484159701
-0.380381751256
-0.381295848112
-0.382226784406
-0.383174878571
-0.384140432693
-0.38512373188
-0.386125043651
-0.38714461735
-0.388182683575
-0.389239453636
-0.390315119032
-0.391409850956
-0.392523799826
-0.393657094842
-0.394809843571
-0.395982131561
-0.397174021987
-0.398385555328
-0.399616749071
-0.400867597453
-0.402138071234
-0.403428117505
-0.404737659527
-0.406066596612
-0.407414804035
-0.408782132984
-0.410168410542
-0.411573439717
-0.412996999497
-0.414438844952
-0.415898707368
-0.417376294422
-0.418871290395
-0.420383356422
-0.421912130779
-0.423457229208
-0.425018245285
-0.426594750816
-0.428186296276
-0.429792411286
-0.431412605117
-0.433046367243
-0.434693167916
-0.436352458782
-0.43802367353
-0.43970622857
-0.44139952375
-0.443102943091
-0.444815855568
-0.446537615905
-0.448267565406
-0.450005032809
-0.451749335169
-0.453499778756
-0.455255659987
-0.457016266368
-0.458780877465
-0.460548765887
-0.462319198285
-0.464091436374
-0.465864737956
-0.467638357968
-0.469411549526
-0.471183564993
-0.472953657038
-0.474721079715
-0.476485089531
-0.478244946524
-0.47999991534
-0.481749266306
-0.483492276498
-0.485228230804
-0.486956422983
-0.488676156709
-0.490386746606
-0.492087519271
-0.493777814282
-0.495456985189
-0.497124400486
-0.498779444564
-0.500421518642
-0.502050041678
-0.50366445125
-0.505264204411
-0.506848778522
-0.508417672051
-0.509970405339
-0.511506521342
-0.513025586328
-0.514527190551
-0.516010948881
-0.5174765014
-0.518923513958
-0.520351678693
-0.521760714509
-0.52315036751
-0.524520411397
-0.525870647819
-0.527200906684
-0.52851104642
-0.529800954198
-0.53107054611
-0.532319767294
-0.533548592021
-0.534757023735
-0.535945095046
-0.537112867676
-0.538260432361
-0.539387908707
-0.540495445001
-0.541583217971
-0.542651432512
-0.54370032136
-0.54473014472
-0.545741189856
-0.546733770639
-0.547708227047
-0.548664924629
-0.549604253925
-0.550526629853
-0.55143249105
-0.552322299182
-0.553196538212
-0.554055713641
-0.55490035171
-0.555730998569
-0.556548219423
-0.557352597636
-0.558144733823
-0.558925244901
-0.559694763125
-0.560453935098
-0.561203420759
-0.561943892353
-0.562676033384
-0.563400537547
-0.564118107653
-0.564829454535
-0.56553529595
-0.566236355466
-0.566933361346
-0.567627045427
-0.568318141992
-0.569007386649
-0.569695515202
-0.570383262529
-0.571071361464
-0.571760541687
-0.572451528617
-0.573145042321
-0.573841796432
-0.574542497079
-0.575247841838
-0.575958518691
-0.576675205013
-0.577398566576
-0.57812925657
-0.578867914659
-0.579615166046
-0.580371620584
-0.581137871897
-0.581914496541
-0.582702053193
-0.583501081871
-0.58431210319
-0.585135617646
-0.585972104944
-0.586822023355
-0.587685809112
-0.588563875851
-0.589456614078
-0.590364390689
-0.591287548519
-0.592226405942
-0.593181256506
-0.594152368609
-0.595139985226
-0.596144323667
-0.597165575385
-0.598203905827
-0.599259454326
-0.600332334033
-0.601422631902
-0.602530408706
-0.603655699101
-0.604798511736
-0.6059588294
-0.607136609209
-0.60833178284
-0.609544256802
-0.610773912746
-0.612020607816
-0.61328417504
-0.614564423753
-0.615861140063
-0.617174087348
-0.618503006793
-0.619847617954
-0.621207619362
-0.622582689152
-0.623972485726
-0.625376648447
-0.626794798354
-0.628226538912
-0.629671456781
-0.63112912261
-0.632599091857
-0.634080905624
-0.635574091518
-0.637078164525
-0.638592627901
-0.640116974082
-0.641650685601
-0.643193236024
-0.64474409089
-0.646302708663
-0.647868541689
-0.649441037162
-0.651019638092
-0.652603784271
-0.654192913247
-0.655786461294
-0.657383864376
-0.658984559115
-0.660587983747
-0.66219357907
-0.663800789391
-0.665409063458
-0.667017855376
-0.668626625523
-0.670234841437
-0.671841978699
-0.67344752179
-0.675050964941
-0.676651812949
-0.678249581988
-0.679843800383
-0.681434009373
-0.683019763845
-0.684600633039
-0.686176201238
-0.687746068417
-0.689309850877
-0.690867181838
-0.692417712014
-0.693961110149
-0.695497063528
-0.697025278448
-0.698545480668
-0.700057415818
-0.701560849773
-0.703055569004
-0.704541380883
-0.706018113956
-0.707485618193
-0.708943765182
-0.710392448307
-0.711831582882
-0.713261106247
-0.714680977837
-0.716091179209
-0.717491714036
-0.718882608065
-0.720263909046
-0.721635686614
-0.722998032152
-0.724351058609
-0.725694900285
-0.727029712594
-0.728355671779
-0.729672974605
-0.730981838022
-0.732282498786
-0.733575213064
-0.734860256
-0.736137921254
-0.737408520518
-0.738672382996
-0.739929854869
-0.741181298726
-0.742427092973
-0.743667631218
-0.744903321639
-0.746134586321
-0.747361860582
-0.748585592271
-0.749806241056
-0.751024277686
-0.752240183248
-0.753454448396
-0.754667572577
-0.755880063239
-0.757092435029
-0.758305208979
-0.759518911683
-0.760734074472
-0.761951232571
-0.763170924262
-0.764393690033
-0.765620071733
-0.766850611714
-0.768085851985
-0.769326333355
-0.770572594585
-0.771825171538
-0.773084596337
-0.774351396528
-0.775626094243
-0.776909205377
-0.778201238773
-0.779502695416
-0.78081406763
-0.782135838301
-0.783468480104
-0.784812454741
-0.786168212204
-0.787536190041
-0.788916812655
-0.790310490601
-0.79171761992
-0.793138581482
-0.794573740349
-0.796023445169
-0.797488027577
-0.798967801631
-0.800463063269
-0.801974089785
-0.803501139332
-0.805044450457
-0.80660424165
-0.808180710932
-0.809774035459
-0.811384371162
-0.813011852411
-0.814656591707
-0.816318679405
-0.817998183465
-0.819695149231
-0.821409599241
-0.823141533072
-0.824890927201
-0.826657734913
-0.828441886228
-0.830243287861
-0.832061823217
-0.833897352409
-0.83574971231
-0.837618716637
-0.839504156063
-0.84140579836
-0.843323388565
-0.845256649192
-0.847205280451
-0.849168960518
-0.851147345814
-0.853140071328
-0.855146750959
-0.857166977884
-0.85920032496
-0.861246345147
-0.863304571959
-0.865374519937
-0.86745568515
-0.869547545719
-0.871649562364
-0.873761178971
-0.875881823186
-0.878010907026
-0.880147827511
-0.882291967316
-0.884442695442
-0.886599367904
-0.888761328433
-0.890927909205
-0.893098431567
-0.895272206795
-0.897448536854
-0.899626715177
-0.901806027447
-0.903985752398
-0.906165162624
-0.908343525386
-0.910520103445
-0.912694155883
-0.914864938937
-0.917031706843
-0.919193712671
-0.921350209173
-0.923500449623
-0.925643688665
-0.927779183157
-0.92990619301
-0.932023982027
-0.934131818739
-0.936228977234
-0.938314737978
-0.940388388635
-0.942449224871
-0.944496551157
-0.946529681554
-0.948547940493
-0.950550663541
-0.952537198156
-0.954506904421
-0.956459155775
-0.958393339719
-0.960308858509
-0.962205129834
-0.964081587473
-0.965937681932
-0.967772881067
-0.969586670684
-0.971378555115
-0.973148057777
-0.974894721707
-0.976618110077
-0.978317806677
-0.979993416389
-0.981644565618
-0.983270902719
-0.984872098377
-0.986447845981
-0.987997861958
-0.989521886087
-0.991019681787
-0.992491036371
-0.993935761282
-0.995353692297
-0.996744689699
-0.998108638433
-0.99944544822
-1.00075505365
-1.00203741426
-1.00329251456
-1.00452036402
-1.0057209971
-1.00689447317
-1.00804087644
-1.00916031586
-1.01025292501
-1.0113188619
-1.01235830884
-1.01337147219
-1.01435858214
-1.01531989247
-1.01625568022
-1.01716624542
-1.01805191073
-1.01891302109
-1.01974994334
-1.02056306581
-1.02135279789
-1.02211956959
-1.02286383106
-1.02358605211
-1.02428672167
-1.02496634731
-1.02562545463
-1.02626458677
-1.02688430374
-1.02748518188
-1.02806781325
-1.02863280494
-1.02918077849
-1.0297123692
-1.03022822548
-1.03072900814
-1.03121538972
-1.03168805381
-1.03214769427
-1.03259501459
-1.03303072713
-1.03345555237
-1.0338702182
-1.03427545916
-1.03467201572
-1.03506063348
-1.03544206248
-1.03581705639
-1.0361863718
-1.03655076743
-1.03691100341
-1.03726784052
-1.03762203942
-1.03797435993
-1.03832556028
-1.03867639639
-1.03902762111
-1.03937998354
-1.03973422828
-1.04009109472
-1.04045131637
-1.04081562017
-1.04118472578
-1.04155934494
-1.0419401808
-1.04232792729
-1.04272326845
-1.04312687788
-1.04353941806
-1.0439615398
-1.04439388169
-1.04483706945
-1.04529171549
-1.0457584183
-1.04623776199
-1.04673031576
-1.04723663346
-1.04775725307
-1.04829269632
-1.04884346824
-1.04941005673
-1.04999293224
-1.05059254731
-1.05120933631
-1.05184371506
-1.05249608053
-1.05316681058
-1.05385626362
-1.05456477846
-1.05529267399
-1.05604024903
-1.05680778211
-1.05759553133
-1.05840373416
-1.05923260739
-1.06008234694
-1.06095312784
-1.06184510411
-1.06275840875
-1.06369315367
-1.06464942975
-1.06562730676
-1.06662683347
-1.06764803766
-1.06869092616
-1.06975548502
-1.07084167953
-1.07194945436
-1.07307873376
-1.07422942163
-1.07540140176
-1.07659453798
-1.0778086744
-1.0790436356
-1.0802992269
-1.08157523461
-1.08287142628
-1.08418755098
-1.08552333965
-1.08687850536
-1.08825274365
-1.08964573287
-1.09105713454
-1.09248659371
-1.09393373932
-1.09539818461
-1.09687952748
-1.09837735095
-1.09989122353
-1.10142069967
-1.10296532019
-1.10452461272
-1.10609809215
-1.10768526109
-1.10928561036
-1.11089861942
-1.11252375687
-1.11416048093
-1.11580823995
-1.11746647285
-1.11913460969
-1.1208120721
-1.12249827383
-1.12419262125
-1.12589451382
-1.12760334467
-1.12931850104
-1.13103936485
-1.13276531316
-1.13449571875
-1.13622995055
-1.13796737422
-1.13970735261
-1.14144924631
-1.14319241413
-1.1449362136
-1.14668000148
-1.14842313425
-1.15016496859
-1.15190486191
-1.15364217278
-1.15537626144
-1.15710649025
-1.15883222419
-1.16055283126
-1.16226768302
-1.16397615495
-1.16567762694
-1.16737148371
-1.16905711521
-1.1707339171
-1.17240129108
-1.17405864534
-1.17570539491
-1.1773409621
-1.17896477679
-1.18057627688
-1.18217490857
-1.18376012673
-1.18533139523
-1.18688818726
-1.18842998565
-1.18995628314
-1.19146658269
-1.19296039776
-1.19443725255
-1.19589668229
-1.19733823344
-1.19876146398
-1.20016594355
-1.20155125372
-1.20291698817
-1.20426275286
-1.2055881662
-1.20689285922
-1.20817647574
-1.20943867245
-1.21067911908
-1.21189749849
-1.21309350676
-1.21426685332
-1.21541726096
-1.21654446596
-1.21764821809
-1.21872828067
-1.21978443062
-1.22081645844
-1.22182416821
-1.22280737763
-1.22376591798
-1.22469963406
-1.22560838421
-1.2264920402
-1.22735048721
-1.22818362375
-1.22899136158
-1.22977362559
-1.23053035375
-1.23126149696
-1.23196701893
-1.23264689608
-1.23330111737
-1.23392968418
-1.23453261013
-1.23510992092
-1.23566165418
-1.23618785925
-1.23668859704
-1.23716393979
-1.23761397091
-1.23803878472
-1.2384384863
-1.2388131912
-1.23916302527
-1.23948812439
-1.23978863424
-1.24006471007
-1.24031651643
-1.24054422693
-1.24074802399
-1.24092809855
-1.24108464984
-1.24121788509
-1.24132801926
-1.24141527475
-1.24147988117
-1.241522075
-1.24154209936
-1.24154020369
-1.24151664348
-1.24147167997
-1.24140557989
-1.24131861513
-1.2412110625
-1.24108320339
-1.24093532351
-1.24076771259
-1.24058066412
-1.24037447499
-1.24014944529
-1.23990587794
-1.23964407846
-1.23936435469
-1.23906701646
-1.23875237534
-1.23842074435
-1.23807243771
-1.23770777052
-1.23732705853
-1.23693061784
-1.23651876465
-1.236091815
-1.2356500845
-1.23519388807
-1.23472353968
-1.23423935214
-1.2337416368
-1.23323070335
-1.23270685953
-1.23217041098
-1.2316216609
-1.23106090991
-1.2304884558
-1.2299045933
-1.22930961386
-1.22870380549
-1.22808745249
-1.22746083528
-1.22682423024
-1.22617790943
-1.2255221405
-1.22485718645
-1.22418330547
-1.22350075076
-1.22280977038
-1.22211060708
-1.22140349814
-1.22068867521
-1.2199663642
-1.21923678509
-1.21850015183
-1.21775667218
-1.2170065476
-1.21624997316
-1.21548713734
-1.21471822202
-1.21394340229
-1.21316284641
-1.21237671568
-1.21158516436
-1.2107883396
-1.20998638133
-1.20917942223
-1.20836758762
-1.2075509954
-1.20672975605
-1.20590397249
-1.2050737401
-1.20423914667
-1.20340027231
-1.20255718951
-1.20170996304
-1.20085864995
-1.20000329958
-1.19914395354
-1.1982806457
-1.19741340218
-1.19654224139
-1.19566717405
-1.19478820316
-1.19390532407
-1.19301852451
-1.19212778462
-1.19123307697
-1.19033436666
-1.18943161132
-1.18852476122
-1.18761375931
-1.18669854131
-1.18577903577
-1.18485516416
-1.18392684099
-1.18299397387
-1.18205646364
-1.18111420446
-1.18016708394
-1.17921498327
-1.17825777734
-1.17729533485
-1.1763275185
-1.17535418511
-1.17437518577
-1.17339036601
-1.17239956595
-1.17140262051
-1.17039935954
-1.16938960803
-1.16837318632
-1.16734991024
-1.16631959138
-1.16528203724
-1.16423705149
-1.16318443415
-1.16212398185
-1.16105548803
-1.15997874322
-1.15889353522
-1.15779964941
-1.15669686897
-1.15558497512
-1.15446374745
-1.15333296409
-1.15219240208
-1.15104183758
-1.14988104616
-1.14870980313
-1.14752788376
-1.14633506362
-1.14513111888
-1.14391582657
-1.14268896491
-1.1414503136
-1.14019965417
-1.1389367702
-1.13766144775
-1.13637347555
-1.13507264543
-1.13375875254
-1.13243159572
-1.13109097783
-1.129736706
-1.12836859202
-1.12698645262
-1.12559010978
-1.12417939109
-1.12275412999
-1.12131416616
-1.11985934576
-1.1183895218
-1.11690455439
-1.11540431107
-1.11388866711
-1.11235750577
-1.11081071864
-1.10924820587
-1.10766987648
-1.10607564862
-1.10446544986
-1.10283921739
-1.10119689835
-1.09953845003
-1.09786384009
-1.09617304683
-1.09446605942
-1.09274287805
-1.09100351418
-1.08924799075
-1.08747634231
-1.08568861523
-1.08388486786
-1.08206517067
-1.08022960639
-1.07837827016
-1.07651126961
-1.07462872499
-1.07273076928
-1.0708175482
-1.06888922036
-1.06694595724
-1.06498794329
-1.06301537589
-1.06102846542
-1.05902743522
-1.05701252157
-1.05498397368
-1.05294205362
-1.05088703627
-1.04881920922
-1.0467388727
-1.04464633947
-1.04254193468
-1.04042599571
-1.03829887208
-1.03616092522
-1.03401252829
-1.031854066
-1.02968593437
-1.02750854053
-1.02532230242
-1.02312764856
-1.02092501778
-1.0187148589
-1.01649763043
-1.01427380025
-1.01204384529
-1.00980825114
-1.00756751171
-1.00532212886
-1.00307261199
-1.00081947763
-0.998563249054
-0.996304455815
-0.994043633329
-0.991781322414
-0.989518068822
-0.987254422776
-0.984990938476
-0.982728173612
-0.98046668886
-0.978207047371
-0.975949814253
-0.973695556041
-0.971444840172
-0.969198234437
-0.96695630644
-0.96471962305
-0.962488749841
-0.960264250538
-0.958046686452
-0.955836615917
-0.953634593727
-0.951441170561
-0.949256892424
-0.947082300071
-0.944917928446
-0.942764306112
-0.94062195469
-0.938491388299
-0.936373112997
-0.934267626229
-0.93217541628
-0.930096961733
-0.928032730932
-0.925983181455
-0.923948759593
-0.921929899838
-0.919927024376
-0.917940542602
-0.915970850626
-0.914018330813
-0.912083351312
-0.910166265617
-0.908267412127
-0.906387113728
-0.904525677384
-0.902683393749
-0.900860536783
-0.899057363401
-0.89727411312
-0.895511007738
-0.89376825102
-0.892046028409
-0.890344506752
-0.888663834042
-0.887004139188
-0.885365531794
-0.883748101967
-0.882151920138
-0.880577036908
-0.879023482917
-0.877491268725
-0.875980384724
-0.87449080107
-0.873022467627
-0.87157531395
-0.870149249273
-0.868744162532
-0.867359922399
-0.865996377353
-0.864653355753
-0.863330665955
-0.862028096434
-0.860745415938
-0.85948237366
-0.858238699432
-0.85701410394
-0.855808278967
-0.854620897645
-0.85345161474
-0.852300066951
-0.85116587323
-0.850048635125
-0.848947937139
-0.847863347113
-0.846794416622
-0.845740681391
-0.844701661736
-0.843676863013
-0.842665776087
-0.841667877821
-0.840682631575
-0.839709487728
-0.838747884203
-0.837797247019
-0.836856990848
-0.835926519588
-0.835005226944
-0.834092497028
-0.833187704962
-0.832290217493
-0.831399393623
-0.830514585237
-0.829635137745
-0.828760390735
-0.827889678619
-0.827022331298
-0.826157674825
-0.825295032069
-0.824433723389
-0.823573067305
-0.82271238117
-0.821850981845
-0.820988186372
-0.820123312648
-0.819255680091
-0.818384610313
-0.817509427776
-0.81662946046
-0.815744040508
-0.814852504881
-0.813954195993
-0.813048462352
-0.812134659174
-0.811212149011
-0.810280302349
-0.809338498206
-0.808386124717
-0.807422579708
-0.806447271252
-0.80545961822
-0.804459050813
-0.803445011079
-0.802416953421
-0.801374345079
-0.800316666609
-0.799243412335
-0.798154090789
-0.797048225132
-0.795925353555
-0.794785029672
-0.793626822875
-0.792450318691
-0.791255119107
-0.790040842877
-0.788807125812
-0.787553621049
-0.786279999298
-0.784985949071
-0.783671176889
-0.782335407468
-0.780978383885
-0.779599867722
-0.778199639191
-0.776777497238
-0.775333259622
-0.77386676298
-0.772377862867
-0.770866433775
-0.769332369136
-0.767775581298
-0.766196001489
-0.764593579755
-0.762968284882
-0.761320104298
-0.759649043953
-0.75795512819
-0.756238399585
-0.75449891878
-0.752736764294
-0.750952032316
-0.749144836487
-0.747315307659
-0.745463593647
-0.743589858956
-0.741694284506
-0.739777067333
-0.737838420279
-0.735878571676
-0.733897765011
-0.731896258581
-0.729874325141
-0.727832251537
-0.725770338334
-0.723688899433
-0.72158826168
-0.719468764469
-0.717330759335
-0.715174609548
-0.713000689693
-0.710809385252
-0.708601092178
-0.70637621647
-0.70413517374
-0.701878388781
-0.699606295136
-0.697319334663
-0.6950179571
-0.692702619633
-0.690373786467
-0.688031928389
-0.685677522348
-0.683311051029
-0.680933002431
-0.678543869452
-0.67614414948
-0.673734343987
-0.671314958125
-0.66888650034
-0.666449481981
-0.664004416923
-0.661551821196
-0.659092212623
-0.656626110463
-0.654154035069
-0.651676507554
-0.649194049459
-0.646707182442
-0.644216427971
-0.641722307027
-0.639225339822
-0.636726045524
-0.634224941992
-0.631722545528
-0.629219370636
-0.62671592979
-0.624212733223
-0.621710288712
-0.619209101391
-0.616709673565
-0.614212504539
-0.611718090455
-0.609226924145
-0.606739494995
-0.604256288811
-0.60177778771
-0.599304470009
-0.59683681013
-0.594375278515
-0.591920341551
-0.589472461501
-0.587032096448
-0.584599700246
-0.58217572248
-0.579760608435
-0.577354799068
-0.574958730995
-0.572572836477
-0.570197543419
-0.567833275369
-0.565480451529
-0.563139486761
-0.560810791613
-0.55849477233
-0.556191830884
-0.553902365001
-0.551626768187
-0.549365429764
-0.547118734898
-0.544887064637
-0.542670795941
-0.540470301718
-0.538285950857
-0.536118108257
-0.53396713486
-0.531833387675
-0.529717219806
-0.527618980469
-0.525539015014
-0.523477664932
-0.521435267868
-0.519412157621
-0.517408664143
-0.515425113527
-0.513461827992
-0.511519125862
-0.509597321536
-0.507696725444
-0.505817644011
-0.503960379593
-0.502125230419
-0.500312490519
-0.49852244964
-0.496755393158
-0.495011601974
-0.493291352408
-0.491594916076
-0.489922559759
-0.488274545266
-0.486651129278
-0.485052563192
-0.483479092945
-0.481930958837
-0.480408395334
-0.478911630869
-0.477440887629
-0.475996381334
-0.474578321002
-0.473186908711
-0.471822339346
-0.470484800343
-0.469174471414
-0.467891524275
-0.466636122361
-0.46540842053
-0.464208564767
-0.463036691871
-0.46189292915
-0.460777394095
-0.459690194056
-0.458631425916
-0.457601175753
-0.456599518505
-0.455626517626
-0.454682224747
-0.453766679326
-0.452879908304
-0.452021925759
-0.451192732556
-0.450392316003
-0.449620649505
-0.448877692225
-0.448163388742
-0.447477668716
-0.44682044656
-0.446191621114
-0.445591075325
-0.445018675935
-0.444474273182
-0.443957700497
-0.443468774225
-0.443007293346
-0.442573039211
-0.44216577529
-0.441785246933
-0.441431181141
-0.441103286353
-0.440801252254
-0.440524749586
-0.44027342999
-0.44004692585
-0.439844850172
-0.439666796465
-0.439512338652
-0.439381030997
-0.439272408054
-0.439185984636
-0.439121255807
-0.439077696892
-0.439054763521
-0.439051891679
-0.439068497799
-0.439103978865
-0.439157712544
-0.439229057347
-0.439317352812
-0.43942191971
-0.439542060284
-0.439677058508
-0.439826180375
-0.439988674214
-0.440163771029
-0.440350684868
-0.440548613219
-0.440756737433
-0.44097422317
-0.441200220879
-0.441433866296
-0.44167428098
-0.441920572863
-0.442171836833
-0.442427155343
-0.442685599045
-0.442946227446
-0.443208089592
-0.443470224776
-0.44373166327
-0.443991427076
-0.444248530706
-0.444501981984
-0.444750782858
-0.444993930251
-0.445230416915
-0.445459232317
-0.445679363534
-0.445889796171
-0.446089515293
-0.446277506376
-0.446452756269
-0.446614254173
-0.446760992628
-0.446891968519
-0.447006184087
-0.447102647949
-0.447180376134
-0.447238393117
-0.447275732864
-0.447291439884
-0.447284570277
-0.447254192795
-0.447199389895
-0.447119258797
-0.447012912541
-0.446879481039
-0.446718112124
-0.446527972593
-0.446308249248
-0.446058149924
-0.445776904511
-0.445463765963
-0.445118011297
-0.444738942581
-0.444325887904
-0.443878202332
-0.443395268848
-0.442876499274
-0.442321335168
-0.44172924871
-0.44109974356
-0.440432355691
-0.439726654203
-0.43898224211
-0.438198757096
-0.437375872249
-0.436513296764
-0.435610776613
-0.43466809519
-0.433685073918
-0.432661572828
-0.4315974911
-0.43049276757
-0.429347381205
-0.428161351537
-0.426934739059
-0.425667645589
-0.424360214588
-0.423012631444
-0.42162512371
-0.42019796131
-0.418731456693
-0.417225964956
-0.415681883916
-0.414099654143
-0.412479758954
-0.410822724356
-0.409129118952
-0.407399553799
-0.405634682228
-0.40383519961
-0.402001843093
-0.400135391279
-0.398236663871
-0.396306521265
-0.39434586411
-0.392355632813
-0.39033680701
-0.388290404992
-0.386217483085
-0.384119134994
-0.381996491102
-0.379850717729
-0.377683016352
-0.375494622783
-0.373286806313
-0.371060868811
-0.368818143795
-0.366559995454
-0.364287817648
-0.362003032864
-0.35970709114
-0.357401468961
-0.355087668119
-0.352767214541
-0.350441657093
-0.348112566352
-0.345781533349
-0.343450168296
-0.341120099271
-0.338792970902
-0.336470443005
-0.334154189223
-0.331845895633
-0.329547259335
-0.327259987035
-0.324985793598
-0.322726400604
-0.320483534875
-0.318258927007
-0.316054309881
-0.313871417173
-0.311711981857
-0.309577734701
-0.307470402764
-0.305391707888
-0.30334336519
-0.301327081561
-0.299344554159
-0.297397468918
-0.295487499054
-0.293616303581
-0.291785525842
-0.289996792039
-0.28825170979
-0.286551866689
-0.284898828882
-0.283294139667
-0.281739318104
-0.280235857646
-0.278785224799
-0.277388857788
-0.276048165266
-0.27476452503
-0.273539282777
-0.272373750874
-0.271269207171
-0.270226893832
-0.269248016201
-0.268333741703
-0.267485198768
-0.266703475804
-0.26598962019
-0.265344637313
-0.264769489643
-0.264265095837
-0.263832329891
-0.263472020324
-0.263184949408
-0.262971852433
-0.262833417014
-0.262770282443
-0.262783039084
-0.262872227799
-0.263038339436
-0.263281814344
-0.263603041942
-0.264002360323
-0.264480055915
-0.265036363174
-0.265671464329
-0.26638548917
-0.267178514878
-0.268050565906
-0.269001613899
-0.27003157766
-0.271140323163
-0.272327663608
-0.273593359519
-0.27493711889
-0.27635859737
-0.277857398491
-0.279433073947
-0.2810851239
-0.282812997344
-0.284616092496
-0.28649375724
-0.288445289599
-0.290469938258
-0.292566903116
-0.29473533588
-0.296974340696
-0.299282974817
-0.301660249305
-0.304105129766
-0.306616537124
-0.30919334842
-0.311834397654
-0.314538476643
-0.317304335923
-0.320130685671
-0.32301619666
-0.325959501235
-0.32895919432
-0.33201383445
-0.33512194482
-0.338282014361
-0.341492498841
-0.344751821977
-0.348058376574
-0.351410525675
-0.354806603737
-0.358244917809
-0.361723748741
-0.365241352387
-0.368795960839
-0.372385783656
-0.376009009114
-0.379663805457
-0.383348322158
-0.387060691187
-0.390799028282
-0.394561434226
-0.398345996124
-0.402150788684
-0.405973875497
-0.409813310316
-0.413667138334
-0.417533397462
-0.421410119594
-0.425295331882
-0.429187057989
-0.433083319347
-0.436982136399
-0.440881529842
-0.444779521848
-0.448674137283
-0.452563404915
-0.456445358602
-0.460318038474
-0.464179492099
-0.468027775632
-0.471860954953
-0.475677106781
-0.479474319783
-0.483250695652
-0.487004350178
-0.490733414289
-0.494436035088
-0.498110376851
-0.50175462202
-0.505366972168
-0.508945648943
-0.51248889499
-0.515994974853
-0.519462175851
-0.522888808933
-0.526273209507
-0.529613738251
-0.532908781891
-0.536156753967
-0.53935609556
-0.542505276004
-0.545602793575
-0.548647176147
-0.551636981827
-0.554570799566
-0.557447249744
-0.560264984729
-0.563022689413
-0.565719081718
-0.56835291308
-0.570922968914
-0.573428069041
-0.575867068098
-0.578238855929
-0.580542357936
-0.58277653542
-0.584940385891
-0.587032943354
-0.589053278573
-0.591000499314
-0.592873750555
-0.594672214688
-0.59639511168
-0.598041699233
-0.5996112729
-0.601103166197
-0.602516750682
-0.60385143602
-0.605106670024
-0.606281938675
-0.607376766123
-0.608390714672
-0.609323384741
-0.610174414805
-0.610943481326
-0.611630298658
-0.612234618935
-0.612756231949
-0.613194965003
-0.613550682752
-0.613823287029
-0.614012716653
-0.614118947223
-0.614141990901
-0.614081896173
-0.613938747605
-0.613712665581
-0.61340380603
-0.613012360139
-0.612538554057
-0.611982648583
-0.61134493885
-0.610625753991
-0.609825456798
-0.608944443375
-0.607983142771
-0.606942016618
-0.605821558749
-0.604622294812
-0.60334478188
-0.601989608045
-0.600557392009
-0.599048782675
-0.597464458719
-0.595805128164
-0.594071527946
-0.592264423478
-0.590384608201
-0.588432903138
-0.586410156437
-0.584317242919
-0.582155063609
-0.579924545274
-0.577626639956
-0.575262324492
-0.572832600047
-0.570338491629
-0.567781047614
-0.565161339256
-0.562480460208
-0.559739526031
-0.556939673706
-0.554082061141
-0.551167866683
-0.548198288621
-0.545174544692
-0.542097871587
-0.538969524451
-0.535790776387
-0.532562917962
-0.529287256701
-0.525965116593
-0.522597837589
-0.519186775104
-0.515733299518
-0.512238795669
-0.508704662362
-0.505132311863
-0.501523169399
-0.497878672657
-0.494200271289
-0.490489426404
-0.486747610074
-0.482976304831
-0.479177003167
-0.475351207037
-0.471500427356
-0.467626183503
-0.463730002819
-0.459813420108
-0.455877977141
-0.451925222153
-0.447956709348
-0.443973998399
-0.439978653947
-0.435972245107
-0.431956344963
-0.427932530077
-0.423902379986
-0.4198674767
-0.415829404212
-0.411789747991
-0.407750094485
-0.403712030625
-0.399677143321
-0.395647018964
-0.391623242927
-0.387607399061
-0.3836010692
-0.379605832653
-0.37562326571
-0.371654941135
-0.367702427663
-0.363767289503
-0.359851085831
-0.355955370285
-0.352081690467
-0.348231587434
-0.344406595194
-0.340608240202
-0.336838040858
-0.333097506993
-0.329388139371
-0.325711429181
-0.322068857527
-0.318461894926
-0.314892000798
-0.311360622962
-0.307869197126
-0.304419146384
-0.301011880706
-0.297648796434
-0.294331275775
-0.291060686295
-0.287838380416
-0.284665694908
-0.281543950388
-0.278474450818
-0.275458483
-0.272497316076
-0.269592201033
-0.266744370198
-0.263955036748
-0.261225394213
-0.25855661598
-0.255949854811
-0.253406242345
-0.250926888623
-0.248512881594
-0.246165286646
-0.243885146121
-0.241673478848
-0.239531279671
-0.237459518982
-0.235459142262
-0.233531069625
-0.231676195363
-0.229895387499
-0.228189487349
-0.22655930908
-0.225005639285
-0.223529236554
-0.222130831057
-0.220811124137
-0.219570787899
-0.218410464818
-0.217330767348
-0.216332277543
-0.215415546681
-0.214581094903
-0.213829410854
-0.213160951343
-0.212576141003
