-0.566809658235
-0.532440587667
-0.532447357971
-0.532458670313
-0.532474567381
-0.532495108813
-0.532520371063
-0.532550447238
-0.532585446897
-0.532625495817
-0.532670735713
-0.532721323936
-0.532777433126
-0.532839250836
-0.532906979121
-0.532980834089
-0.533061045428
-0.533147855889
-0.53324152075
-0.533342307239
-0.533450493931
-0.533566370114
-0.533690235132
-0.53382239769
-0.533963175141
-0.534112892742
-0.534271882889
-0.534440484326
-0.53461904133
-0.534807902875
-0.535007421779
-0.53850611011
-0.540331059795
-0.542194336617
-0.544095030731
-0.546032213401
-0.548004937071
-0.550012235421
-0.552053123432
-0.554126597434
-0.55623163516
-0.558367195792
-0.560532220014
-0.562725630053
-0.564946329732
-0.567193204515
-0.569465121563
-0.571760929786
-0.574079459903
-0.576419524509
-0.578779918143
-0.581159417365
-0.583556780847
-0.585970749464
-0.588400046401
-0.590843377272
-0.593299430244
-0.595766876183
-0.598244368809
-0.600730544866
-0.603224024307
-0.6305740877
-0.631838934209
-0.633087078348
-0.634317513982
-0.635529237332
-0.636721247411
-0.637892546449
-0.639042140318
-0.640169038953
-0.641272256767
-0.642350813062
-0.643403732438
-0.644430045195
-0.645428787732
-0.646399002938
-0.647339740584
-0.648250057707
-0.649129018985
-0.649975697115
-0.650789173179
-0.651568537008
-0.652312887538
-0.653021333162
-0.653692992079
-0.654326992631
-0.654922473637
-0.655478584724
-0.655994486645
-0.656469351598
-0.656902363532
-0.526317237987
-0.52546499922
-0.524592733723
-0.52370011445
-0.522786816975
-0.521852519643
-0.520896903694
-0.519919653395
-0.518920456153
-0.517899002651
-0.516854986954
-0.515788106615
-0.51469806279
-0.513584560338
-0.51244730792
-0.511286018088
-0.510100407384
-0.508890196425
-0.507655109983
-0.506394877067
-0.505109231002
-0.503797909504
-0.502460654747
-0.501097213431
-0.499707336857
-0.498290780982
-0.496847306476
-0.495376678792
-0.493878668218
-0.492353049932
-0.490220125384
-0.489331445641
-0.488420528524
-0.487486767497
-0.486529557435
-0.485548294927
-0.484542378579
-0.483511209309
-0.482454190642
-0.481370728999
-0.480260233995
-0.479122118716
-0.4779558
-0.476760698717
-0.475536240042
-0.474281853717
-0.472996974314
-0.471681041488
-0.470333500236
-0.46895380113
-0.467541400553
-0.466095760941
-0.464616350996
-0.463102645907
-0.461554127555
-0.459970284723
-0.458350613287
-0.456694616403
-0.455001804691
-0.453271696408
-0.406362224046
-0.404577711474
-0.402761349232
-0.40091284374
-0.399031906711
-0.397118255201
-0.395171611636
-0.393191703982
-0.391178265857
-0.389131036544
-0.387049761074
-0.384934190398
-0.382784081428
-0.380599197054
-0.378379306292
-0.376124184399
-0.373833612866
-0.371507379491
-0.369145278543
-0.366747110791
-0.364312683514
-0.361841810629
-0.359334312807
-0.35679001745
-0.354208758753
-0.351590377857
-0.348934722872
-0.346241648869
-0.343511018001
-0.340742699603
-0.347475642612
-0.345354581435
-0.343204695469
-0.341025477851
-0.338816422135
-0.3365770226
-0.334306774582
-0.33200517478
-0.329671721516
-0.327305915058
-0.324907257957
-0.322475255334
-0.320009415155
-0.317509248556
-0.314974270174
-0.312403998428
-0.309797955792
-0.307155669126
-0.304476669997
-0.301760494942
-0.29900668575
-0.296214789791
-0.293384360314
-0.290514956708
-0.287606144776
-0.284657497062
-0.281668593131
-0.278639019812
-0.275568371482
-0.272456250371
-0.269506963626
-0.26718698679
-0.264831853448
-0.262440590067
-0.260012225828
-0.25754579336
-0.255040329464
-0.252494875847
-0.249908479849
-0.247280195178
-0.244609082629
-0.241894210808
-0.239134656855
-0.236329507159
-0.233477858063
-0.230578816572
-0.227631501055
-0.224635041928
-0.221588582343
-0.218491278863
-0.21534230213
-0.212140837522
-0.208886085798
-0.205577263743
-0.202213604791
-0.198794359645
-0.195318796875
-0.191786203523
-0.18819588568
-0.184547169046
-0.142760297634
-0.139165884663
-0.135519984885
-0.131822027576
-0.128071459556
-0.124267745675
-0.120410369295
-0.116498832728
-0.11253265767
-0.108511385642
-0.104434578422
-0.100301818421
-0.096112709078
-0.0918668752599
-0.0875639636133
-0.0832036428968
-0.0787856043318
-0.0743095619341
-0.0697752527984
-0.0651824373839
-0.0605308998097
-0.0558204481104
-0.0510509144581
-0.0462221553995
-0.0413340520831
-0.0363865104371
-0.0313794613359
-0.0263128607816
-0.0211866900524
-0.0160009558083
0.00427445333618
0.00959509114441
0.0149745244941
0.0204125792161
0.0259090536876
0.0314637189407
0.0370763188247
0.0427465701351
0.0484741627597
0.0542587598933
0.0600999982306
0.0659974881516
0.0719508139775
0.077959534226
0.0840231818385
0.0901412644694
0.096313264798
0.102538640802
0.108816826075
0.115147230186
0.121529239005
0.127962215043
0.134445497855
0.140978404414
0.147560229481
0.154190246035
0.160867705704
0.167591839157
0.174361856566
0.181176948077
0.200462475503
0.207217010268
0.214008873026
0.220837155493
0.227700932132
0.23459926081
0.241531183361
0.24849572613
0.255491900658
0.262518704327
0.269575120933
0.276660121388
0.283772664446
0.290911697316
0.298076156381
0.305264967984
0.312477049105
0.319711308082
0.326966645454
0.334241954704
0.341536122987
0.348848032004
0.356176558818
0.363520576599
0.370878955504
0.378250563556
0.385634267418
0.393028933264
0.400433427704
0.407846618591
0.422485329422
0.42997428985
0.437476330112
0.444990672441
0.452516539137
0.460053152933
0.467599737478
0.47515551752
0.482719719188
0.49029157051
0.497870301646
0.505455145105
0.513045336251
0.520640113616
0.528238719064
0.535840398252
0.543444401028
0.551049981569
0.558656398777
0.566262916741
0.57386880489
0.581473338305
0.589075798219
0.596675472221
0.604271654479
0.611863646252
0.619450756154
0.627032300317
0.634607602868
0.642175996268
0.653620366794
0.660543300378
0.667468669815
0.674396183906
0.681325551859
0.68825648325
0.695188688121
0.702121877043
0.709055761102
0.715990051998
0.722924462167
0.729858704796
0.73679249392
0.743725544588
0.750657572923
0.757588296205
0.764517433074
0.771444703628
0.778369829505
0.785292534091
0.792212542664
0.799129582478
0.806043382951
0.812953675854
0.819860195394
0.826762678374
0.83366086441
0.840554496013
0.847443318719
0.854327081305
0.826975587088
0.835094914663
0.843211145962
0.851323592142
0.859431569086
0.86753439753
0.875631403313
0.883721918133
0.891805279792
0.899880832257
0.907947926327
0.916005920011
0.924054178459
0.932092074465
0.940118988952
0.948134310857
0.956137437413
0.9641277747
0.972104737554
0.980067749626
0.988016243922
0.995949662805
1.00386745785
1.01176909031
1.01965403124
1.02752176121
1.03537177064
1.04320356004
1.05101663966
1.05881052968
1.03979166293
1.04715283034
1.05451086597
1.06186548938
1.06921643595
1.07656345716
1.08390632073
1.09124481065
1.09857872712
1.10590788628
1.11323211989
1.12055127482
1.12786521246
1.13517380804
1.14247694976
1.14977453787
1.15706648366
1.16435270832
1.17163314179
1.17890772142
1.18617639073
1.19343909797
1.20069579472
1.20794643446
1.21519097114
1.22242935764
1.22966154437
1.23688747783
1.2441070992
1.25132034295
1.25316710378
1.26080185032
1.2684335534
1.27606161571
1.28368543909
1.29130442503
1.29891797644
1.30652550071
1.31412641246
1.32172013504
1.32930610074
1.33688375128
1.34445253972
1.35201193332
1.35956141578
1.36710048804
1.37462866805
1.38214549111
1.38965051158
1.3971433053
1.40462347105
1.41209063057
1.41954442776
1.42698452875
1.4344106233
1.44182242659
1.44921967985
1.45660214951
1.4639696259
1.4713219231
1.47744240375
1.48524558536
1.49303813434
1.50081948575
1.50858909383
1.51634643386
1.52409100232
1.53182231709
1.53953991907
1.54724337255
1.55493226483
1.56260620737
1.57026483645
1.57790781235
1.58553481991
1.59314556933
1.60073979518
1.60831725631
1.6158777366
1.62342104406
1.63094701007
1.63845548989
1.64594636209
1.65341952714
1.66087490762
1.66831244789
1.67573211243
1.68313388548
1.69051777099
1.69788379092
1.66387331551
1.67123942447
1.67859847511
1.68595061853
1.69329602409
1.70063487806
1.70796738496
1.71529376445
1.72261424812
1.72992908056
1.73723851778
1.74454282286
1.75184226585
1.75913712376
1.76642767621
1.77371420366
1.78099698841
1.7882763114
1.79555244888
1.80282567353
1.81009625305
1.81736444612
1.82463050265
1.83189466434
1.83915716094
1.84641820918
1.85367801469
1.86093676969
1.86819465075
1.87545182095
1.87602638484
1.8835750627
1.89112441338
1.89867446386
1.9062252428
1.91377678093
1.92132911139
1.92888227006
1.93643629602
1.94399123188
1.95154712422
1.95910402403
1.96666198712
1.97422107449
1.98178135273
1.98934289434
1.99690577815
2.00447008964
2.01203592132
2.01960337313
2.02717255272
2.03474357571
2.04231656595
2.04989165578
2.05746898625
2.06504870732
2.07263097807
2.08021596688
2.08780385149
2.09539481906
2.08689413542
2.09449209559
2.10209196101
2.10969398395
2.11729841831
2.12490551887
2.13251554224
2.14012874808
2.14774539828
2.15536575726
2.16299009336
2.17061867825
2.17825178646
2.18588969665
2.19353269135
2.20118105585
2.20883507896
2.21649505319
2.22416127315
2.23183403563
2.23951363998
2.24720038649
2.25489457551
2.26259650798
2.27030648393
2.27802480086
2.28575175399
2.29348763523
2.30123273096
2.30898732184
2.31164947646
2.31943892286
2.32723681661
2.33504333047
2.34285862605
2.35068285409
2.35851615459
2.36635865645
2.37421047679
2.38207172077
2.38994248195
2.39782284252
2.40571287281
2.41361263079
2.42152216206
2.42944150029
2.43737066737
2.44530967294
2.45325851389
2.46121717456
2.46918562713
2.47716383171
2.48515173569
2.49314927339
2.50115636629
2.50917292334
2.5171988408
2.52523400162
2.53327827496
2.54133151645
2.53294308409
2.54153257608
2.55013749588
2.55875733837
2.56739157318
2.57603964293
2.58470096101
2.59337490957
2.60206083818
2.61075806244
2.61946586244
2.62818348217
2.63691012912
2.64564497371
2.65438714955
2.66313575419
2.6718898498
2.68064846436
2.68941059362
2.69817520306
2.70694123004
2.71570758687
2.72447316389
2.7332368326
2.74199744941
2.75075385975
2.75950490178
2.76824941062
2.77698622294
2.78571418105
2.68618920847
2.69279852625
2.69939930547
2.7059918801
2.71257659326
2.71915379138
2.7257238278
2.73228706163
2.73884384909
2.74539454299
2.75193949538
2.75847905018
2.76501353737
2.77154327601
2.77806857134
2.78458970554
2.79110693747
2.79762050409
2.80413061207
2.8106374323
2.81714110283
2.82364172463
2.8301393526
2.83663399588
2.8431256187
2.84961413149
2.85609938655
2.86258118127
2.86905925332
2.87553327249
2.82108772619
2.82684169452
2.83257410453
2.83828424375
2.84397146173
2.84963516244
2.85527479575
2.86088984748
2.86647982906
2.87204426665
2.87758268927
2.88309461671
2.88857954739
2.89403694587
2.89946623014
2.90486675959
2.91023782294
2.91557862648
2.92088828305
2.92616580188
2.93141007872
2.93661988719
2.94179387128
2.94693053863
2.95202825495
2.95708524006
2.96209956498
2.96706915012
2.97199176521
2.97686503061
3.00220897737
3.00981499872
3.01748351774
3.02521168222
3.03299641088
3.04083438365
3.04872203988
3.05665558406
3.06463098118
3.07264395087
3.08068997398
3.0887642953
3.0968619173
3.10497760336
3.11310588677
3.1212410686
3.12937721675
3.13750817691
3.14562757765
3.15372882793
3.16180512546
3.16984946855
3.17785465657
3.1858132938
3.19371780419
3.20156043833
3.20933327459
3.21702823192
3.22463708376
3.23215146065
3.22958484687
3.23621448402
3.24273750959
3.24914583126
3.25543119313
3.26158518167
3.26759923247
3.2734646375
3.27917255269
3.28471400662
3.29007990988
3.29526106474
3.3002481757
3.30503186102
3.3096026646
3.31395106845
3.3180675062
3.3219423772
3.32556606087
3.32892893196
3.33202137657
3.33483380836
3.3373566852
3.33958052668
3.34149593187
3.3430935971
3.34436433442
3.34529909037
3.34588896461
3.34612522864
3.35196623367
3.35784680995
3.36375892231
3.36969084046
3.37562993182
3.38156267488
3.38747467501
3.39335068175
3.39917461115
3.40492957227
3.41059789476
3.41616115972
3.42160023585
3.42689531736
3.43202596337
3.43697114211
3.44170927834
3.44621830122
3.45047569517
3.45445855506
3.45814364191
3.46150743954
3.46452621508
3.46717608128
3.46943305797
3.47127313589
3.47267234312
3.47360681051
3.47405283691
3.47398695712
3.46374057113
3.46110273473
3.45778675602
3.45377848316
3.44906474781
3.44363338751
3.4374732647
3.430574283
3.42292740132
3.41452464459
3.40535911169
3.39542498134
3.38471751536
3.37323305894
3.36096903889
3.34792396002
3.33409739875
3.31948999454
3.30410343997
3.28794046862
3.27100484074
3.25330132759
3.23483569446
3.21561468152
3.19564598326
3.1749382272
3.15350095076
3.13134457678
3.10848038816
3.08492050167
3.03911966091
3.00698198216
2.97415884367
2.94069892062
2.9066516762
2.8720671682
2.83699585551
2.80148840507
2.76559550046
2.72936765267
2.69285501419
2.65610719712
2.61917309595
2.5821007159
2.54493700763
2.50772770862
2.47051719222
2.43334832463
2.39626233066
2.35929866828
2.32249491274
2.28588665058
2.24950738352
2.21338844278
2.17755891394
2.14204557235
2.10687282922
2.07206268844
2.03763471411
2.00360600852
1.96465983103
1.92756561889
1.89054174722
1.85361748942
1.81682155456
1.7801820068
1.74372618547
1.70748062645
1.6714709857
1.6357219653
1.60025724135
1.56509939442
1.5302698437
1.49578878416
1.46167512668
1.4279464421
1.39461890972
1.36170726997
1.32922478089
1.29718317959
1.26559264891
1.23446178847
1.20379759062
1.173605422
1.14388901088
1.1146504392
1.08589013999
1.05760690083
1.02979787282
1.00245858457
1.12343191553
1.09532718366
1.06741691161
1.03968693975
1.01212202865
0.984705971775
0.957421713662
0.930251472273
0.903176864637
0.87617903553
0.849238788552
0.822336718217
0.79545334256
0.768569235988
0.741665161092
0.714722198468
0.687721874425
0.660646285752
0.633478220262
0.606201272862
0.578799956839
0.551259809152
0.523567489103
0.495710870475
0.467679126333
0.439462805559
0.411053901276
0.38244591094
0.353633887195
0.324614479362
0.328443504281
0.300039742509
0.271556945074
0.242993708096
0.214349329426
0.185623836295
0.156818009538
0.127933404478
0.0989723680157
0.069938051699
0.0408344210492
0.0116662609334
-0.0175608233803
-0.046840409259
-0.0761652636929
-0.105527354588
-0.134917866316
-0.164327219131
-0.193745092596
-0.223160453148
-0.252561585382
-0.281936126831
-0.311271106474
-0.34055298665
-0.369767707891
-0.398900736759
-0.427937116574
-0.45686152046
-0.485658306463
-0.514311574823
-0.528386515914
-0.553814719476
-0.579030695848
-0.604028233209
-0.628801227672
-0.653343700747
-0.677649816343
-0.701713897257
-0.725530441088
-0.749094135498
-0.772399872753
-0.795442763509
-0.818218149789
-0.840721617078
-0.862949005507
-0.884896420102
-0.906560240045
-0.927937126905
-0.94902403184
-0.969818201747
-0.990317184318
-1.01051883201
-1.03042130495
-1.05002307268
-1.0693229149
-1.08831992107
-1.10701348891
-1.12540332196
-1.14348942598
-1.16127210447
-1.07471279567
-1.09903204898
-1.1230993019
-1.14689157079
-1.17038614791
-1.19356068655
-1.21639328488
-1.23886256795
-1.26094776764
-1.2826288002
-1.30388634099
-1.32470189622
-1.34505787132
-1.36493763562
-1.38432558325
-1.40320718973
-1.42156906434
-1.4393989978
-1.45668600518
-1.47342036394
-1.48959364675
-1.50519874921
-1.52022991217
-1.53468273868
-1.54855420546
-1.56184266896
-1.57454786582
-1.58667090792
-1.598214272
-1.60918178387
-1.61364023345
-1.62799617677
-1.64206626246
-1.65582507332
-1.66924621822
-1.68230255919
-1.69496644919
-1.7072099784
-1.71900522726
-1.73032452386
-1.74114070368
-1.75142736946
-1.76115914906
-1.77031194893
-1.7788632013
-1.78679210273
-1.7940798421
-1.80070981601
-1.80666782965
-1.81194228151
-1.81652433008
-1.82040804117
-1.82359051442
-1.82607198778
-1.82785591901
-1.8289490432
-1.82936140582
-1.82910637066
-1.82820060254
-1.82666402458
-1.81578527161
-1.81572729051
-1.81533353029
-1.81461014204
-1.81356383571
-1.81220187177
-1.81053204978
-1.80856269417
-1.80630263714
-1.80376119918
-1.80094816702
-1.79787376957
-1.79454865182
-1.79098384705
-1.78719074747
-1.78318107366
-1.77896684297
-1.774560337
-1.76997406865
-1.76522074868
-1.76031325216
-1.75526458495
-1.75008785034
-1.74479621614
-1.73940288227
-1.73392104894
-1.72836388574
-1.72274450146
-1.7170759149
-1.71137102672
-1.67670296344
-1.67484258488
-1.67288369198
-1.67082827511
-1.66867828114
-1.66643561376
-1.66410213427
-1.66167966264
-1.659169979
-1.65657482535
-1.65389590767
-1.65113489844
-1.64829343923
-1.64537314375
-1.64237560115
-1.63930237948
-1.6361550294
-1.63293508805
-1.62964408321
-1.62628353741
-1.62285497221
-1.61935991261
-1.61579989148
-1.61217645389
-1.6084911615
-1.60474559697
-1.60094136811
-1.59708011199
-1.59316349891
-1.58919323619
-1.59753834706
-1.59319319006
-1.58879810539
-1.58435713008
-1.57987447594
-1.57535451578
-1.57080176884
-1.56622088514
-1.56161662925
-1.5569938632
-1.55235752882
-1.54771262947
-1.54306421136
-1.53841734446
-1.53377710308
-1.52914854625
-1.52453669808
-1.51994652797
-1.51538293091
-1.51085070806
-1.50635454747
-1.50189900513
-1.49748848655
-1.49312722882
-1.4888192832
-1.48456849853
-1.48037850532
-1.47625270072
-1.47219423436
-1.46820599521
-1.45704608623
-1.45329410712
-1.44951422632
-1.44570690515
-1.44187270055
-1.4380122643
-1.43412634164
-1.43021576955
-1.4262814746
-1.4223244704
-1.41834585463
-1.41434680575
-1.4103285793
-1.40629250384
-1.40223997662
-1.39817245894
-1.39409147114
-1.38999858744
-1.38589543046
-1.38178366563
-1.37766499527
-1.37354115265
-1.36941389587
-1.36528500164
-1.36115625896
-1.35702946285
-1.35290640802
-1.34878888251
-1.34467866149
-1.34057750104
-1.33524745858
-1.33094842815
-1.32666450593
-1.3223976459
-1.31814967595
-1.31392229483
-1.3097170701
-1.30553543698
-1.3013786981
-1.29724802426
-1.29314445601
-1.28906890613
-1.28502216302
-1.28100489482
-1.27701765438
-1.27306088489
-1.26913492628
-1.26524002216
-1.26137632738
-1.25754391605
-1.25374279001
-1.24997288771
-1.2462340933
-1.24252624601
-1.23884914962
-1.23520258202
-1.23158630481
-1.22800007268
-1.2244436428
-1.22091678381
-1.25484647398
-1.25188814858
-1.24893142886
-1.24597637177
-1.24302303018
-1.24007145349
-1.23712168835
-1.23417377934
-1.23122776964
-1.22828370179
-1.22534161835
-1.2224015626
-1.21946357928
-1.21652771518
-1.21359401988
-1.21066254629
-1.20773335129
-1.20480649629
-1.20188204769
-1.19896007742
-1.19604066332
-1.19312388949
-1.19020984666
-1.18729863241
-1.18439035135
-1.18148511531
-1.17858304335
-1.17568426179
-1.17278890415
-1.16989711103
-1.17362619662
-1.17029810805
-1.16694619289
-1.16357104374
-1.16017328911
-1.15675359278
-1.15331265305
-1.14985120202
-1.14637000482
-1.14286985857
-1.13935159129
-1.13581606089
-1.13226415396
-1.12869678447
-1.12511489231
-1.12151944198
-1.11791142113
-1.11429183889
-1.11066172423
-1.10702212438
-1.1033741031
-1.09971873886
-1.096057123
-1.09239035796
-1.08871955547
-1.08504583453
-1.08137031952
-1.07769413838
-1.0740184207
-1.07034429572
-1.06513188657
-1.0620509109
-1.05897319513
-1.05589903989
-1.05282872986
-1.04976253413
-1.04670070651
-1.04364348592
-1.04059109672
-1.03754374906
-1.03450163922
-1.03146494991
-1.02843385067
-1.02540849813
-1.02238903631
-1.01937559695
-1.0163682998
-1.01336725286
-1.01037255265
-1.00738428448
-1.0044025227
-1.00142733092
-0.998458762213
-0.995496859382
-0.992541655157
-0.989593172385
-0.986651424261
-0.983716414548
-0.980788137765
-0.977866579395
-0.989762302724
-0.986817609357
-0.983878487302
-0.980945153461
-0.978017829997
-0.975096745051
-0.972182133158
-0.969274235051
-0.96637329712
-0.963479571121
-0.960593314379
-0.957714790141
-0.954844267494
-0.95198202069
-0.949128328265
-0.946283472541
-0.94344773959
-0.9406214192
-0.937804804315
-0.93499818995
-0.932201872087
-0.929416147038
-0.926641311219
-0.92387766079
-0.92112549072
-0.918385093451
-0.915656757717
-0.912940767905
-0.91023740374
-0.907546939703
-0.905473484471
-0.903210409547
-0.900972276798
-0.898758760072
-0.896569508884
-0.894404148943
-0.892262282665
-0.890143489704
-0.888047327511
-0.885973331986
-0.883921018191
-0.881889881118
-0.879879396451
-0.877889021319
-0.875918195059
-0.873966340018
-0.872032862434
-0.870117153374
-0.868218589681
-0.866336534914
-0.864470340253
-0.862619345413
-0.860782879605
-0.858960262542
-0.857150805483
-0.85535381226
-0.853568580265
-0.851794401398
-0.850030563021
-0.848276348935
-0.846319404226
-0.844366982769
-0.84241868188
-0.840474101042
-0.838532842577
-0.836594512124
-0.834658719254
-0.832725078202
-0.830793208377
-0.828862734768
-0.826933288538
-0.825004507631
-0.823076037141
-0.821147529673
-0.819218645895
-0.81728905502
-0.81535843505
-0.813426473128
-0.811492866049
-0.809557320595
-0.807619553722
-0.805679292927
-0.803736276692
-0.80179025471
-0.79984098806
-0.797888249601
-0.795931824342
-0.793971509595
-0.792007115185
-0.790038463867
-0.794024974561
-0.791912664581
-0.789798049943
-0.787681132026
-0.785561922974
-0.783440445664
-0.781316733735
-0.779190831678
-0.777062794841
-0.774932689337
-0.772800591997
-0.770666590392
-0.76853078278
-0.766393277944
-0.764254195078
-0.762113663747
-0.759971823765
-0.757828824981
-0.75568482709
-0.753539999538
-0.751394521342
-0.74924858081
-0.747102375301
-0.744956111065
-0.742810003008
-0.740664274366
-0.738519156401
-0.736374888185
-0.734231716328
-0.732089894588
-0.770899419115
-0.768671446259
-0.766448536183
-0.764230915027
-0.762018803995
-0.759812419088
-0.757611970827
-0.755417664006
-0.753229697432
-0.751048263689
-0.748873548908
-0.746705732543
-0.744544987169
-0.742391478278
-0.740245364097
-0.738106795418
-0.735975915437
-0.733852859606
-0.731737755507
-0.729630722737
-0.727531872803
-0.725441309036
-0.72335912653
-0.721285412083
-0.719220244167
-0.717163692904
-0.715115820076
-0.713076679134
-0.711046315243
-0.709024765331
-0.757653299324
-0.756064691583
-0.754473778091
-0.752880495964
-0.751284785932
-0.749686592763
-0.748085865692
-0.746482558862
-0.744876631804
-0.743268049889
-0.741656784744
-0.74004281462
-0.73842612474
-0.73680670764
-0.735184563524
-0.733559700593
-0.731932135322
-0.730301892675
-0.728669006272
-0.727033518534
-0.72539548083
-0.723754953593
-0.72211200639
-0.720466717914
-0.718819175919
-0.71716947712
-0.71551772709
-0.713864040136
-0.71220853913
-0.710551355276
-0.661957672268
-0.660252951445
-0.658551797944
-0.656854306992
-0.655160572565
-0.653470687781
-0.651784745027
-0.650102835302
-0.648425047705
-0.646751469749
-0.645082187636
-0.643417285709
-0.641756845833
-0.640100947597
-0.638449668701
-0.636803084569
-0.635161267664
-0.633524287554
-0.631892211388
-0.630265103691
-0.628643025668
-0.627026035132
-0.625414187022
-0.623807533404
-0.622206122816
-0.620610000057
-0.619019206716
-0.617433781371
-0.615853759024
-0.614279170777
-0.61314756331
-0.611586304928
-0.610029939629
-0.608478523251
-0.606932109313
-0.605390749209
-0.603854491923
-0.602323384118
-0.600797470753
-0.599276795091
-0.597761398173
-0.59625131909
-0.594746595817
-0.59324726512
-0.591753361921
-0.590264919638
-0.588781971003
-0.587304547918
-0.585832680914
-0.584366399482
-0.582905732616
-0.581450708635
-0.580001354924
-0.578557698211
-0.577119764686
-0.575687579747
-0.574261168107
-0.572840554046
-0.571425761058
-0.570016811503
-0.603491861604
-0.602135164671
-0.600785343212
-0.599442387601
-0.598106284232
-0.596777015554
-0.595454559924
-0.594138891493
-0.592829980291
-0.591527792273
-0.590232289189
-0.588943428503
-0.587661163494
-0.586385443331
-0.585116212953
-0.583853413018
-0.582596980042
-0.58134684648
-0.580102940634
-0.578865186635
-0.577633504605
-0.576407810764
-0.575188017354
-0.573974032659
-0.572765761195
-0.571563103833
-0.570365957751
-0.569174216483
-0.56798777014
-0.56680650555
-0.591570973929
-0.590150754579
-0.58873289399
-0.58731742638
-0.58590438741
-0.584493814155
-0.583085744994
-0.581680219551
-0.580277278731
-0.578876964654
-0.577479320522
-0.57608439056
-0.574692220026
-0.573302855114
-0.571916342807
-0.570532730813
-0.569152067558
-0.567774402059
-0.566399783768
-0.565028262512
-0.563659888464
-0.562294711996
-0.560932783523
-0.559574153442
-0.558218872097
-0.556866989609
-0.555518555728
-0.554173619783
-0.552832230631
-0.551494436485
-0.575827887751
-0.574675978648
-0.5735240611
-0.572372138664
-0.57122021475
-0.570068293785
-0.568916381838
-0.56776448545
-0.566612611006
-0.565460765894
-0.56430895914
-0.563157200255
-0.562005498581
-0.560853864449
-0.559702309827
-0.558550847173
-0.557399488776
-0.556248247892
-0.555097139416
-0.553946178746
-0.5527953811
-0.551644762653
-0.550494341223
-0.549344135137
-0.548194162546
-0.547044442544
-0.54589499587
-0.544745843792
-0.543597007398
-0.542448508711
-0.545898096623
-0.54476832851
-0.543638813912
-0.542509570342
-0.541380617329
-0.540251975727
-0.539123667467
-0.537995716248
-0.536868147697
-0.535740988633
-0.534614266957
-0.533488012375
-0.532362256381
-0.531237031496
-0.53011237133
-0.528988311277
-0.527864888332
-0.526742140357
-0.525620106287
-0.524498826787
-0.523378343903
-0.522258700387
-0.521139940052
-0.520022108346
-0.518905251861
-0.517789417749
-0.51667465421
-0.515561010952
-0.514448538586
-0.513337288161
-0.518650123276
-0.517565123482
-0.516482499751
-0.515402307692
-0.51432460314
-0.513249446373
-0.512176898427
-0.511107016311
-0.510039855941
-0.508975477331
-0.507913942403
-0.506855309427
-0.505799634332
-0.504746976423
-0.503697397851
-0.502650957779
-0.501607711956
-0.500567718446
-0.499531038826
-0.498497732595
-0.497467855066
-0.496441462604
-0.495418615454
-0.494399372892
-0.49338378962
-0.492371920044
-0.491363822472
-0.490359555423
-0.489359172832
-0.488362726973
-0.487354120374
-0.486350815338
-0.485352847325
-0.484360251216
-0.483373061303
-0.482391311302
-0.481415034352
-0.480444263004
-0.479479029219
-0.478519364385
-0.477565299305
-0.476616864193
-0.475674088681
-0.474737001828
-0.47380563211
-0.47288000742
-0.471960155082
-0.47104610185
-0.470137873902
-0.469235496846
-0.468338995739
-0.467448395073
-0.466563718777
-0.465684990235
-0.464812232288
-0.463945467228
-0.463084716809
-0.462230002258
-0.461381344278
-0.460538763042
-0.508343085041
-0.507496927133
-0.506653371069
-0.505812442821
-0.504974168189
-0.504138572404
-0.503305681196
-0.502475521208
-0.501648118938
-0.500823500296
-0.500001691638
-0.499182720244
-0.498366613289
-0.49755339734
-0.496743099362
-0.495935747261
-0.49513136888
-0.49432999144
-0.493531642522
-0.492736350658
-0.491944144369
-0.491155051548
-0.490369100408
-0.489586320132
-0.488806739944
-0.488030388438
-0.487257294497
-0.486487487989
-0.485720998881
-0.484957856516
-0.496068737621
-0.495398690579
-0.494731528752
-0.494067267333
-0.49340592225
-0.492747510219
-0.49209204864
-0.491439555598
-0.49079004998
-0.490143551478
-0.489500080481
-0.488859658116
-0.488222306364
-0.487588047994
-0.486956906482
-0.486328906092
-0.485704071948
-0.485082429936
-0.484464006648
-0.483848829497
-0.483236926729
-0.482628327304
-0.48202306089
-0.481421157975
-0.480822649821
-0.480227568347
-0.479635946176
-0.479047816708
-0.478463214038
-0.477882172857
-0.468345517581
-0.467802651011
-0.467266592307
-0.46673737971
-0.466215051179
-0.46569964424
-0.465191196274
-0.464689744617
-0.464195326212
-0.463707977474
-0.463227734584
-0.462754633563
-0.46228870992
-0.461829998527
-0.461378533923
-0.460934350362
-0.460497481453
-0.460067960058
-0.459645818594
-0.459231089063
-0.458823802684
-0.458423989811
-0.458031680242
-0.457646903218
-0.457269687064
-0.456900059121
-0.456538046056
-0.456183673847
-0.455836967418
-0.455497950595
-0.468071765586
-0.467793128092
-0.467520990257
-0.467255348507
-0.466996198832
-0.466743536899
-0.46649735793
-0.466257656544
-0.466024426806
-0.465797662396
-0.465577356607
-0.465363502176
-0.465156091203
-0.4649551153
-0.464760565705
-0.46457243318
-0.464390707846
-0.464215379233
-0.464046436445
-0.463883868187
-0.463727662588
-0.463577807128
-0.463434288776
-0.463297094125
-0.463166209297
-0.463041619783
-0.462923310484
-0.462811265887
-0.462705470101
-0.462605906695
-0.483757633586
-0.483643326768
-0.483534074207
-0.483429877463
-0.483330738018
-0.483236657245
-0.483147635965
-0.483063674286
-0.482984771988
-0.482910928831
-0.482842144306
-0.482778417212
-0.482719745743
-0.482666127934
-0.482617561769
-0.482574044762
-0.482535573698
-0.482502144923
-0.482473754743
-0.48245039928
-0.482432074024
-0.482418773791
-0.482410493155
-0.482407226665
-0.482408968505
-0.48241571214
-0.482427450506
-0.482444176451
-0.482465882721
-0.482492561518
-0.493311519639
-0.493523567946
-0.493738500903
-0.493956281696
-0.494176873212
-0.49440023806
-0.494626338908
-0.494855138637
-0.495086600086
-0.495320685792
-0.49555735813
-0.495796579653
-0.49603831313
-0.49628252123
-0.496529166345
-0.496778210822
-0.497029617258
-0.497283348421
-0.497539366915
-0.497797635112
-0.498058115457
-0.498320770701
-0.498585563715
-0.498852457186
-0.499121413668
-0.499392395926
-0.499665367062
-0.499940290246
-0.500217128465
-0.500495844685
-0.501199765662
-0.501443465919
-0.501688707457
-0.501935469948
-0.50218373346
-0.502433478499
-0.502684685588
-0.502937335235
-0.50319140836
-0.503446886334
-0.50370375055
-0.503961982403
-0.504221563714
-0.504482476761
-0.504744703858
-0.505008227331
-0.505273029947
-0.505539094939
-0.505806405584
-0.506074945185
-0.506344697496
-0.506615646747
-0.506887777221
-0.507161073236
-0.507435519576
-0.507711101503
-0.507987804345
-0.508265613472
-0.508544514728
-0.508824494447
-0.510164329076
-0.510424855196
-0.510687414875
-0.510951991481
-0.511218567164
-0.511487123979
-0.511757645611
-0.512030115786
-0.51230451699
-0.512580832423
-0.512859046743
-0.513139143924
-0.5134211071
-0.513704920766
-0.513990570328
-0.514278040042
-0.514567314028
-0.51485837807
-0.515151218105
-0.515445818852
-0.515742165705
-0.516040245589
-0.516340044844
-0.516641548952
-0.51694474474
-0.517249620053
-0.517556161648
-0.517864356108
-0.518174191707
-0.518485656984
-0.520041412494
-0.520324427335
-0.520610208422
-0.520898745261
-0.52119003528
-0.521484076407
-0.521780858747
-0.522080370192
-0.522382605956
-0.522687565051
-0.522995239982
-0.523305618012
-0.523618691762
-0.523934460246
-0.524252918515
-0.52457405436
-0.52489785796
-0.525224327289
-0.525553459661
-0.525885244476
-0.526219670107
-0.52655673265
-0.526896430959
-0.527238756805
-0.5275836977
-0.527931247342
-0.528281405082
-0.528634165346
-0.528989515867
-0.52934744787
-0.530662614966
-0.53107933021
-0.531499874412
-0.531924228186
-0.532352371285
-0.53278428344
-0.533219944639
-0.53365933425
-0.534102430876
-0.534549213259
-0.534999660309
-0.535453750216
-0.535911460535
-0.53637276909
-0.536837653762
-0.537306091635
-0.537778059327
-0.538253533813
-0.538732491992
-0.539214909935
-0.539700763429
-0.540190028666
-0.540682681621
-0.541178697451
-0.541678051219
-0.542180718396
-0.542686674097
-0.543195892675
-0.54370834857
-0.544224016594
-0.553636685892
-0.554192108396
-0.55475006251
-0.555310504186
-0.555873389316
-0.556438673735
-0.557006313181
-0.557576263324
-0.558148479832
-0.558722918352
-0.559299534478
-0.559878283799
-0.560459121945
-0.561042004562
-0.561626887286
-0.562213725801
-0.562802475874
-0.563393093317
-0.563985533973
-0.564579753785
-0.565175708812
-0.56577335518
-0.566372649095
-0.566973546904
-0.567576005096
-0.568179980254
-0.568785429083
-0.569392308473
-0.57000057547
-0.570610187249
-0.573449969408
-0.574099331713
-0.57475027898
-0.575402769627
-0.576056762202
-0.576712215161
-0.577369087566
-0.578027339153
-0.578686929651
-0.579347818889
-0.580009967484
-0.580673336581
-0.581337887256
-0.582003580932
-0.582670379901
-0.583338246797
-0.584007144223
-0.584677035379
-0.585347884306
-0.586019655214
-0.586692312414
-0.587365821021
-0.588040146868
-0.588715255836
-0.589391114117
-0.590067688828
-0.590744947618
-0.591422858154
-0.592101388652
-0.592780508271
-0.592147490632
-0.5928723307
-0.593598062722
-0.594324648429
-0.595052050185
-0.595780230939
-0.596509153812
-0.597238782223
-0.597969080311
-0.598700012762
-0.599431544443
-0.600163640638
-0.600896267407
-0.601629391317
-0.602362979141
-0.603096998187
-0.603831416573
-0.604566202875
-0.605301325917
-0.606036755173
-0.60677246093
-0.607508413881
-0.60824458503
-0.608980946129
-0.609717469717
-0.610454128693
-0.611190896345
-0.61192774678
-0.612664654847
-0.613401595716
-0.613938295554
-0.614715720457
-0.615492905081
-0.616269826248
-0.61704646129
-0.617822788126
-0.618598785267
-0.619374431737
-0.620149707043
-0.620924591246
-0.621699065009
-0.622473109531
-0.623246706488
-0.624019838072
-0.624792487066
-0.625564636808
-0.626336271109
-0.627107374258
-0.627877931099
-0.628647927041
-0.629417347978
-0.630186180252
-0.630954410725
-0.631722026823
-0.632489016472
-0.633255368035
-0.634021070342
-0.634786112766
-0.635550485188
-0.636314177917
-0.629054772866
-0.62984940283
-0.630645560005
-0.631443235357
-0.632242419923
-0.633043104807
-0.633845281182
-0.634648940278
-0.635454073381
-0.636260671833
-0.637068727029
-0.637878230407
-0.638689173448
-0.639501547674
-0.640315344644
-0.641130555948
-0.641947173201
-0.642765188046
-0.643584592148
-0.644405377181
-0.645227534837
-0.646051056815
-0.646875934818
-0.647702160546
-0.648529725697
-0.64935862196
-0.650188841012
-0.651020374507
-0.651853214083
-0.652687351351
-0.647155850099
-0.647909371805
-0.648665147675
-0.649423210107
-0.650183590937
-0.650946321425
-0.65171143228
-0.65247895364
-0.653248915019
-0.654021345273
-0.654796272634
-0.655573724703
-0.656353728393
-0.657136309894
-0.657921494698
-0.658709307602
-0.659499772661
-0.660292913142
-0.661088751544
-0.661887309613
-0.662688608299
-0.663492667712
-0.664299507125
-0.665109145004
-0.665921598973
-0.66673688576
-0.667555021199
-0.668376020257
-0.669199897012
-0.670026664603
-0.66795469101
-0.668888554636
-0.669823490275
-0.670759494353
-0.671696563337
-0.672634693753
-0.673573882207
-0.674514125367
-0.675455419928
-0.676397762625
-0.677341150255
-0.67828557968
-0.679231047793
-0.680177551502
-0.681125087751
-0.682073653539
-0.683023245896
-0.683973861854
-0.684925498448
-0.685878152737
-0.68683182181
-0.687786502746
-0.688742192596
-0.689698888399
-0.6906565872
-0.69161528603
-0.692574981867
-0.69353567164
-0.694497352247
-0.69546002056
-0.697610406389
-0.698587298446
-0.699565198489
-0.700544094676
-0.701523975034
-0.702504827488
-0.703486639834
-0.704469399704
-0.70545309458
-0.706437711827
-0.707423238681
-0.708409662216
-0.709396969344
-0.710385146842
-0.711374181352
-0.712364059344
-0.713354767113
-0.714346290812
-0.715338616456
-0.716331729885
-0.717325616745
-0.718320262521
-0.719315652551
-0.720311772
-0.721308605837
-0.722306138849
-0.723304355665
-0.724303240735
-0.725302778301
-0.726302952414
-0.719104625598
-0.720091300027
-0.721078071279
-0.722064915281
-0.723051808222
-0.724038726099
-0.725025644258
-0.726012537931
-0.72699938259
-0.727986153342
-0.728972824684
-0.72995937116
-0.730945767469
-0.731931987797
-0.732918005822
-0.733903795393
-0.73488933038
-0.735874584033
-0.736859529247
-0.737844139156
-0.738828386747
-0.739812244347
-0.7407956841
-0.741778678392
-0.742761199293
-0.743743218237
-0.744724706642
-0.745705636119
-0.746685977799
-0.74766570227
-0.747775999646
-0.748771200731
-0.749766613686
-0.750762216664
-0.751757987524
-0.75275390384
-0.753749942789
-0.754746081135
-0.755742295333
-0.756738561565
-0.757734855639
-0.758731152944
-0.759727428551
-0.760723657268
-0.761719813553
-0.762715871445
-0.763711804659
-0.764707586652
-0.765703190557
-0.766698589096
-0.767693754653
-0.768688659366
-0.76968327507
-0.7706775732
-0.771671524848
-0.772665100861
-0.77365827181
-0.774651007885
-0.775643278923
-0.776635054523
-0.77036633675
-0.771234444624
-0.772101676433
-0.772968006101
-0.773833407617
-0.774697854642
-0.775561320593
-0.776423779032
-0.777285203554
-0.778145567416
-0.779004843676
-0.779863005559
-0.780720026299
-0.781575878782
-0.782430535743
-0.783283970106
-0.784136154771
-0.784987062289
-0.785836665111
-0.78668493589
-0.787531847225
-0.788377371372
-0.789221480533
-0.790064147126
-0.790905343478
-0.791745041589
-0.792583213452
-0.793419831279
-0.79425486716
-0.795088292875
-0.779427888419
-0.780098557876
-0.780767862101
-0.781435776641
-0.782102277054
-0.782767339121
-0.783430938492
-0.784093050444
-0.784753650249
-0.785412713425
-0.786070215392
-0.786726131215
-0.787380435929
-0.788033104836
-0.788684113179
-0.78933343585
-0.789981047699
-0.790626923848
-0.791271039398
-0.791913369108
-0.792553887674
-0.793192570064
-0.793829391263
-0.794464325916
-0.795097348585
-0.795728434101
-0.79635755734
-0.796984692851
-0.797609815067
-0.798232898692
-0.790540368812
-0.79140013213
-0.792259071016
-0.79311715136
-0.793974338906
-0.794830598831
-0.795685896188
-0.796540196269
-0.797393464095
-0.798245664157
-0.799096760971
-0.799946719251
-0.800795503334
-0.801643077109
-0.802489404613
-0.803334450011
-0.804178177002
-0.805020548962
-0.805861529505
-0.806701082266
-0.807539170376
-0.80837575678
-0.809210804714
-0.810044277316
-0.810876137219
-0.811706347021
-0.812534869616
-0.81336166768
-0.814186703429
-0.815009939188
-0.780616168168
-0.781194726306
-0.781770971281
-0.782344875505
-0.782916411481
-0.783485551816
-0.78405226922
-0.78461653651
-0.78517832662
-0.785737612601
-0.786294367626
-0.786848564996
-0.787400178144
-0.787949180637
-0.788495546184
-0.789039248635
-0.789580261988
-0.790118560393
-0.790654118152
-0.791186909726
-0.791716909734
-0.792244092961
-0.792768434355
-0.793289909035
-0.793808492287
-0.794324159575
-0.794836886535
-0.795346648982
-0.79585342291
-0.796357184496
-0.792020453492
-0.79277463251
-0.793528893997
-0.794283175277
-0.795037411523
-0.795791538145
-0.796545491319
-0.7972992054
-0.798052613556
-0.798805650108
-0.7995582489
-0.800310341704
-0.801061860574
-0.801812738444
-0.802562906532
-0.803312294916
-0.804060834895
-0.804808457415
-0.805555091418
-0.806300666171
-0.807045111922
-0.807788357312
-0.808530329884
-0.809270958473
-0.810010171686
-0.810747896203
-0.811484059078
-0.812218588458
-0.812951411005
-0.813682452336
-0.809794482895
-0.810461941846
-0.811126082451
-0.811786867064
-0.812444257453
-0.813098216351
-0.813748706935
-0.814395691568
-0.815039132984
-0.81567899494
-0.816315240688
-0.816947833151
-0.81757673636
-0.818201914539
-0.818823331161
-0.819440950373
-0.820054737205
-0.820664656043
-0.821270671241
-0.82187274834
-0.822470852822
-0.823064949564
-0.823655004379
-0.824240983765
-0.824822853502
-0.82540057966
-0.82597412947
-0.826543469873
-0.827108567417
-0.82766938977
-0.828052227749
-0.828604461132
-0.829152066383
-0.82969500768
-0.830233251118
-0.830766763699
-0.831295510974
-0.831819459375
-0.832338577303
-0.832852832203
-0.833362191075
-0.833866623099
-0.834366097662
-0.834860582784
-0.83535004793
-0.835834464005
-0.836313800525
-0.836788027153
-0.837257115674
-0.837721037376
-0.838179762517
-0.838633263261
-0.839081512617
-0.839524482127
-0.839962144226
-0.840394473301
-0.840821442784
-0.841243025723
-0.841659197402
-0.84206993335
-0.805110370453
-0.805449975826
-0.805785761499
-0.806117702427
-0.806445779863
-0.806769990861
-0.807090312402
-0.807406723584
-0.807719221938
-0.808027786874
-0.808332395664
-0.808633045928
-0.80892971984
-0.809222393259
-0.809511063483
-0.809795715637
-0.810076324585
-0.810352886847
-0.810625390507
-0.81089380983
-0.811158140088
-0.811418372177
-0.811674480179
-0.811926457701
-0.812174298239
-0.812417976164
-0.812657483158
-0.812892815084
-0.813123947175
-0.813350869092
-0.807129366469
-0.807329805363
-0.80752471587
-0.80771415116
-0.807898193191
-0.808076846442
-0.808250066311
-0.808417873166
-0.808580355296
-0.808737555651
-0.808889437684
-0.809035989206
-0.809177285083
-0.80931340064
-0.809444325098
-0.809570024358
-0.809690544816
-0.809805979153
-0.80991635309
-0.810021628438
-0.81012181717
-0.810217009764
-0.810307268921
-0.810392571967
-0.810472901283
-0.810548326767
-0.810618938097
-0.810684743601
-0.81074571016
-0.810801875285
-0.803288648127
-0.803375939455
-0.8034591904
-0.803538436083
-0.803613703064
-0.803684994418
-0.803752344162
-0.803815781857
-0.803875310878
-0.80393096388
-0.80398277324
-0.804030742889
-0.804074903886
-0.804115291191
-0.80415190953
-0.804184788144
-0.804213964279
-0.804239443664
-0.804261253501
-0.804279432969
-0.804293988958
-0.80430494644
-0.804312346125
-0.804316196213
-0.80431651929
-0.804313357191
-0.804306719575
-0.804296626564
-0.804283120733
-0.804266213368
-0.79932795523
-0.799239637983
-0.799145401089
-0.79904529032
-0.798939313628
-0.798827510908
-0.798709934459
-0.798586596054
-0.798457532173
-0.79832280052
-0.798182417771
-0.79803641685
-0.797884859673
-0.79772776887
-0.797565174063
-0.797397140169
-0.797223696678
-0.79704487048
-0.796860728226
-0.796671306874
-0.796476631339
-0.796276768654
-0.796071763466
-0.795861639569
-0.795646463018
-0.795426285984
-0.795201132101
-0.794971065216
-0.794736144582
-0.794496394789
-0.793248786355
-0.792966664932
-0.79267963539
-0.792387737676
-0.792091028964
-0.79178958509
-0.791483472514
-0.791172736613
-0.790857425427
-0.790537610026
-0.790213368193
-0.789884758078
-0.789551824854
-0.789214629488
-0.788873252577
-0.788527766968
-0.788178223882
-0.787824675212
-0.787467195517
-0.787105867763
-0.786740756074
-0.786371910028
-0.785999393435
-0.78562329056
-0.785243679581
-0.784860616654
-0.784474156598
-0.784084376367
-0.783691362937
-0.783295185368
-0.78311029397
-0.782732553423
-0.78235136774
-0.781966809051
-0.781578949827
-0.781187862913
-0.780793621531
-0.780396299217
-0.779995969778
-0.779592707316
-0.77918658624
-0.778777681209
-0.778366067077
-0.777951818914
-0.777535012023
-0.777115721889
-0.776694024118
-0.776269994451
-0.775843708784
-0.775415243125
-0.774984673531
-0.774552076107
-0.77411752704
-0.773681102554
-0.773242878848
-0.772802932087
-0.772361338434
-0.771918174021
-0.771473514877
-0.771027436916
-0.770843758865
-0.770433584347
-0.770021418865
-0.76960731907
-0.769191341508
-0.76877354326
-0.768353982061
-0.767932715559
-0.767509801648
-0.76708529896
-0.766659266181
-0.76623176197
-0.765802845664
-0.765372576863
-0.764941014966
-0.764508219846
-0.764074251844
-0.763639171054
-0.763203037763
-0.76276591284
-0.762327857001
-0.761888930863
-0.761449195604
-0.761008712437
-0.760567542254
-0.760125746344
-0.759683386238
-0.759240523051
-0.758797218025
-0.758353532788
-0.757644549363
-0.757165176142
-0.756684994963
-0.756204065732
-0.755722446972
-0.755240198418
-0.754757380657
-0.754274052702
-0.753790273685
-0.753306104298
-0.752821604246
-0.752336832217
-0.751851848399
-0.751366713065
-0.750881484811
-0.750396222932
-0.749910987809
-0.749425838275
-0.748940832686
-0.748456030908
-0.747971492099
-0.747487273934
-0.74700343523
-0.746520035207
-0.746037131248
-0.745554780868
-0.745073042813
-0.74459197444
-0.744111632061
-0.743632073341
-0.74098885012
-0.740498915882
-0.740009341146
-0.739520186174
-0.739031510406
-0.738543373259
-0.738055834273
-0.737568952145
-0.737082785363
-0.736597392584
-0.736112831636
-0.735629159949
-0.735146435147
-0.734664714063
-0.734184052958
-0.733704508276
-0.733226135745
-0.732748990356
-0.732273127244
-0.731798600926
-0.731325465032
-0.730853773277
-0.730383578856
-0.729914933969
-0.729447890795
-0.728982501107
-0.728518815597
-0.728056884807
-0.727596758976
-0.727138487211
-0.726693305189
-0.726250275235
-0.725809437531
-0.725370834266
-0.724934507726
-0.724500497447
-0.724068840282
-0.723639573271
-0.723212735417
-0.72278836592
-0.72236650128
-0.721947175165
-0.721530421233
-0.721116275042
-0.720704772458
-0.720295946699
-0.719889828023
-0.719486446473
-0.719085833933
-0.718688022699
-0.718293042487
-0.717900919938
-0.717511681276
-0.717125354499
-0.716741968126
-0.716361548174
-0.715984117483
-0.715609698278
-0.715238314488
-0.714869990666
-0.718971509777
-0.718595124911
-0.718221705108
-0.717851270974
-0.717483842113
-0.717119437231
-0.71675807427
-0.716399770241
-0.716044541146
-0.715692402161
-0.71534336764
-0.714997450912
-0.714654664357
-0.714315019565
-0.713978527191
-0.71364519685
-0.71331503729
-0.712988056428
-0.712664261159
-0.712343657387
-0.7120262502
-0.711712043775
-0.711401041228
-0.711093244776
-0.710788655817
-0.710487274743
-0.710189100932
-0.709894132942
-0.709602368448
-0.709313804077
-0.716263983677
-0.715938594826
-0.715614589892
-0.71529195581
-0.714970679129
-0.714650746054
-0.71433214241
-0.714014853629
-0.713698864821
-0.713384160797
-0.713070726021
-0.712758544626
-0.712447600486
-0.712137877212
-0.71182935811
-0.71152202622
-0.711215864382
-0.710910855206
-0.71060698105
-0.710304224071
-0.71000256628
-0.709701989494
-0.709402475333
-0.70910400529
-0.708806560754
-0.708510122963
-0.708214673023
-0.707920191979
-0.707626660815
-0.70733406041
-0.68894847786
-0.688525340101
-0.688103309801
-0.687682391212
-0.687262588271
-0.686843904583
-0.686426343525
-0.686009908254
-0.685594601623
-0.685180426221
-0.684767384463
-0.68435547855
-0.683944710412
-0.683535081782
-0.683126594262
-0.682719249245
-0.682313047898
-0.681907991264
-0.681504080275
-0.681101315664
-0.680699698005
-0.680299227805
-0.679899905464
-0.679501731216
-0.679104705203
-0.678708827544
-0.678314098251
-0.677920517218
-0.677528084318
-0.677136799419
-0.687828499451
-0.687450168892
-0.687072496913
-0.686695509027
-0.686319230598
-0.685943686832
-0.685568902763
-0.685194903247
-0.684821712963
-0.684449356406
-0.684077857871
-0.683707241451
-0.68333753103
-0.682968750282
-0.682600922654
-0.682234071361
-0.681868219383
-0.681503389461
-0.681139604081
-0.680776885473
-0.680415255603
-0.680054736173
-0.67969534861
-0.679337114056
-0.67898005337
-0.678624187124
-0.678269535594
-0.677916118751
-0.677563956262
-0.67721306749
-0.678274308768
-0.677901579212
-0.677529061178
-0.67715677915
-0.676784757643
-0.676413021213
-0.676041594446
-0.675670501957
-0.675299768396
-0.67492941844
-0.674559476794
-0.674189968185
-0.673820917361
-0.673452349089
-0.673084288149
-0.672716759332
-0.672349787429
-0.67198339724
-0.671617613556
-0.671252461158
-0.670887964814
-0.670524149273
-0.670161039258
-0.669798659459
-0.66943703453
-0.669076189082
-0.668716147681
-0.668356934834
-0.667998574989
-0.667641092533
-0.67605777804
-0.675827606087
-0.675599004462
-0.675371973539
-0.675146513286
-0.674922622754
-0.674700300414
-0.674479544693
-0.674260353672
-0.674042724538
-0.673826653853
-0.673612138123
-0.673399173575
-0.673187755568
-0.6729778788
-0.672769537901
-0.672562727284
-0.672357440537
-0.672153670552
-0.671951410142
-0.67175065196
-0.671551387886
-0.671353609075
-0.671157306582
-0.670962471361
-0.670769093645
-0.670577162919
-0.670386668544
-0.670197599833
-0.670009945436
-0.665813887027
-0.665821177794
-0.665829893794
-0.665839945065
-0.665851241866
-0.665863694709
-0.665877214402
-0.665891712078
-0.66590709924
-0.665923287786
-0.66594019005
-0.665957718839
-0.665975787465
-0.665994309777
-0.666013200198
-0.666032373762
-0.66605174614
-0.666071233679
-0.666090753431
-0.666110223186
-0.666129561506
-0.666148687752
-0.666167522116
-0.666185985655
-0.666204000313
-0.666221488957
-0.666238375402
-0.666254584439
-0.666270041865
-0.666284674505
-0.649565383574
-0.649300365819
-0.64903436453
-0.648767398311
-0.648499485725
-0.648230645332
-0.647960896293
-0.647690258238
-0.647418750673
-0.647146393202
-0.646873206074
-0.646599209877
-0.646324425022
-0.646048872136
-0.645772572492
-0.645495547562
-0.64521781863
-0.644939407304
-0.644660335812
-0.644380626432
-0.644100301287
-0.643819382928
-0.64353789445
-0.643255858878
-0.642973299142
-0.642690238688
-0.642406701402
-0.642122711002
-0.641838291205
-0.641553466301
-0.680753254234
-0.680232822501
-0.679714271077
-0.679197716562
-0.678683274847
-0.678171061094
-0.677661189753
-0.677153774533
-0.676648928342
-0.676146763202
-0.675647390204
-0.675150919512
-0.674657460358
-0.674167121006
-0.673680008672
-0.673196229455
-0.672715888318
-0.67223908909
-0.671765934455
-0.671296525892
-0.670830963601
-0.67036934645
-0.669911771979
-0.669458336394
-0.669009134534
-0.668564259798
-0.66812380407
-0.667687857704
-0.667256509528
-0.666829846844
-0.657361920927
-0.65718001337
-0.656995630324
-0.656808799453
-0.656619549012
-0.656427907526
-0.65623390381
-0.656037567258
-0.655838927734
-0.655638015293
-0.655434860349
-0.655229493901
-0.655021947295
-0.654812252047
-0.654600440113
-0.654386543985
-0.654170596387
-0.653952630243
-0.653732678979
-0.653510776464
-0.653286956711
-0.653061253986
-0.652833703062
-0.652604339008
-0.652373196965
-0.652140312374
-0.651905721123
-0.651669459252
-0.651431562877
-0.65119206849
-0.669265895342
-0.669005281641
-0.668742819089
-0.668478547844
-0.668212508604
-0.667944742587
-0.667675291529
-0.667404197677
-0.667131503764
-0.666857252986
-0.666581489017
-0.666304255992
-0.666025598488
-0.665745561521
-0.66546419056
-0.66518153151
-0.664897630695
-0.664612534861
-0.664326291177
-0.664038947203
-0.663750550872
-0.663461150488
-0.66317079471
-0.66287953251
-0.662587413166
-0.662294486264
-0.662000801672
-0.66170640952
-0.661411360205
-0.6611157044
-0.640665638504
-0.640558340819
-0.640453642969
-0.640351584137
-0.640252203228
-0.640155538846
-0.640061629269
-0.639970512439
-0.639882225971
-0.639796807125
-0.639714292782
-0.639634719451
-0.639558123262
-0.639484539939
-0.639414004784
-0.639346552683
-0.639282218093
-0.639221035014
-0.639163036984
-0.639108257084
-0.63905672792
-0.639008481598
-0.638963549736
-0.638921963459
-0.638883753383
-0.638848949598
-0.638817581684
-0.638789678705
-0.638765269185
-0.638744381107
-0.64407390979
-0.644044201066
-0.644016764863
-0.643991606529
-0.643968732329
-0.643948146949
-0.643929854841
-0.643913861889
-0.643900173036
-0.643888792089
-0.64387972422
-0.64387297461
-0.643868546797
-0.643866445053
-0.643866674568
-0.64386923896
-0.643874141633
-0.643881387422
-0.643890980223
-0.643902922808
-0.643917219315
-0.64393387389
-0.643952889041
-0.643974268015
-0.643998014976
-0.644024132514
-0.64405262301
-0.644083490279
-0.644116737181
-0.644152365455
-0.700308475722
-0.699989179445
-0.699671799634
-0.699356371105
-0.699042925205
-0.698731496487
-0.698422120306
-0.698114827394
-0.697809649151
-0.697506620253
-0.697205772001
-0.696907133253
-0.696610736608
-0.696316614225
-0.696024793889
-0.695735305317
-0.695448180782
-0.695163448511
-0.694881135589
-0.69460127305
-0.694323890286
-0.694049012937
-0.693776669596
-0.693506890365
-0.6932397009
-0.692975126992
-0.692713198069
-0.692453940726
-0.69219737862
-0.691943538963
-0.683064964724
-0.6829175177
-0.682769703928
-0.682621539049
-0.682473038334
-0.682324217096
-0.682175091734
-0.682025678762
-0.681875994285
-0.68172605525
-0.681575879282
-0.681425483516
-0.681274885374
-0.681124103311
-0.680973155616
-0.680822060314
-0.680670836407
-0.680519503306
-0.680368079889
-0.680216585597
-0.680065040778
-0.679913465422
-0.679761879509
-0.679610304093
-0.679458760381
-0.679307269142
-0.679155851954
-0.67900453111
-0.678853328411
-0.678702265901
-0.696450084639
-0.696330231
-0.696210276151
-0.696090230815
-0.695970105216
-0.695849913008
-0.695729666757
-0.695609376733
-0.695489056147
-0.695368719173
-0.695248376898
-0.695128041742
-0.695007728826
-0.69488745071
-0.694767219205
-0.694647049523
-0.69452695594
-0.694406950255
-0.694287047052
-0.694167262043
-0.694047607806
-0.693928098027
-0.693808749188
-0.693689575311
-0.693570589452
-0.693451808049
-0.69333324679
-0.693214918755
-0.693096839665
-0.69297902655
-0.693995228477
-0.693970341377
-0.693946884465
-0.693924884745
-0.693904368891
-0.693885364782
-0.693867899583
-0.693851999612
-0.693837692335
-0.693825004993
-0.693813963607
-0.693804595059
-0.693796926525
-0.69379098378
-0.693786793006
-0.69378438111
-0.693783773662
-0.693784996075
-0.693788074772
-0.693793035114
-0.693799901751
-0.693808700412
-0.693819456215
-0.69383219311
-0.693846935982
-0.69386370963
-0.69388253742
-0.693903443299
-0.693926451639
-0.693951585335
-0.69989845774
-0.699987424855
-0.700078486464
-0.700171659396
-0.700266951266
-0.700364365216
-0.700463914502
-0.700565612783
-0.700669462824
-0.700775470028
-0.700883649124
-0.700994008365
-0.701106548176
-0.70122127741
-0.701338209169
-0.701457345955
-0.701578688878
-0.701702249369
-0.701828035994
-0.701956047203
-0.702086286977
-0.702218766762
-0.70235348917
-0.702490451568
-0.70262966116
-0.702771126285
-0.70291484428
-0.703060814307
-0.703209045133
-0.703359539664
-0.717686445102
-0.71779705307
-0.717910020813
-0.718025344903
-0.718143021004
-0.718263049931
-0.718385430029
-0.718510154406
-0.718637219739
-0.718766625212
-0.718898364151
-0.719032428714
-0.719168816203
-0.719307521634
-0.719448534636
-0.719591848228
-0.719737458102
-0.719885354159
-0.720035524898
-0.720187963976
-0.720342662975
-0.720499607983
-0.720658788311
-0.720820196138
-0.720983817943
-0.721149638588
-0.721317648109
-0.721487834692
-0.721660180922
-0.721834672442
-0.726646985664
-0.726844637316
-0.727043079818
-0.72724230062
-0.727442285448
-0.727643015753
-0.727844476669
-0.728046655426
-0.728249534207
-0.728453095447
-0.728657326213
-0.728862210634
-0.72906772945
-0.729273867821
-0.729480611721
-0.729687942015
-0.729895841139
-0.730104295569
-0.730313287858
-0.730522798314
-0.730732812093
-0.730943313841
-0.731154283385
-0.731365703329
-0.731577559417
-0.731789832742
-0.732002503431
-0.732215556516
-0.732428975199
-0.732642738475
-0.73630190423
-0.736398581332
-0.736496096243
-0.736594422373
-0.73669355134
-0.736793472775
-0.736894157996
-0.736995584777
-0.737097746741
-0.737200625962
-0.737304191243
-0.737408425998
-0.737513322174
-0.737618854078
-0.737724991782
-0.737831723549
-0.737939036164
-0.738046898009
-0.738155283483
-0.738264183094
-0.738373576222
-0.738483428657
-0.738593720526
-0.738704440949
-0.738815561608
-0.738927049494
-0.739038889773
-0.739151066641
-0.739263545823
-0.739376298615
-0.749668897471
-0.749900380475
-0.750132067352
-0.750363924393
-0.750595917929
-0.750828013595
-0.751060176833
-0.75129237346
-0.751524568953
-0.751756728166
-0.751988816153
-0.752220798146
-0.752452638734
-0.7526843022
-0.752915753203
-0.753146956175
-0.753377874864
-0.753608473091
-0.753838714922
-0.754068563829
-0.754297982834
-0.754526935289
-0.754755384433
-0.754983292782
-0.755210622811
-0.755437337308
-0.755663398573
-0.755888768378
-0.756113408801
-0.756337281971
-0.753370506429
-0.753610185252
-0.753848701475
-0.754086001923
-0.754322031112
-0.754556738918
-0.754790074234
-0.755021981736
-0.75525241051
-0.755481311314
-0.755708629889
-0.755934314371
-0.756158316859
-0.756380584941
-0.756601066041
-0.756819712903
-0.75703647545
-0.757251300989
-0.757464142228
-0.757674951521
-0.757883676872
-0.758090270482
-0.758294686823
-0.758496875444
-0.75869678791
-0.758894380185
-0.759089604044
-0.759282410669
-0.759472756745
-0.759660596632
-0.755320307598
-0.755419840956
-0.755516784542
-0.755611176633
-0.755703000925
-0.755792181862
-0.755878626721
-0.755962281472
-0.756043156587
-0.756121302557
-0.756196754324
-0.756269488196
-0.756339425048
-0.75640647728
-0.756470602718
-0.756531823171
-0.756590193098
-0.756645742947
-0.756698441606
-0.756748207421
-0.756794959117
-0.756838666707
-0.756879362443
-0.756917103229
-0.756951913967
-0.756983756262
-0.757012547045
-0.757038212481
-0.757060734901
-0.757080155941
-0.746759049091
-0.746724560074
-0.746690225929
-0.746656022635
-0.746621925765
-0.746587909627
-0.746553947876
-0.746520014057
-0.746486080723
-0.746452119351
-0.746418101277
-0.746383997302
-0.74634977697
-0.746315409344
-0.746280863338
-0.746246106777
-0.746211106564
-0.746175829545
-0.746140241904
-0.746104308629
-0.746067994404
-0.746031263695
-0.745994079834
-0.745956405417
-0.745918203036
-0.745879434519
-0.745840060608
-0.745800041912
-0.745759338747
-0.745717910298
-0.756561548444
-0.756477224926
-0.756390584131
-0.756301620094
-0.756210332076
-0.756116700906
-0.756020695775
-0.75592230013
-0.755821513336
-0.75571832533
-0.755612706678
-0.755504630666
-0.755394090463
-0.755281082634
-0.755165584584
-0.75504756367
-0.754927002726
-0.754803899297
-0.754678239852
-0.754549992128
-0.754419128416
-0.754285640824
-0.754149522988
-0.754010748837
-0.753869283938
-0.753725110456
-0.753578223961
-0.753428607427
-0.753276225937
-0.753121050944
