-0.672441595579
-0.660450467647
-0.660365641654
-0.660224601533
-0.660027850812
-0.659776091898
-0.659470223555
-0.659111337668
-0.658700715325
-0.658239822214
-0.657730303347
-0.657173977154
-0.656572828939
-0.655929003741
-0.655244798618
-0.654522654378
-0.653765146798
-0.652974977352
-0.652154963481
-0.651308028451
-0.650437190826
-0.649545553595
-0.648636292997
-0.647712647083
-0.646777904056
-0.645835390438
-0.644888459089
-0.643940477159
-0.642994813973
-0.642054828936
-0.641123859469
-0.640205209052
-0.639302135397
-0.638417838802
-0.637555450741
-0.636718022717
-0.635908515434
-0.635129788326
-0.634384589474
-0.633675545971
-0.633005154747
-0.632375773908
-0.631789614618
-0.631248733546
-0.630755025919
-0.630310219207
-0.629915867445
-0.629573346244
-0.62928384848
-0.629048380696
-0.628867760216
-0.628742612989
-0.62867337217
-0.628660277424
-0.628703374982
-0.62880251841
-0.628957370117
-0.629167403565
-0.629431906192
-0.629749983002
-0.630120560835
-0.624630246746
-0.625025679613
-0.625433348113
-0.625852332577
-0.626281675337
-0.626720383609
-0.627167432458
-0.627621767846
-0.628082309744
-0.6285479553
-0.629017582041
-0.629490051109
-0.629964210506
-0.630438898336
-0.630912946042
-0.631385181611
-0.631854432741
-0.632319529957
-0.632779309661
-0.63323261711
-0.633678309299
-0.634115257748
-0.634542351183
-0.634958498086
-0.635362629124
-0.63575369943
-0.636130690743
-0.636492613384
-0.636838508073
-0.637167447574
-0.637478538161
-0.637770920907
-0.638043772783
-0.638296307571
-0.63852777658
-0.638737469177
-0.638924713109
-0.639088874646
-0.639229358517
-0.639345607656
-0.639437102765
-0.639503361673
-0.639543938528
-0.6395584228
-0.63954643811
-0.639507640898
-0.639441718922
-0.639348389606
-0.639227398249
-0.639078516088
-0.638901538238
-0.638696281517
-0.63846258216
-0.638200293438
-0.637909283193
-0.637589431298
-0.637240627056
-0.636862766549
-0.636455749952
-0.636019478814
-0.62794016028
-0.628478389456
-0.62898244998
-0.62945052898
-0.629880818138
-0.630271516233
-0.63062083166
-0.630926984894
-0.631188210919
-0.631402761589
-0.631568907919
-0.631684942306
-0.631749180662
-0.631759964457
-0.631715662662
-0.63161467359
-0.631455426627
-0.631236383847
-0.630956041509
-0.630612931434
-0.630205622252
-0.629732720527
-0.629192871753
-0.628584761218
-0.627907114742
-0.627158699288
-0.626338323446
-0.62544483779
-0.624477135123
-0.623434150598
-0.622314861726
-0.621118288284
-0.619843492115
-0.618489576834
-0.617055687445
-0.615541009882
-0.613944770464
-0.612266235297
-0.61050470961
-0.608659537047
-0.606730098913
-0.604715813395
-0.602616134755
-0.600430552517
-0.598158590641
-0.595799806711
-0.593353791131
-0.590820166345
-0.588198586092
-0.585488734693
-0.582690326394
-0.579803104754
-0.576826842107
-0.573761339079
-0.570606424187
-0.567361953517
-0.564027810485
-0.560603905682
-0.557090176819
-0.553486588758
-0.507925417619
-0.503765935667
-0.49952909837
-0.495216024293
-0.490827868243
-0.486365819021
-0.481831097176
-0.477224952759
-0.472548663072
-0.467803530433
-0.462990879947
-0.458112057294
-0.453168426532
-0.448161367928
-0.443092275805
-0.437962556428
-0.432773625909
-0.427526908154
-0.422223832843
-0.416865833448
-0.411454345293
-0.405990803658
-0.400476641921
-0.394913289755
-0.389302171368
-0.383644703794
-0.377942295235
-0.372196343451
-0.366408234212
-0.360579339797
-0.354711017548
-0.348804608485
-0.342861435971
-0.336882804442
-0.330869998187
-0.324824280191
-0.318746891031
-0.312639047842
-0.306501943327
-0.300336744838
-0.294144593512
-0.287926603465
-0.281683861046
-0.275417424155
-0.269128321612
-0.262817552594
-0.256486086128
-0.250134860635
-0.24376478355
-0.237376730986
-0.230971547462
-0.224550045688
-0.218113006415
-0.211661178328
-0.205195278015
-0.198715989977
-0.192223966703
-0.185719828804
-0.179204165195
-0.172677533338
-0.173832438053
-0.167705203307
-0.161558551125
-0.155392968923
-0.149208929372
-0.143006890438
-0.136787295468
-0.130550573278
-0.124297138282
-0.118027390634
-0.111741716395
-0.105440487719
-0.0991240630654
-0.0927927874234
-0.0864469925635
-0.080086997303
-0.0737131077914
-0.0673256178136
-0.0609248091098
-0.0545109517125
-0.0480843042991
-0.0416451145603
-0.0351936195835
-0.0287300462502
-0.0222546116481
-0.015767523496
-0.00926898058137
-0.00275917321051
0.00376171632987
0.0102935133002
0.0168360500254
0.0233891654026
0.0299527044
0.036526517548
0.0431104604234
0.0497043931269
0.0563081797559
0.0629216878729
0.0695447879715
0.0761773529396
0.0828192575225
0.0894703777874
0.0961305905887
0.102799773038
0.109477801979
0.116164553467
0.122859902263
0.129563721327
0.136275881335
0.142996250201
0.149724692619
0.156461069618
0.16320523814
0.16995705064
0.176716354701
0.183482992682
0.19025680139
0.197037611777
0.203825248673
0.210619530545
0.216015948628
0.222441704373
0.228875981708
0.235318385061
0.241768528088
0.248226035596
0.254690545424
0.261161710283
0.267639199535
0.274122700911
0.280611922161
0.287106592626
0.293606464728
0.300111315377
0.306620947277
0.31313519014
0.319653901788
0.326176969156
0.332704309177
0.339235869549
0.345771629388
0.352311599756
0.358855824062
0.365404378339
0.37195737139
0.378514944811
0.385077272875
0.391644562291
0.398217051837
0.404795011853
0.411378743621
0.417968578607
0.424564877586
0.431168029649
0.437778451083
0.444396584146
0.45102289573
0.457657875918
0.464302036438
0.470955909026
0.477620043698
0.484295006935
0.490981379796
0.497679755951
0.504390739659
0.511114943682
0.517852987146
0.524605493366
0.531373087629
0.538156394948
0.544956037799
0.551772633837
0.558606793613
0.56545911829
0.572330197362
0.5792206064
0.586130904809
0.593061633627
0.600013313353
0.606986441824
0.617037725981
0.624550171196
0.632075804236
0.639613822631
0.647163416978
0.654723772591
0.662294071142
0.669873492285
0.677461215257
0.685056420442
0.692658290916
0.700266013931
0.707878782374
0.715495796166
0.723116263605
0.730739402661
0.738364442196
0.74599062313
0.753617199526
0.761243439614
0.768868626733
0.776492060193
0.784113056068
0.7917309479
0.799345087318
0.806954844585
0.81455960905
0.822158789523
0.829751814562
0.837338132681
0.844917212477
0.852488542667
0.86005163206
0.86760600944
0.875151223381
0.882686841991
0.890212452581
0.897727661275
0.905232092556
0.912725388752
0.920207209469
0.927677230979
0.935135145552
0.94258066076
0.950013498735
0.957433395403
0.964840099687
0.972233372694
0.979612986881
0.986978725216
0.994330380332
1.00166775368
1.00899065467
1.01629889987
1.02359231218
1.03087072001
1.03813395652
1.0453818589
1.05261426762
1.05983102577
1.05995772462
1.06723831367
1.07450212394
1.08174880726
1.08897802624
1.09618945441
1.10338277637
1.11055768792
1.11771389624
1.12485112001
1.13196908965
1.13906754742
1.14614624769
1.15320495704
1.16024345455
1.16726153194
1.17425899379
1.18123565777
1.1881913548
1.19512592932
1.20203923946
1.20893115721
1.21580156871
1.22265037432
1.22947748889
1.2362828419
1.24306637758
1.24982805509
1.25656784863
1.26328574752
1.26998175631
1.2766558948
1.28330819808
1.28993871653
1.2965475158
1.30313467671
1.30970029518
1.31624448207
1.32276736305
1.32926907832
1.3357497824
1.34220964382
1.34864884476
1.35506758067
1.36146605987
1.367844503
1.37420314254
1.38054222222
1.38686199638
1.39316272931
1.39944469451
1.40570817396
1.41195345725
1.41818084073
1.42439062664
1.43058312208
1.43675863811
1.44291748863
1.44905998934
1.45518645666
1.4546177313
1.46128939436
1.46793766237
1.47456245662
1.48116367281
1.48774118026
1.4942948214
1.50082441143
1.5073297382
1.51381056224
1.52026661707
1.52669760954
1.53310322045
1.53948310529
1.54583689508
1.55216419742
1.55846459759
1.56473765978
1.57098292847
1.57719992981
1.58338817313
1.58954715253
1.59567634845
1.6017752294
1.60784325358
1.61387987067
1.61988452354
1.62585665001
1.63179568457
1.63770106016
1.6435722099
1.64940856877
1.65520957532
1.66097467335
1.66670331351
1.67239495493
1.67804906676
1.68366512973
1.6892426376
1.69478109862
1.70028003698
1.70573899413
1.71115753016
1.71653522505
1.72187168
1.7271665186
1.73241938808
1.73762996044
1.74279793362
1.74792303261
1.75300501055
1.7580436498
1.76303876298
1.76799019401
1.77289781916
1.77776154798
1.78258132435
1.78735712741
1.79208897249
1.7967769121
1.79416116966
1.7988443223
1.80350393093
1.8081413184
1.81275776796
1.81735451583
1.82193274404
1.82649357354
1.83103805755
1.83556717535
1.84008182636
1.84458282462
1.84907089376
1.85354666241
1.85801066009
1.86246331364
1.86690494422
1.87133576485
1.87575587857
1.88016527719
1.88456384075
1.88895133749
1.89332742464
1.89769164974
1.90204345275
1.90638216875
1.91070703139
1.91501717695
1.91931164915
1.92358940453
1.92784931856
1.93209019233
1.93631075986
1.94050969607
1.94468562515
1.94883712969
1.95296276009
1.9570610446
1.96113049971
1.96516964095
1.96917699404
1.97315110631
1.97709055838
1.9809939761
1.98486004253
1.98868751006
1.99247521264
1.99622207782
1.99992713888
2.00358954674
2.00720858165
2.01078366469
2.01431436893
2.01780043019
2.02124175738
2.02463844241
2.02799076946
2.03129922375
2.03456449958
2.03778750775
2.03840790591
2.04046050352
2.04250203269
2.0445408298
2.04658532244
2.04864399726
2.05072536794
2.05283794316
2.05499019503
2.05719052781
2.05944724734
2.06176853119
2.06416239973
2.06663668821
2.06919902006
2.07185678143
2.0746170972
2.0774868085
2.08047245186
2.08358024008
2.0868160449
2.09018538159
2.09369339539
2.09734485008
2.10114411842
2.10509517478
2.10920158978
2.11346652705
2.11789274204
2.12248258294
2.12723799358
2.1321605184
2.13725130931
2.14251113447
2.14794038891
2.15353910691
2.15930697598
2.16524335247
2.17134727862
2.17761750098
2.18405249004
2.190650461
2.1974093955
2.20432706424
2.21140105031
2.21862877304
2.2260075124
2.23353443357
2.24120661174
2.24902105689
2.25697473844
2.26506460958
2.27328763129
2.28164079565
2.29012114862
2.29872581189
2.30745200385
2.31629705953
2.32525844932
2.33433379648
2.35077768223
2.36028753446
2.36992228848
2.37967838351
2.3895524083
2.39954112322
2.40964148067
2.41985064359
2.43016600196
2.44058518722
2.45110608459
2.46172684307
2.47244588323
2.48326190263
2.49417387895
2.50518107071
2.51628301568
2.52747952694
2.53877068664
2.55015683754
2.56163857232
2.57321672082
2.58489233519
2.5966666732
2.60854117965
2.62051746608
2.63259728899
2.64478252656
2.65707515408
2.66947721833
2.68199081087
2.69461804067
2.70736100597
2.72022176583
2.73320231125
2.74630453632
2.75953020936
2.77288094437
2.78635817289
2.79996311642
2.81369675974
2.82755982503
2.84155274716
2.85567565025
2.86992832558
2.88431021108
2.89882037246
2.91345748611
2.92821982397
2.94310524031
2.95811116064
2.97323457276
2.98847202004
3.00381959695
3.01927294697
3.03482726272
3.05047728856
3.06621732544
3.08204123815
3.09794246483
3.10451729247
3.11932567975
3.13416126792
3.149024
3.16391380926
3.17883059932
3.19377422402
3.208744467
3.22374102119
3.23876346818
3.25381125756
3.26888368646
3.28397987911
3.2990987668
3.31423906801
3.32939926916
3.34457760568
3.35977204377
3.37498026284
3.39019963869
3.40542722752
3.42065975095
3.43589358195
3.45112473196
3.46634883918
3.48156115803
3.4967565501
3.51192947634
3.52707399088
3.54218373627
3.5572519404
3.57227141505
3.5872345562
3.60213334601
3.61695935668
3.63170375616
3.6463573156
3.66091041883
3.67535307363
3.68967492491
3.70386526986
3.71791307483
3.73180699419
3.74553539097
3.75908635921
3.77244774815
3.78560718798
3.79855211726
3.81126981174
3.82374741473
3.83597196866
3.84793044793
3.85960979278
3.87099694416
3.88207887937
3.89284264839
3.90327541073
3.91336447266
3.92309732453
3.93246167827
3.8669093987
3.87902889534
3.89085079128
3.90235561506
3.91352432796
3.92433841813
3.93477999083
3.94483185404
3.9544775987
3.96370167294
3.97248944963
3.98082728669
3.98870257966
3.99610380607
4.00302056123
4.00944358513
4.0153647802
4.02077721987
4.02567514773
4.03005396735
4.03391022291
4.03724157075
4.04004674202
4.04232549699
4.04407857108
4.04530761348
4.04601511849
4.0462043506
4.04587926358
4.04504441464
4.04370487411
4.04186613177
4.03953400032
4.03671451714
4.03341384501
4.02963817287
4.02539361723
4.02068612548
4.0155213816
4.00990471541
4.00384101596
3.99733465006
3.99038938643
3.98300832642
3.97519384178
3.96694752002
3.95827011808
3.94916152445
3.93962073038
3.92964581027
3.91923391153
3.90838125403
3.89708313911
3.88533396826
3.87312727113
3.86045574282
3.84731129014
3.83368508641
3.81956763436
3.80494883676
3.72858999436
3.71185853529
3.69456880864
3.6766964492
3.65821799467
3.63911117424
3.61935518641
3.59893096301
3.5778214171
3.55601167223
3.53348927083
3.51024435965
3.48626985054
3.46156155494
3.43611829068
3.40994196015
3.38303759897
3.35541339465
3.32708067505
3.29805386668
3.26835042318
3.2379907246
3.20699794841
3.17539791343
3.14321889808
3.11049143459
3.0772480812
3.04352317433
3.00935256316
2.97477332901
2.93982349218
2.90454170901
2.86896696205
2.83313824622
2.79709425393
2.76087306221
2.72451182477
2.68804647196
2.65151142154
2.61493930301
2.57836069819
2.54180390055
2.50529469574
2.46885616539
2.43250851622
2.39626893618
2.36015147911
2.32416697915
2.28832299588
2.25262379091
2.21707033615
2.18166035419
2.14638839018
2.11124591505
2.07622145916
2.04130077532
2.0064670298
1.97170101984
1.93698141561
1.90228502475
1.86135593323
1.8266568758
1.79197901776
1.75729600287
1.72258073044
1.68780560324
1.65294278179
1.61796444338
1.58284304403
1.54755158144
1.5120638572
1.47635473619
1.44040040136
1.40417860192
1.36766889298
1.33085286491
1.29371436044
1.25623967779
1.21841775815
1.18024035585
1.14170218977
1.10280107448
1.06353803004
1.02391736908
0.983946760386
0.943637268056
0.903003365617
0.862062924608
0.820837177351
0.779350653803
0.73763109258
0.69570932644
0.653619142717
0.611397119379
0.569082437602
0.526716671923
0.48434355923
0.442008748043
0.399759529674
0.357644553067
0.315713525236
0.274016899358
0.232605552733
0.191530456906
0.15084234234
0.110591360128
0.0708267432702
0.0315964700871
-0.00705306764093
-0.0450773892134
-0.0824342396652
-0.11908389201
-0.154989434607
-0.19011704128
-0.224436221902
-0.257920051313
-0.290545374542
-0.322292986516
-0.353147784565
-0.383098892263
-0.351988135655
-0.373086174264
-0.393469527809
-0.413282022268
-0.432668612432
-0.451773018503
-0.470735413858
-0.489690204003
-0.508763934842
-0.528073365824
-0.547723740294
-0.567807281589
-0.588401939088
-0.609570403694
-0.631359407151
-0.653799314272
-0.676904011706
-0.700671091363
-0.725082321205
-0.750104390844
-0.775689914384
-0.801778668333
-0.828299038217
-0.855169643867
-0.882301110276
-0.909597948528
-0.936960509527
-0.964286972297
-0.991475328309
-1.01842532378
-1.04504032307
-1.07122905825
-1.09690723234
-1.12199894708
-1.14643792963
-1.1701685368
-1.19314652024
-1.2153395404
-1.23672742274
-1.25730215421
-1.27706762397
-1.29603911651
-1.31424257112
-1.33171362556
-1.34849646637
-1.36464251199
-1.38020895788
-1.39525721585
-1.40985128122
-1.42405606343
-1.43793571572
-1.45155199977
-1.46496272005
-1.4782202615
-1.49137026156
-1.50445044497
-1.51748964646
-1.53050704233
-1.54351160783
-1.55650181261
-1.48238740271
-1.49168614794
-1.50061724586
-1.50919911935
-1.51745101163
-1.52539289826
-1.53304539443
-1.54042965805
-1.54756728905
-1.5544802255
-1.56119063704
-1.56772081613
-1.57409306789
-1.58032959879
-1.58645240512
-1.59248316161
-1.59844311092
-1.6043529545
-1.61023274555
-1.61610178453
-1.62197851789
-1.62788044054
-1.63382400266
-1.63982452124
-1.64589609706
-1.65205153737
-1.65830228494
-1.66465835364
-1.67112827117
-1.67771902921
-1.68443604112
-1.69128310787
-1.69826239192
-1.70537439971
-1.71261797254
-1.71999028618
-1.72748685913
-1.73510156962
-1.74282668118
-1.75065287692
-1.75856930218
-1.76656361542
-1.7746220473
-1.78272946739
-1.79086945849
-1.79902439808
-1.80717554645
-1.8153031413
-1.82338649812
-1.831404116
-1.83933378839
-1.84715271806
-1.85483763597
-1.86236492317
-1.86971073539
-1.87685112948
-1.88376219112
-1.89042016329
-1.89680157458
-1.90288336691
-1.89799237988
-1.90429927652
-1.91037072404
-1.91615053604
-1.92158329456
-1.92661495313
-1.93119343219
-1.93526920133
-1.9387958428
-1.94173059038
-1.94403483722
-1.94567460664
-1.94662097936
-1.94685047095
-1.94634535351
-1.94509391591
-1.94309065767
-1.94033641203
-1.93683839502
-1.93261017812
-1.92767158353
-1.92204850227
-1.91577263676
-1.90888117088
-1.90141637216
-1.89342513158
-1.88495844842
-1.8760708679
-1.866819881
-1.85726529596
-1.84746859176
-1.83749226394
-1.827399173
-1.81725190542
-1.80711215663
-1.79704014445
-1.78709406048
-1.77732956585
-1.76779933629
-1.75855266008
-1.74963509118
-1.74108815845
-1.73294913024
-1.725250833
-1.71802152101
-1.71128479392
-1.70505955772
-1.69936002486
-1.69419574866
-1.68957168741
-1.68548829377
-1.68194162552
-1.67892347434
-1.67642150986
-1.67441943722
-1.67289716689
-1.67183099654
-1.67119380522
-1.67095526082
-1.67108204218
-1.65059026572
-1.64471245143
-1.63898143443
-1.63340162463
-1.62797670106
-1.62270962729
-1.61760267138
-1.61265743028
-1.6078748584
-1.60325529998
-1.59879852463
-1.59450376525
-1.59036975734
-1.58639477872
-1.58257668841
-1.57891296339
-1.57540073216
-1.57203680362
-1.56881769049
-1.56573962597
-1.56279857315
-1.55999022634
-1.55731000443
-1.55475303594
-1.55231413648
-1.54998777917
-1.54776805915
-1.5456486536
-1.54362277899
-1.54168314746
-1.53982192469
-1.5380306914
-1.53630041108
-1.53462140636
-1.53298334632
-1.53137524708
-1.52978548768
-1.52820184279
-1.52661153378
-1.52500129887
-1.52335748276
-1.52166614569
-1.51991319106
-1.51808451038
-1.51616614378
-1.51414445348
-1.51200630752
-1.50973927036
-1.50733179646
-1.5047734231
-1.50205495805
-1.49916865783
-1.49610839227
-1.49286979135
-1.48945037013
-1.48584962852
-1.4820691225
-1.47811250439
-1.47398553014
-1.4696960323
-1.42347517031
-1.42170442752
-1.41995095819
-1.41817622496
-1.41634380746
-1.41442012881
-1.41237508596
-1.41018257035
-1.40782086852
-1.40527293561
-1.40252653828
-1.39957426704
-1.39641342149
-1.39304577548
-1.38947723206
-1.38571738124
-1.38177897584
-1.37767734264
-1.37342974782
-1.36905473637
-1.36457146573
-1.35999905371
-1.35535596004
-1.35065941966
-1.34592494407
-1.34116590484
-1.33639321095
-1.33161508836
-1.3268369675
-1.3220614806
-1.31728856777
-1.31251568731
-1.30773812227
-1.30294937275
-1.29814162037
-1.29330624911
-1.28843440511
-1.28351757622
-1.27854817174
-1.27352008219
-1.26842919947
-1.26327387872
-1.2580553245
-1.252777886
-1.24744924864
-1.24208051187
-1.23668614666
-1.23128382941
-1.22589415249
-1.22054021568
-1.21524710603
-1.2100412774
-1.20494984399
-1.19999980539
-1.19521722271
-1.19062636782
-1.18624886887
-1.18210287614
-1.17820227266
-1.17455595332
-1.17465926394
-1.17100976404
-1.1675269511
-1.16418956655
-1.16097227581
-1.15784599327
-1.15477828887
-1.15173387092
-1.14867513811
-1.14556279222
-1.14235650174
-1.13901560558
-1.13549984489
-1.13177011031
-1.12778919166
-1.12352251642
-1.11893886357
-1.11401103951
-1.10871650319
-1.10303792818
-1.09696369058
-1.09048827266
-1.0836125733
-1.07634411824
-1.06869716431
-1.06069269404
-1.0523582986
-1.04372794917
-1.03484165856
-1.02574503706
-1.0164887483
-1.00712787255
-0.997721186693
-0.98833037172
-0.979019159692
-0.969852433425
-0.960895293011
-0.952212103954
-0.943865542113
-0.935915650787
-0.928418925152
-0.921427438897
-0.914988027214
-0.909141539465
-0.903922173678
-0.899356903721
-0.895465008482
-0.89225771071
-0.889737931358
-0.887900163409
-0.886730467178
-0.886206587124
-0.886298188248
-0.886967208202
-0.888168319439
-0.889849493971
-0.891952661725
-0.894414452088
-0.897167006976
-0.90013885277
-0.893780680272
-0.896963581722
-0.900193638894
-0.903406319143
-0.90653752165
-0.909524205218
-0.91230500295
-0.914820817428
-0.917015390235
-0.918835839967
-0.920233163217
-0.921162693448
-0.921584513134
-0.921463815081
-0.920771209417
-0.919482973356
-0.917581241491
-0.915054135049
-0.911895829237
-0.908106558491
-0.903692560184
-0.898665957987
-0.893044586771
-0.886851761604
-0.880115993929
-0.872870658643
-0.865153616245
-0.857006794677
-0.848475735867
-0.839609112269
-0.830458218956
-0.821076446948
-0.811518743572
-0.801841065651
-0.792099831254
-0.782351375637
-0.772651416806
-0.763054535875
-0.753613677143
-0.744379672423
-0.735400793834
-0.726722338819
-0.718386250756
-0.710430778068
-0.702890174299
-0.695794441137
-0.689169115951
-0.683035104903
-0.6774085623
-0.672300816392
-0.667718341398
-0.663662775184
-0.660130981575
-0.657115155972
-0.654602972574
-0.652577771184
-0.651018781303
-0.649901380901
-0.649197387023
-0.648875375159
-0.650624182939
-0.652492145629
-0.654628576785
-0.656993024261
-0.659543602731
-0.662237409891
-0.665030945266
-0.667880526907
-0.670742701366
-0.673574642487
-0.676334534806
-0.678981937604
-0.681478125956
-0.683786405531
-0.685872398232
-0.687704296247
-0.689253082512
-0.690492716058
-0.691400281225
-0.691956100184
-0.692143808734
-0.691950395789
-0.691366207451
-0.690384917
-0.68900346253
-0.687221954358
-0.68504355462
-0.682474331796
-0.67952309311
-0.676201197938
-0.672522355501
-0.668502410149
-0.664159117612
-0.659511915507
-0.654581691328
-0.649390550997
-0.643961590869
-0.638318675862
-0.632486226111
-0.626489014278
-0.6203519753
-0.614100030057
-0.60775792407
-0.601350082014
-0.594900478461
-0.588432524935
-0.581968973044
-0.575531833137
-0.569142307635
-0.562820737971
-0.556586563814
-0.550458293085
-0.544453481131
-0.538588717314
-0.532879617219
-0.527340818659
-0.521985979699
-0.516827776986
-0.511877902781
-0.50714705925
-0.516397564675
-0.51114479144
-0.506156422695
-0.501452984775
-0.497052718482
-0.492971410504
-0.489222239757
-0.485815640898
-0.48275918726
-0.480057495427
-0.477712153622
-0.475721675926
-0.47408148419
-0.47278391924
-0.471818282711
-0.47117091051
-0.470825278495
-0.470762140584
-0.470959699006
-0.471393805957
-0.47203819541
-0.472864743333
-0.473843754051
-0.474944270018
-0.476134401771
-0.477381674428
-0.478653386673
-0.479916977864
-0.481140398576
-0.482292479723
-0.483343295236
-0.484264513227
-0.485029730606
-0.485614786201
-0.485998047676
-0.486160667769
-0.486086805791
-0.485763810737
-0.485182362891
-0.484336571375
-0.483224025738
-0.481845800355
-0.480206411119
-0.478313724633
-0.476178820876
-0.473815811019
-0.471241612826
-0.468475686732
-0.465539736353
-0.462457377765
-0.459253782429
-0.455955299058
-0.452589060105
-0.449182578832
-0.445763343047
-0.442358411725
-0.438994020649
-0.435695203093
-0.43248543133
-0.429386284401
