-0.566809658235
-0.566835741474
-0.566887883377
-0.566966047096
-0.567070183521
-0.567200231296
-0.567356116834
-0.567537754345
-0.567745045853
-0.567977881232
-0.568236138231
-0.568519682508
-0.568828367671
-0.569162035313
-0.569520515058
-0.569903624606
-0.570311169783
-0.57074294459
-0.571198731261
-0.571678300319
-0.572181410639
-0.572707809509
-0.573257232696
-0.573829404519
-0.57442403792
-0.575040834539
-0.575679484789
-0.576339667943
-0.577021052214
-0.577723294841
-0.578446042179
-0.579188929793
-0.579951582549
-0.580733614715
-0.581534630058
-0.582354221949
-0.583191973468
-0.584047457508
-0.584920236894
-0.585809864487
-0.586715883304
-0.587637826637
-0.588575218169
-0.589527572103
-0.590494393281
-0.591475177316
-0.59246941072
-0.593476571039
-0.594496126982
-0.595527538563
-0.596570257239
-0.597623726048
-0.598687379756
-0.599760645
-0.600842940437
-0.601933676893
-0.603032257514
-0.604138077918
-0.605250526353
-0.606368983855
-0.607492824402
-0.608621415079
-0.609754116239
-0.610890281669
-0.612029258754
-0.613170388645
-0.614313006429
-0.615456441299
-0.616600016726
-0.617743050634
-0.618884855576
-0.620024738906
-0.621162002963
-0.622295945245
-0.623425858594
-0.624551031374
-0.625670747655
-0.6267842874
-0.627890926645
-0.628989937689
-0.630080589279
-0.631162146801
-0.632233872466
-0.6332950255
-0.634344862337
-0.63538263681
-0.636407600339
-0.637419002133
-0.638416089372
-0.639398107412
-0.640364299972
-0.641313909332
-0.642246176532
-0.643160341561
-0.644055643559
-0.644931321012
-0.64578661195
-0.646620754143
-0.647432985299
-0.648222543261
-0.648988666207
-0.649730592845
-0.650447562614
-0.651138815877
-0.651803594125
-0.652441140169
-0.65305069834
-0.653631514687
-0.654182837174
-0.654703915871
-0.655194003161
-0.655652353925
-0.656078225747
-0.6564708791
-0.656829577549
-0.657153587939
-0.657442180592
-0.657694629498
-0.657910212506
-0.65808821152
-0.658227912685
-0.658328606577
-0.658389588396
-0.65841015815
-0.658389620845
-0.658327286667
-0.658222471174
-0.658074495473
-0.65788268641
-0.657646376745
-0.657364905338
-0.657037617327
-0.656663864306
-0.656243004501
-0.65577440295
-0.655257431673
-0.654691469845
-0.654075903974
-0.653410128061
-0.652693543778
-0.65192556063
-0.651105596123
-0.650233075926
-0.649307434033
-0.648328112927
-0.647294563736
-0.646206246392
-0.645062629783
-0.643863191912
-0.642607420043
-0.641294810856
-0.63992487059
-0.638497115195
-0.637011070468
-0.635466272204
-0.633862266328
-0.632198609038
-0.630474866938
-0.628690617173
-0.626845447559
-0.624938956714
-0.622970754182
-0.620940460561
-0.618847707622
-0.616692138433
-0.614473407472
-0.612191180744
-0.609845135895
-0.60743496232
-0.604960361273
-0.602421045969
-0.59981674169
-0.597147185882
-0.594412128255
-0.591611330875
-0.588744568259
-0.585811627461
-0.582812308161
-0.579746422747
-0.576613796398
-0.573414267158
-0.570147686016
-0.566813916975
-0.563412837124
-0.559944336702
-0.556408319159
-0.552804701225
-0.549133412958
-0.545394397801
-0.541587612638
-0.537713027835
-0.533770627289
-0.529760408467
-0.525682382448
-0.521536573954
-0.517323021385
-0.513041776847
-0.508692906176
-0.504276488959
-0.499792618558
-0.495241402119
-0.490622960587
-0.485937428712
-0.481184955058
-0.476365702
-0.471479845723
-0.466527576219
-0.461509097275
-0.456424626459
-0.451274395107
-0.446058648303
-0.44077764485
-0.43543165725
-0.430020971667
-0.424545887898
-0.419006719329
-0.413403792896
-0.407737449039
-0.402008041654
-0.396215938034
-0.390361518821
-0.384445177936
-0.37846732252
-0.372428372864
-0.366328762339
-0.360168937314
-0.353949357082
-0.347670493776
-0.341332832278
-0.334936870129
-0.328483117436
-0.32197209677
-0.315404343067
-0.308780403517
-0.302100837455
-0.295366216248
-0.288577123176
-0.281734153311
-0.274837913388
-0.26788902168
-0.260888107859
-0.253835812867
-0.246732788766
-0.2395796986
-0.232377216243
-0.225126026249
-0.217826823696
-0.210480314023
-0.203087212872
-0.195648245919
-0.188164148702
-0.180635666451
-0.173063553905
-0.165448575136
-0.157791503361
-0.150093120757
-0.142354218266
-0.134575595403
-0.126758060056
-0.118902428287
-0.111009524123
-0.103080179352
-0.095115233309
-0.0871155326633
-0.0790819312
-0.0710152895996
-0.0629164752146
-0.0547863618428
-0.0466258294979
-0.038435764177
-0.030217057626
-0.0219706071009
-0.0136973151283
-0.0053980892613
0.00292615816543
0.0112745102843
0.0196460459454
0.0280398399691
0.0364549634016
0.0448904837727
0.0533454653548
0.061818969425
0.0703100545289
0.0788177767461
0.0873411899574
0.0958793461149
0.104431295512
0.112996087057
0.121572768547
0.130160386941
0.138757988641
0.147364619769
0.155979326443
0.164601155062
0.173229152585
0.181862366815
0.19049984668
0.199140642518
0.207783806366
0.216428392236
0.22507345641
0.233718057721
0.242361257839
0.251002121561
0.259639717096
0.268273116348
0.276901395209
0.28552363384
0.294138916959
0.302746334126
0.311344980029
0.319933954767
0.328512364134
0.337079319901
0.345633940101
0.354175349306
0.362702678908
0.371215067398
0.379711660642
0.388191612159
0.396654083393
0.405098243984
0.413523272043
0.421928354418
0.43031268696
0.438675474791
0.447015932563
0.455333284721
0.46362676576
0.471895620481
0.480139104244
0.488356483217
0.496547034626
0.504710046996
0.512844820397
0.520950666679
0.529026909711
0.53707288561
0.545087942972
0.553071443094
0.561022760203
0.568941281666
0.57682640821
0.584677554131
0.592494147501
0.600275630371
0.60802145897
0.615731103898
0.623404050319
0.631039798146
0.63863786222
0.646197772494
0.653719074197
0.661201328008
0.668644110219
0.67604701289
0.683409644005
0.690731627621
0.698012604011
0.705252229801
0.712450178108
0.719606138663
0.726719817936
0.733790939257
0.740819242923
0.747804486308
0.754746443963
0.761644907714
0.768499686748
0.775310607703
0.782077514744
0.788800269635
0.795478751807
0.802112858423
0.808702504429
0.815247622607
0.821748163615
0.828204096031
0.834615406378
0.840982099157
0.847304196858
0.853581739984
0.859814787049
0.866003414587
0.872147717142
0.878247807261
0.884303815474
0.890315890274
0.896284198085
0.902208923227
0.908090267875
0.913928452012
0.919723713374
0.925476307387
0.931186507105
0.936854603136
0.942480903559
0.948065733847
0.953609436768
0.959112372292
0.964574917488
0.969997466411
0.975380429989
0.980724235903
0.986029328454
0.991296168436
0.996525232991
1.00171701547
1.00687202527
1.01199078768
1.01707384375
1.02212175006
1.0271350786
1.03211441657
1.03706036618
1.04197354449
1.04685458318
1.05170412837
1.05652284043
1.06131139369
1.06607047634
1.07080079008
1.07550305
1.08017798428
1.08482633397
1.08944885275
1.09404630667
1.09861947393
1.10316914458
1.10769612027
1.11220121401
1.11668524987
1.12114906269
1.12559349786
1.13001941096
1.13442766754
1.13881914278
1.14319472122
1.14755529644
1.15190177079
1.15623505503
1.16055606807
1.16486573664
1.16916499496
1.17345478443
1.1777360533
1.18200975636
1.18627685459
1.19053831483
1.19479510947
1.19904821609
1.20329861712
1.20754729949
1.21179525434
1.21604347659
1.22029296465
1.22454472008
1.22879974718
1.23305905268
1.23732364539
1.24159453583
1.24587273585
1.25015925832
1.25445511675
1.2587613249
1.26307889648
1.26740884474
1.27175218212
1.27610991991
1.28048306784
1.2848726338
1.28927962338
1.29370503957
1.29814988241
1.30261514858
1.30710183106
1.31161091879
1.3161433963
1.32070024333
1.32528243451
1.32989093898
1.33452672006
1.33919073485
1.34388393394
1.34860726103
1.35336165258
1.35814803746
1.36296733664
1.36782046282
1.3727083201
1.37763180365
1.38259179935
1.38758918351
1.3926248225
1.39769957245
1.40281427891
1.40796977654
1.41316688881
1.41840642767
1.42368919324
1.42901597351
1.43438754408
1.43980466779
1.44526809447
1.45077856068
1.45633678936
1.46194348959
1.46759935633
1.47330507011
1.47906129678
1.48486868727
1.4907278773
1.49663948715
1.5026041214
1.50862236869
1.51469480151
1.52082197592
1.52700443137
1.53324269044
1.53953725867
1.54588862431
1.55229725812
1.55876361319
1.56528812475
1.57187120994
1.57851326771
1.58521467853
1.59197580434
1.5987969883
1.60567855468
1.61262080867
1.61962403627
1.62668850414
1.63381445945
1.64100212978
1.64825172298
1.65556342705
1.66293741007
1.67037382004
1.67787278484
1.6854344121
1.69305878914
1.70074598288
1.7084960398
1.71630898583
1.72418482631
1.73212354598
1.74012510887
1.7481894583
1.75631651684
1.7645061863
1.77275834768
1.78107286118
1.78944956618
1.79788828126
1.80638880418
1.81495091193
1.82357436069
1.83225888592
1.84100420234
1.849810004
1.85867596429
1.86760173604
1.87658695151
1.88563122251
1.89473414043
1.90389527632
1.91311418098
1.92239038503
1.931723399
1.94111271345
1.95055779902
1.9600581066
1.96961306736
1.97922209297
1.98888457561
1.9985998882
2.00836738445
2.01818639904
2.02805624775
2.03797622761
2.04794561705
2.05796367604
2.0680296463
2.07814275137
2.0883021969
2.09850717071
2.10875684304
2.11905036671
2.1293868773
2.13976549333
2.15018531647
2.16064543176
2.17114490773
2.18168279669
2.19225813488
2.20286994272
2.21351722498
2.22419897104
2.23491415506
2.24566173624
2.25644065905
2.26724985342
2.27808823498
2.28895470531
2.29984815216
2.3107674497
2.32171145871
2.3326790269
2.34366898907
2.35468016741
2.36571137172
2.37676139964
2.38782903695
2.39891305776
2.4100122248
2.42112528964
2.43225099297
2.44338806483
2.45453522488
2.46569118266
2.47685463779
2.48802428029
2.49919879083
2.51037684092
2.52155709324
2.53273820186
2.54391881249
2.55509756275
2.56627308243
2.5774439937
2.58860891142
2.59976644338
2.61091519052
2.6220537472
2.63318070147
2.64429463529
2.65539412481
2.66647774057
2.6775440478
2.68859160663
2.69961897236
2.71062469566
2.72160732288
2.7325653962
2.74349745396
2.75440203084
2.76527765808
2.77612286379
2.7869361731
2.79771610843
2.80846118971
2.81916993461
2.82984085875
2.84047247593
2.85106329836
2.86161183685
2.87211660106
2.88257609968
2.89298884067
2.90335333143
2.91366807906
2.92393159051
2.93414237281
2.94429893327
2.95439977966
2.96444342044
2.97442836489
2.98435312336
2.99421620744
3.00401613012
3.013751406
3.02342055146
3.03302208483
3.04255452659
3.05201639952
3.06140622887
3.07072254253
3.07996387121
3.0891287486
3.0982157115
3.10722330003
3.11615005773
3.12499453177
3.13375527306
3.14243083642
3.15101978071
3.159520669
3.1679320687
3.1762525517
3.1844806945
3.19261507839
3.20065428951
3.20859691906
3.21644156338
3.22418682412
3.23183130833
3.2393736286
3.24681240321
3.2541462562
3.26137381755
3.26849372327
3.27550461551
3.28240514271
3.28919395967
3.29586972771
3.30243111477
3.30887679551
3.31520545143
3.32141577098
3.32750644969
3.33347619025
3.33932370262
3.34504770416
3.35064691973
3.35612008177
3.36146593047
3.36668321379
3.37177068764
3.37672711594
3.38155127076
3.38624193238
3.39079788946
3.39521793907
3.39950088685
3.4036455471
3.40765074289
3.41151530614
3.41523807777
3.41881790776
3.42225365532
3.42554418893
3.42868838648
3.43168513539
3.43453333271
3.43723188523
3.4397797096
3.44217573241
3.44441889038
3.44650813037
3.44844240961
3.45022069573
3.4518419669
3.45330521201
3.45460943069
3.45575363354
3.45673684215
3.45755808932
3.45821641914
3.45871088713
3.45904056034
3.45920451756
3.45920184937
3.45903165835
3.45869305914
3.45818517867
3.45750715623
3.45665814364
3.45563730542
3.4544438189
3.45307687438
3.45153567531
3.4498194384
3.44792739381
3.44585878531
3.44361287042
3.44118892056
3.43858622128
3.43580407233
3.43284178793
3.42969869685
3.42637414266
3.42286748383
3.41917809399
3.41530536202
3.41124869231
3.40700750489
3.40258123563
3.39796933643
3.39317127542
3.3881865371
3.38301462261
3.37765504984
3.37210735371
3.36637108628
3.36044581701
3.35433113295
3.3480266389
3.34153195766
3.33484673023
3.32797061599
3.3209032929
3.31364445776
3.30619382636
3.29855113371
3.29071613426
3.28268860212
3.27446833122
3.26605513559
3.25744884952
3.2486493278
3.23965644592
3.2304701003
3.22109020849
3.21151670939
3.20174956344
3.19178875289
3.18163428194
3.17128617703
3.16074448697
3.15000928322
3.13908066008
3.12795873486
3.11664364817
3.10513556403
3.09343467017
3.08154117816
3.06945532365
3.05717736658
3.04470759135
3.03204630704
3.0191938476
3.00615057203
2.9929168646
2.979493135
2.96587981855
2.95207737641
2.93808629569
2.92390708969
2.90954029803
2.89498648686
2.880246249
2.8653202041
2.85020899881
2.83491330696
2.81943382965
2.80377129544
2.78792646049
2.7719001087
2.7556930518
2.73930612956
2.72274020982
2.70599618868
2.68907499057
2.67197756838
2.65470490355
2.63725800619
2.6196379151
2.60184569795
2.5838824513
2.56574930066
2.5474474006
2.52897793477
2.51034211597
2.4915411862
2.47257641668
2.45344910789
2.43416058959
2.41471222085
2.39510539003
2.3753415148
2.35542204215
2.33534844833
2.31512223888
2.29474494856
2.27421814131
2.25354341025
2.23272237756
2.21175669448
2.19064804116
2.16939812668
2.14800868885
2.12648149422
2.10481833787
2.08302104337
2.06109146262
2.03903147572
2.01684299083
1.99452794401
1.97208829907
1.94952604738
1.9268432077
1.90404182599
1.88112397522
1.85809175513
1.83494729203
1.81169273858
1.78833027354
1.7648621015
1.74129045268
1.71761758259
1.69384577181
1.66997732569
1.64601457401
1.62195987073
1.59781559366
1.57358414411
1.54926794656
1.52486944835
1.50039111929
1.47583545128
1.45120495799
1.42650217443
1.40172965657
1.37688998095
1.35198574426
1.32701956289
1.30199407256
1.27691192782
1.25177580164
1.22658838494
1.2013523861
1.17607053054
1.15074556016
1.12538023294
1.09997732234
1.07453961686
1.04906991949
1.02357104719
0.998045830369
0.972497112311
0.946927748654
0.921340606817
0.895738565438
0.8701245138
0.84450135125
0.81887198661
0.793239337587
0.767606330166
0.741975898003
0.716350981813
0.690734528746
0.665129491763
0.639538828999
0.613965503127
0.588412480713
0.562882731564
0.537379228078
0.511904944579
0.486462856656
0.461055940489
0.435687172181
0.410359527076
0.385075979079
0.35983949997
0.334653058715
0.309519620774
0.284442147405
0.259423594966
0.234466914215
0.209575049606
0.184750938586
0.159997510882
0.1353176878
0.110714381511
0.0861904943375
0.061748918047
0.0373925331347
0.0131242081118
-0.0110532012075
-0.0351368524192
-0.0591239172428
-0.0830115822328
-0.106797049491
-0.130477537374
-0.154050281206
-0.177512533983
-0.200861567077
-0.224094670942
-0.247209155811
-0.270202352397
-0.293071612584
-0.315814310123
-0.338427841316
-0.3609096257
-0.383257106731
-0.405467752455
-0.427539056183
-0.449468537155
-0.471253741203
-0.492892241404
-0.514381638732
-0.535719562705
-0.556903672019
-0.577931655181
-0.598801231136
-0.619510149883
-0.640056193088
-0.660437174686
-0.680650941479
-0.700695373723
-0.720568385708
-0.74026792633
-0.759791979655
-0.77913856547
-0.798305739834
-0.817291595606
-0.83609426298
-0.854711909993
-0.873142743038
-0.891385007357
-0.909436987527
-0.927297007938
-0.944963433253
-0.962434668865
-0.979709161336
-0.996785398831
-1.01366191154
-1.03033727206
-1.04681009584
-1.06307904152
-1.0791428113
-1.09500015135
-1.11064985208
-1.12609074855
-1.14132172072
-1.15634169379
-1.17114963852
-1.18574457144
-1.20012555517
-1.21429169867
-1.22824215745
-1.24197613381
-1.25549287705
-1.26879168366
-1.28187189752
-1.29473291004
-1.30737416033
-1.31979513531
-1.3319953699
-1.34397444703
-1.35573199784
-1.36726770166
-1.37858128613
-1.38967252726
-1.4005412494
-1.41118732533
-1.4216106762
-1.43181127156
-1.44178912934
-1.45154431574
-1.46107694526
-1.47038718055
-1.47947523237
-1.48834135947
-1.49698586846
-1.50540911371
-1.51361149714
-1.5215934681
-1.52935552319
-1.53689820605
-1.54422210714
-1.55132786352
-1.55821615865
-1.56488772205
-1.57134332911
-1.57758380077
-1.5836100032
-1.58942284753
-1.59502328949
-1.60041232906
-1.60559101014
-1.61056042017
-1.61532168971
-1.6198759921
-1.62422454298
-1.62836859992
-1.63230946194
-1.63604846907
-1.63958700188
-1.64292648101
-1.64606836665
-1.64901415805
-1.65176539303
-1.65432364738
-1.65669053438
-1.65886770421
-1.66085684339
-1.66265967421
-1.66427795414
-1.6657134752
-1.66696806338
-1.66804357802
-1.66894191114
-1.66966498684
-1.67021476059
-1.67059321864
-1.67080237729
-1.67084428221
-1.6707210078
-1.6704346564
-1.66998735769
-1.66938126787
-1.66861856901
-1.66770146827
-1.66663219719
-1.66541301092
-1.66404618747
-1.66253402697
-1.66087885087
-1.65908300119
-1.65714883974
-1.6550787473
-1.65287512288
-1.65054038291
-1.6480769604
-1.64548730419
-1.64277387813
-1.63993916024
-1.63698564192
-1.63391582712
-1.63073223153
-1.62743738176
-1.62403381449
-1.62052407567
-1.61691071967
-1.61319630847
-1.6093834108
-1.60547460135
-1.6014724599
-1.5973795705
-1.59319852065
-1.58893190045
-1.5845823018
-1.58015231753
-1.57564454061
-1.57106156329
-1.56640597632
-1.56168036808
-1.55688732381
-1.55202942476
-1.5471092474
-1.54212936261
-1.53709233484
-1.53200072139
-1.52685707153
-1.52166392576
-1.51642381501
-1.51113925988
-1.50581276984
-1.50044684247
-1.49504396271
-1.48960660211
-1.48413721805
-1.47863825305
-1.47311213398
-1.46756127139
-1.46198805877
-1.45639487181
-1.45078406776
-1.4451579847
-1.43951894086
-1.43386923396
-1.42821114054
-1.42254691529
-1.41687879043
-1.41120897507
-1.40553965459
-1.39987298999
-1.39421111735
-1.3885561472
-1.38291016393
-1.37727522524
-1.37165336161
-1.36604657569
-1.36045684182
-1.35488610549
-1.34933628283
-1.34380926011
-1.33830689328
-1.33283100747
-1.32738339655
-1.32196582268
-1.31658001586
-1.31122767355
-1.30591046024
-1.30063000708
-1.29538791146
-1.29018573668
-1.28502501163
-1.27990723036
-1.27483385187
-1.26980629973
-1.26482596182
-1.25989419002
-1.25501229999
-1.25018157089
-1.24540324515
-1.24067852826
-1.23600858856
-1.23139455705
-1.2268375272
-1.22233855482
-1.21789865787
-1.21351881639
-1.20919997233
-1.20494302944
-1.20074885326
-1.19661827097
-1.19255207135
-1.18855100477
-1.18461578313
-1.18074707985
-1.1769455299
-1.17321172977
-1.16954623754
-1.16594957291
-1.16242221725
-1.15896461371
-1.15557716725
-1.15226024481
-1.14901417537
-1.14583925012
-1.14273572257
-1.13970380873
-1.13674368731
-1.13385549984
-1.13103935091
-1.12829530841
-1.12562340368
-1.12302363182
-1.12049595192
-1.1180402873
-1.11565652581
-1.11334452015
-1.1111040881
-1.1089350129
-1.10683704355
-1.10480989513
-1.10285324921
-1.10096675413
-1.09915002545
-1.09740264627
-1.09572416769
-1.09411410914
-1.09257195888
-1.09109717434
-1.08968918264
-1.08834738097
-1.08707113707
-1.08585978973
-1.08471264919
-1.08362899771
-1.08260808998
-1.0816491537
-1.08075139001
-1.07991397408
-1.07913605559
-1.07841675928
-1.07775518547
-1.07715041065
-1.07660148798
-1.0761074479
-1.07566729867
-1.07528002694
-1.07494459835
-1.07465995808
-1.07442503147
-1.07423872463
-1.07409992498
-1.07400750191
-1.07396030735
-1.07395717642
-1.07399692801
-1.07407836541
-1.07420027696
-1.07436143662
-1.07456060465
-1.07479652822
-1.07506794203
-1.07537356897
-1.07571212072
-1.07608229842
-1.0764827933
-1.07691228732
-1.07736945377
-1.07785295798
-1.0783614579
-1.07889360477
-1.07944804374
-1.08002341451
-1.08061835199
-1.08123148689
-1.0818614464
-1.08250685479
-1.08316633405
-1.0838385045
-1.08452198545
-1.08521539579
-1.08591735461
-1.08662648183
-1.0873413988
-1.08806072889
-1.08878309813
-1.08950713578
-1.09023147493
-1.09095475309
-1.09167561278
-1.09239270207
-1.09310467523
-1.0938101932
-1.09450792425
-1.09519654445
-1.09587473826
-1.09654119907
-1.09719462972
-1.09783374306
-1.09845726243
-1.09906392219
-1.09965246822
-1.10022165846
-1.10077026331
-1.10129706622
-1.10180086408
-1.10228046772
-1.10273470237
-1.10316240809
-1.10356244022
-1.10393366981
-1.10427498405
-1.10458528666
-1.10486349829
-1.10510855696
-1.10531941837
-1.10549505634
-1.10563446312
-1.10573664977
-1.10580064652
-1.10582550306
-1.10581028888
-1.1057540936
-1.10565602723
-1.10551522052
-1.10533082517
-1.10510201416
-1.10482798196
-1.10450794482
-1.10414114097
-1.10372683087
-1.1032642974
-1.10275284608
-1.10219180528
-1.10158052636
-1.10091838387
-1.10020477568
-1.09943912316
-1.09862087131
-1.09774948886
-1.09682446841
-1.09584532651
-1.09481160378
-1.09372286495
-1.09257869899
-1.09137871909
-1.09012256278
-1.08880989191
-1.0874403927
-1.08601377576
-1.08452977609
-1.08298815305
-1.08138869035
-1.07973119606
-1.0780155025
-1.07624146626
-1.07440896807
-1.07251791279
-1.07056822928
-1.06855987036
-1.06649281263
-1.06436705644
-1.06218262571
-1.05993956784
-1.05763795352
-1.05527787662
-1.05285945401
-1.05038282539
-1.04784815312
-1.04525562202
-1.04260543916
-1.03989783371
-1.03713305664
-1.03431138057
-1.0314330995
-1.02849852858
-1.02550800384
-1.022461882
-1.0193605401
-1.01620437534
-1.01299380471
-1.00972926477
-1.00641121131
-1.00304011909
-0.999616481486
-0.99614081022
-0.992613635015
-0.989035503283
-0.985406979781
-0.981728646283
-0.978001101232
-0.974224959391
-0.970400851492
-0.966529423875
-0.962611338127
-0.958647270709
-0.954637912589
-0.95058396886
-0.946486158364
-0.942345213303
-0.938161878856
-0.933936912782
-0.929671085028
-0.925365177333
-0.921019982825
-0.916636305617
-0.912214960406
-0.907756772063
-0.903262575222
-0.898733213873
-0.894169540947
-0.8895724179
-0.884942714304
-0.880281307427
-0.875589081815
-0.870866928881
-0.866115746481
-0.861336438503
-0.856529914444
-0.851697089
-0.846838881644
-0.841956216211
-0.837050020489
-0.8321212258
-0.827170766589
-0.822199580018
-0.817208605551
-0.812198784552
-0.807171059877
-0.802126375475
-0.797065675987
-0.791989906347
-0.786900011391
-0.781796935462
-0.776681622025
-0.771555013282
-0.76641804979
-0.761271670084
-0.756116810303
-0.750954403823
-0.745785380889
-0.740610668254
-0.735431188828
-0.730247861319
-0.725061599892
-0.719873313826
-0.714683907174
-0.709494278437
-0.704305320235
-0.699117918988
-0.6939329546
-0.68875130015
-0.683573821592
-0.678401377454
-0.673234818552
-0.6680749877
-0.662922719437
-0.657778839752
-0.652644165821
-0.647519505747
-0.64240565831
-0.637303412723
-0.632213548391
-0.627136834684
-0.62207403071
-0.617025885102
-0.611993135807
-0.606976509885
-0.601976723312
-0.596994480798
-0.592030475603
-0.587085389368
-0.582159891947
-0.577254641256
-0.572370283118
-0.567507451126
-0.562666766507
-0.557848837998
-0.553054261725
-0.548283621097
-0.5435374867
-0.538816416203
-0.534120954272
-0.529451632491
-0.524808969291
-0.520193469884
-0.515605626212
-0.511045916895
-0.506514807193
-0.502012748972
-0.497540180683
-0.493097527339
-0.488685200512
-0.484303598326
-0.479953105468
-0.475634093194
-0.471346919358
-0.467091928433
-0.462869451552
-0.458679806545
-0.454523297994
-0.450400217288
-0.446310842685
-0.442255439387
-0.438234259613
-0.434247542687
-0.430295515131
-0.426378390758
-0.422496370779
-0.418649643914
-0.414838386512
-0.411062762666
-0.407322924354
-0.403619011564
-0.399951152443
-0.396319463439
-0.392724049457
-0.389165004017
-0.385642409414
-0.382156336893
-0.378706846819
-0.375293988856
-0.371917802152
-0.368578315528
-0.365275547672
-0.362009507333
-0.358780193526
-0.35558759574
-0.35243169414
-0.349312459792
-0.346229854872
-0.343183832889
-0.340174338913
-0.3372013098
-0.334264674421
-0.331364353899
-0.328500261843
-0.325672304589
-0.322880381441
-0.320124384912
-0.317404200971
-0.314719709294
-0.312070783507
-0.309457291443
-0.306879095389
-0.304336052344
-0.30182801427
-0.299354828348
-0.296916337237
-0.294512379326
-0.292142788996
-0.289807396873
-0.287506030086
-0.285238512528
-0.283004665105
-0.280804306
-0.278637250926
-0.276503313377
-0.274402304887
-0.272334035279
-0.270298312919
-0.268294944964
-0.266323737608
-0.264384496333
-0.262477026149
-0.260601131839
-0.258756618196
-0.256943290262
-0.255160953562
-0.253409414336
-0.251688479768
-0.24999795821
-0.248337659408
-0.246707394716
-0.245106977317
-0.243536222431
-0.241994947524
-0.240482972514
-0.239000119966
-0.237546215292
-0.236121086943
-0.23472456659
-0.233356489314
-0.232016693775
-0.230705022392
-0.229421321505
-0.228165441541
-0.226937237169
-0.225736567452
-0.224563295994
-0.223417291082
-0.222298425817
-0.221206578249
-0.220141631496
-0.219103473864
-0.218091998959
-0.217107105791
-0.216148698873
-0.215216688318
-0.214310989921
-0.213431525243
-0.212578221683
-0.211751012546
-0.210949837106
-0.210174640657
-0.209425374564
-0.208701996302
-0.20800446949
-0.207332763922
-0.206686855582
-0.206066726663
-0.205472365574
-0.204903766935
-0.204360931578
-0.203843866526
-0.203352584979
-0.202887106281
-0.202447455892
-0.202033665341
-0.201645772183
-0.201283819939
-0.200947858041
-0.200637941759
-0.200354132126
-0.200096495859
-0.199865105267
-0.199660038159
-0.19948137774
-0.199329212503
-0.199203636115
-0.199104747296
-0.19903264969
-0.198987451732
-0.198969266507
-0.198978211604
-0.199014408966
-0.199077984728
-0.199169069053
-0.199287795965
-0.199434303173
-0.199608731883
-0.199811226622
-0.200041935037
-0.2003010077
-0.200588597908
-0.200904861472
-0.201249956505
-0.201624043206
-0.202027283637
-0.202459841496
-0.202921881888
-0.203413571087
-0.203935076298
-0.204486565415
-0.205068206774
-0.205680168898
-0.206322620248
-0.206995728964
-0.207699662604
-0.208434587879
-0.20920067039
-0.209998074356
-0.210826962342
-0.211687494988
-0.212579830731
-0.213504125527
-0.214460532571
-0.215449202017
-0.216470280694
-0.217523911823
-0.218610234731
-0.219729384566
-0.220881492008
-0.222066682986
-0.22328507839
-0.22453679378
-0.225821939103
-0.227140618404
-0.228492929541
-0.229878963898
-0.231298806101
-0.232752533737
-0.234240217066
-0.235761918746
-0.237317693551
-0.238907588095
-0.240531640558
-0.242189880409
-0.243882328144
-0.24560899501
-0.247369882746
-0.249164983321
-0.250994278676
-0.252857740465
-0.254755329813
-0.256686997061
-0.258652681528
-0.260652311271
-0.262685802851
-0.264753061103
-0.266853978915
-0.268988437002
-0.271156303699
-0.273357434747
-0.275591673092
-0.277858848687
-0.280158778301
-0.282491265332
-0.28485609963
-0.287253057322
-0.289681900647
-0.292142377795
-0.294634222758
-0.297157155179
-0.29971088022
-0.302295088424
-0.304909455599
-0.307553642696
-0.310227295704
-0.312930045548
-0.315661507999
-0.318421283589
-0.321208957534
-0.324024099669
-0.326866264386
-0.329734990588
-0.332629801641
-0.33555020535
-0.338495693926
-0.341465743977
-0.344459816501
-0.347477356888
-0.350517794933
-0.353580544859
-0.356665005346
-0.359770559573
-0.36289657527
-0.366042404772
-0.369207385093
-0.372390838005
-0.375592070121
-0.378810372999
-0.382045023248
-0.385295282642
-0.388560398252
-0.39183960258
-0.395132113706
-0.398437135444
-0.40175385751
-0.405081455695
-0.408419092052
-0.41176591509
-0.415121059979
-0.418483648766
-0.421852790596
-0.425227581945
-0.428607106865
-0.431990437237
-0.435376633026
-0.438764742559
-0.442153802801
-0.445542839643
-0.448930868202
-0.452316893126
-0.455699908912
-0.459078900227
-0.46245284224
-0.465820700969
-0.469181433624
-0.472533988968
-0.475877307684
-0.479210322743
-0.482531959795
-0.485841137549
-0.489136768174
-0.492417757706
-0.495683006452
-0.498931409415
-0.502161856717
-0.50537323403
-0.508564423013
-0.511734301763
-0.514881745258
-0.51800562582
-0.521104813572
-0.524178176913
-0.527224582984
-0.530242898152
-0.53323198849
-0.536190720268
-0.539117960442
-0.542012577156
-0.544873440236
-0.547699421703
-0.550489396272
-0.553242241871
-0.555956840153
-0.55863207701
-0.5612668431
-0.563860034361
-0.566410552545
-0.568917305733
-0.571379208873
-0.573795184303
-0.576164162283
-0.578485081525
-0.580756889726
-0.582978544099
-0.585149011902
-0.587267270975
-0.589332310264
-0.591343130356
-0.593298744007
-0.595198176668
-0.597040467009
-0.598824667449
-0.600549844672
-0.602215080148
-0.603819470649
-0.605362128765
-0.60684218341
-0.608258780331
-0.609611082611
-0.610898271165
-0.612119545237
-0.613274122887
-0.614361241479
-0.615380158154
-0.616330150312
-0.617210516072
-0.618020574741
-0.618759667262
-0.619427156673
-0.620022428539
-0.620544891394
-0.620993977169
-0.621369141607
-0.621669864682
-0.621895650999
-0.622046030192
-0.622120557312
-0.622118813205
-0.622040404881
-0.621884965877
-0.621652156606
-0.621341664699
-0.620953205337
-0.62048652157
-0.619941384632
-0.619317594237
-0.618614978871
-0.617833396071
-0.616972732689
-0.616032905153
-0.615013859709
-0.613915572652
-0.612738050551
-0.611481330454
-0.610145480088
-0.608730598041
-0.607236813932
-0.605664288577
-0.604013214127
-0.602283814206
-0.600476344029
-0.598591090511
-0.59662837236
-0.594588540154
-0.592471976413
-0.590279095648
-0.5880103444
-0.585666201268
-0.583247176919
-0.580753814085
-0.578186687546
-0.575546404102
-0.572833602524
-0.570048953498
-0.567193159551
-0.56426695496
-0.561271105657
-0.558206409104
-0.55507369417
-0.55187382098
-0.54860768076
-0.54527619566
-0.541880318566
-0.5384210329
-0.534899352402
-0.531316320897
-0.527673012053
-0.523970529119
-0.520210004651
-0.516392600229
-0.512519506151
-0.508591941117
-0.504611151904
-0.500578413021
-0.496495026349
-0.492362320778
-0.488181651816
-0.483954401199
-0.479681976475
-0.475365810586
-0.471007361428
-0.466608111408
-0.462169566977
-0.457693258159
-0.453180738066
-0.448633582399
-0.444053388938
-0.439441777023
-0.434800387017
-0.430130879764
-0.425434936034
-0.420714255957
-0.415970558441
-0.411205580593
-0.406421077113
-0.401618819692
-0.39680059639
-0.391968211013
-0.387123482474
-0.382268244147
-0.377404343215
-0.372533640005
-0.367658007321
-0.36277932976
-0.357899503028
-0.353020433245
-0.348144036246
-0.343272236871
-0.33840696825
-0.333550171084
-0.328703792918
-0.323869787407
-0.319050113581
-0.314246735099
-0.309461619505
-0.304696737475
-0.299954062059
-0.295235567927
-0.2905432306
-0.285879025687
-0.281244928118
-0.276642911368
-0.27207494669
-0.267543002335
-0.263049042779
-0.258595027943
-0.254182912418
-0.249814644684
-0.245492166333
-0.241217411291
-0.23699230504
-0.232818763842
-0.228698693964
-0.224633990904
-0.220626538623
-0.216678208772
-0.212790859926
-0.208966336826
-0.205206469616
-0.201513073085
-0.197887945921
-0.19433286996
-0.190849609444
-0.187439910287
-0.18410549934
-0.180848083666
-0.177669349821
-0.174570963142
-0.171554567038
-0.168621782293
-0.165774206375
-0.163013412748
-0.160340950203
-0.157758342184
-0.155267086133
-0.152868652841
-0.150564485806
-0.148356000603
-0.146244584265
-0.14423159467
-0.142318359942
-0.140506177865
-0.138796315301
-0.137190007627
-0.135688458176
-0.1342928377
-0.133004283831
-0.131823900573
-0.130752757786
-0.1297918907
-0.128942299434
-0.128204948528
-0.127580766491
-0.127070645364
-0.126675440292
-0.126395969117
-0.126233011979
-0.126187310937
-0.126259569602
-0.126450452782
-0.12676058615
-0.127190555923
-0.127740908554
-0.128412150442
-0.129204747661
-0.1301191257
-0.131155669223
-0.132314721841
-0.133596585905
-0.135001522311
-0.136529750327
-0.13818144743
-0.139956749167
-0.141855749027
-0.143878498331
-0.146025006144
-0.148295239196
-0.150689121826
-0.153206535943
-0.155847320999
-0.158611273988
-0.161498149451
-0.164507659509
-0.167639473908
-0.170893220079
-0.174268483222
-0.177764806398
-0.181381690651
-0.185118595134
-0.188974937259
-0.192950092864
-0.197043396394
-0.201254141106
-0.205581579279
-0.21002492245
-0.214583341667
-0.219255967754
-0.224041891594
-0.228940164427
-0.233949798172
-0.239069765754
-0.244299001453
-0.249636401271
-0.255080823309
-0.260631088164
-0.26628597934
-0.272044243675
-0.277904591778
-0.283865698491
-0.289926203357
-0.296084711106
-0.302339792153
-0.308689983114
-0.315133787334
-0.321669675427
-0.328296085829
-0.33501142537
-0.341814069853
-0.348702364647
-0.355674625295
-0.362729138129
-0.369864160903
-0.377077923435
-0.384368628258
-0.391734451288
-0.399173542495
-0.406684026592
-0.414264003728
-0.421911550198
-0.429624719156
-0.437401541338
-0.445240025801
-0.453138160662
-0.461093913849
-0.469105233863
-0.47717005054
-0.485286275832
-0.49345180458
-0.501664515311
-0.509922271026
-0.518222920001
-0.526564296599
-0.534944222074
-0.543360505393
-0.551810944054
-0.560293324914
-0.568805425018
-0.577345012432
-0.585909847077
-0.594497681574
-0.603106262079
-0.611733329133
-0.620376618503
-0.629033862032
-0.637702788488
-0.64638112441
-0.655066594958
-0.663756924765
-0.672449838783
-0.681143063134
-0.689834325952
-0.698521358234
-0.707201894682
-0.715873674543
-0.724534442449
-0.733181949253
-0.741813952864
-0.750428219072
-0.759022522375
-0.767594646803
-0.776142386728
-0.784663547682
-0.793155947158
-0.80161741541
-0.810045796253
-0.818438947842
-0.826794743461
-0.835111072292
-0.843385840183
-0.85161697041
-0.859802404422
-0.867940102589
-0.876028044933
-0.884064231857
-0.892046684854
-0.899973447221
-0.907842584753
-0.915652186427
-0.923400365082
-0.931085258082
-0.938705027971
-0.94625786312
-0.953741978353
-0.961155615573
-0.968497044366
-0.975764562601
-0.98295649701
-0.990071203765
-0.997107069028
-1.0040625095
-1.01093597297
-1.01772593879
-1.02443091842
-1.03104945591
-1.03758012837
-1.04402154643
-1.05037235469
-1.05663123216
-1.06279689268
-1.06886808531
-1.07484359472
-1.08072224157
-1.08650288289
-1.09218441237
-1.09776576073
-1.10324589602
-1.1086238239
-1.11389858794
-1.11906926988
-1.12413498986
-1.12909490667
-1.13394821796
-1.13869416044
-1.14333201004
-1.14786108212
-1.15228073158
-1.156590353
-1.16078938079
-1.16487728924
-1.16885359263
-1.1727178453
-1.1764696417
-1.18010861641
-1.18363444416
-1.18704683987
-1.19034555856
-1.19353039539
-1.19660118557
-1.19955780433
-1.20240016678
-1.2051282279
-1.20774198235
-1.21024146438
-1.21262674769
-1.21489794523
-1.21705520909
-1.21909873026
-1.22102873842
-1.22284550176
-1.22454932671
-1.2261405577
-1.22761957688
-1.22898680386
-1.23024269542
-1.23138774515
-1.2324224832
-1.23334747587
-1.23416332532
-1.23487066916
-1.23547018009
-1.23596256551
-1.23634856712
-1.23662896047
-1.23680455457
-1.23687619143
-1.2368447456
-1.23671112372
-1.23647626402
-1.23614113584
-1.23570673914
-1.23517410397
-1.23454428997
-1.23381838581
-1.23299750867
-1.23208280367
-1.23107544332
-1.22997662695
-1.22878758012
-1.22750955402
-1.22614382491
-1.22469169348
-1.22315448425
-1.22153354493
-1.21983024582
-1.21804597917
-1.2161821585
-1.21424021801
-1.21222161187
-1.2101278136
-1.20796031538
-1.20572062738
-1.2034102771
-1.20103080867
-1.19858378218
-1.19607077299
-1.19349337102
-1.19085318007
-1.18815181712
-1.18539091164
-1.18257210484
-1.17969704904
-1.17676740687
-1.17378485066
-1.17075106166
-1.16766772933
-1.16453655068
-1.16135922952
-1.15813747576
-1.15487300468
-1.15156753626
-1.14822279444
-1.14484050642
-1.14142240195
-1.13797021265
-1.13448567129
-1.13097051108
-1.12742646501
-1.12385526511
-1.12025864182
-1.11663832326
-1.11299603455
-1.10933349717
-1.10565242825
-1.10195453994
-1.09824153869
-1.09451512468
-1.09077699109
-1.08702882349
-1.08327229923
-1.07950908673
-1.07574084496
-1.07196922272
-1.06819585811
-1.06442237789
-1.06065039688
-1.05688151739
-1.05311732865
-1.0493594062
-1.04560931137
-1.04186859072
-1.03813877547
-1.034421381
-1.0307179063
-1.02702983348
-1.02335862724
-1.01970573439
-1.01607258336
-1.01246058372
-1.00887112573
-1.00530557989
-1.00176529647
-0.998251605107
-0.994765814372
-0.991309211366
-0.987883061321
-0.984488607214
-0.981127069394
-0.977799645219
-0.974507508707
-0.971251810198
-0.968033676023
-0.964854208199
-0.96171448412
-0.958615556269
-0.955558451943
-0.952544172989
-0.94957369555
-0.946647969826
-0.943767919849
-0.940934443269
-0.938148411149
-0.935410667782
-0.932722030514
-0.930083289579
-0.927495207949
-0.9249585212
-0.922473937384
-0.92004213692
-0.917663772494
-0.915339468975
-0.913069823336
-0.9108554046
-0.908696753791
-0.906594383895
-0.90454877984
-0.902560398486
-0.900629668628
-0.898756991009
-0.896942738349
-0.895187255381
-0.893490858909
-0.891853837865
-0.89027645339
-0.888758938916
-0.887301500273
-0.885904315792
-0.884567536436
-0.883291285928
-0.882075660898
-0.880920731043
-0.879826539291
-0.878793101983
-0.877820409059
-0.876908424265
-0.876057085356
-0.875266304324
-0.874535967626
-0.873865936427
-0.873256046851
-0.872706110243
-0.872215913438
-0.871785219046
-0.871413765735
-0.871101268533
-0.870847419138
-0.870651886227
-0.870514315787
-0.870434331444
-0.870411534806
-0.870445505807
-0.870535803072
-0.870681964269
-0.870883506492
-0.871139926628
-0.87145070175
-0.871815289504
-0.872233128507
-0.872703638752
-0.873226222019
-0.873800262286
-0.874425126154
-0.875100163271
-0.875824706767
-0.876598073682
-0.877419565416
-0.878288468168
-0.879204053386
-0.88016557822
-0.88117228598
-0.882223406595
-0.883318157075
-0.884455741976
-0.885635353874
-0.886856173829
-0.888117371865
-0.889418107438
-0.890757529921
-0.892134779077
-0.89354898554
-0.894999271299
-0.896484750173
-0.898004528302
-0.899557704621
-0.90114337135
-0.902760614471
-0.904408514215
-0.90608614554
-0.907792578613
-0.909526879291
-0.9112881096
-0.913075328209
-0.914887590911
-0.916723951089
-0.918583460197
-0.92046516822
-0.922368124147
-0.924291376433
-0.92623397346
-0.928194963992
-0.930173397637
-0.93216832529
-0.934178799584
-0.936203875334
-0.938242609974
-0.940294063994
-0.942357301367
-0.944431389981
-0.946515402051
-0.948608414545
-0.950709509586
-0.952817774861
-0.954932304022
-0.957052197078
-0.959176560784
-0.961304509023
-0.963435163182
-0.965567652522
-0.967701114544
-0.969834695341
-0.97196754995
-0.974098842699
-0.976227747538
-0.978353448371
-0.980475139377
-0.982592025328
-0.984703321891
-0.986808255932
-0.988906065809
-0.99099600165
-0.993077325637
-0.995149312274
-0.99721124864
-0.999262434654
-1.00130218331
-1.00332982091
-1.00534468732
-1.00734613614
-1.00933353497
-1.01130626556
-1.01326372405
-1.01520532114
-1.01713048226
-1.01903864772
-1.02092927294
-1.0228018285
-1.02465580039
-1.02649069005
-1.02830601456
-1.03010130672
-1.03187611517
-1.0336300045
-1.03536255533
-1.03707336437
-1.03876204454
-1.04042822498
-1.04207155116
-1.04369168489
-1.04528830436
-1.04686110418
-1.04840979539
-1.04993410551
-1.05143377849
-1.05290857472
-1.05435827104
-1.05578266071
-1.05718155336
-1.05855477499
-1.05990216787
-1.06122359054
-1.06251891773
-1.06378804025
-1.06503086499
-1.06624731477
-1.06743732826
-1.06860085991
-1.06973787981
-1.07084837358
-1.07193234224
-1.07298980213
-1.07402078468
-1.07502533637
-1.07600351849
-1.07695540704
-1.07788109254
-1.07878067987
-1.07965428808
-1.08050205023
-1.08132411317
-1.08212063736
-1.08289179668
-1.08363777821
-1.084358782
-1.08505502089
-1.08572672026
-1.0863741178
-1.0869974633
-1.08759701839
-1.08817305629
-1.0887258616
-1.08925572999
-1.08976296802
-1.09024789279
-1.09071083174
-1.09115212238
-1.09157211196
-1.09197115728
-1.09234962434
-1.09270788809
-1.09304633213
-1.09336534845
-1.0936653371
-1.09394670593
-1.09420987028
-1.09445525268
-1.09468328256
-1.09489439594
-1.09508903512
-1.09526764841
-1.09543068976
-1.09557861853
-1.09571189912
-1.09583100067
-1.0959363968
-1.09602856522
-1.09610798749
-1.09617514867
-1.096230537
-1.09627464362
-1.09630796226
-1.09633098887
-1.09634422139
-1.09634815939
-1.09634330376
-1.09633015644
-1.09630922008
-1.09628099772
-1.09624599253
-1.09620470749
-1.09615764507
-1.09610530696
-1.09604819375
-1.09598680463
-1.09592163715
-1.09585318685
-1.09578194704
-1.09570840848
-1.0956330591
-1.09555638374
-1.09547886384
-1.09540097722
-1.09532319776
-1.09524599514
-1.09516983461
-1.0950951767
-1.09502247699
-1.09495218582
-1.09488474809
-1.09482060297
-1.09476018372
-1.09470391738
-1.09465222461
-1.09460551941
-1.09456420895
-1.0945286933
-1.09449936527
-1.09447661014
-1.09446080554
-1.09445232118
-1.09445151869
-1.09445875144
-1.09447436433
-1.09449869366
-1.0945320669
-1.09457480258
-1.09462721008
-1.09468958954
-1.09476223163
-1.09484541747
-1.09493941846
-1.09504449618
-1.09516090223
-1.0952888781
-1.09542865512
-1.09558045428
-1.09574448615
-1.09592095082
-1.09611003774
-1.09631192571
-1.09652678273
-1.09675476597
-1.09699602171
-1.09725068524
-1.09751888083
-1.09780072169
-1.09809630988
-1.09840573635
-1.09872908082
-1.09906641183
-1.09941778668
-1.09978325141
-1.10016284083
-1.10055657848
-1.10096447665
-1.10138653639
-1.10182274753
-1.10227308869
-1.10273752731
-1.10321601969
-1.10370851101
-1.10421493539
-1.10473521597
-1.10526926487
-1.10581698336
-1.10637826185
-1.10695298001
-1.1075410068
-1.10814220058
-1.10875640919
-1.10938347007
-1.11002321029
-1.11067544672
-1.11133998608
-1.11201662511
-1.11270515062
-1.11340533967
-1.11411695966
-1.11483976847
-1.1155735146
-1.11631793727
-1.11707276663
-1.11783772385
-1.1186125213
-1.11939686267
-1.12019044318
-1.1209929497
-1.12180406093
-1.12262344757
-1.12345077248
-1.12428569087
-1.1251278505
-1.1259768918
-1.12683244811
-1.12769414586
-1.12856160472
-1.12943443786
-1.13031225209
-1.13119464808
-1.13208122056
-1.13297155854
-1.13386524548
-1.13476185951
-1.13566097367
-1.13656215607
-1.13746497016
-1.13836897488
-1.13927372493
-1.14017877096
-1.1410836598
-1.14198793467
-1.1428911354
-1.14379279867
-1.14469245821
-1.14558964503
-1.14648388765
-1.14737471232
-1.14826164323
-1.14914420277
-1.15002191171
-1.15089428947
-1.1517608543
-1.15262112353
-1.1534746138
-1.15432084127
-1.15515932183
-1.15598957134
-1.15681110588
-1.1576234419
-1.15842609649
-1.1592185876
-1.16000043424
-1.16077115668
-1.16153027671
-1.16227731781
-1.16301180539
-1.16373326697
-1.16444123244
-1.1651352342
-1.16581480741
-1.16647949016
-1.16712882373
-1.16776235269
-1.16837962519
-1.1689801931
-1.16956361221
-1.17012944242
-1.17067724793
-1.17120659742
-1.17171706421
-1.17220822648
-1.17267966738
-1.17313097528
-1.17356174385
-1.17397157231
-1.17436006551
-1.17472683414
-1.17507149489
-1.17539367056
-1.17569299022
-1.17596908938
-1.1762216101
-1.17645020114
-1.1766545181
-1.17683422351
-1.17698898702
-1.17711848546
-1.17722240299
-1.1773004312
-1.17735226923
-1.17737762387
-1.17737620966
-1.17734774898
-1.17729197217
-1.17720861758
-1.17709743169
-1.17695816917
-1.17679059297
-1.17659447438
-1.1763695931
-1.17611573731
-1.17583270373
-1.17552029767
-1.1751783331
-1.17480663265
-1.17440502772
-1.17397335845
-1.17351147381
-1.1730192316
-1.17249649849
-1.17194315003
-1.17135907067
-1.17074415378
-1.17009830167
-1.16942142555
-1.16871344559
-1.16797429088
-1.16720389944
-1.16640221818
-1.16556920294
-1.1647048184
-1.16380903812
-1.16288184449
-1.16192322867
-1.16093319062
-1.15991173899
-1.15885889113
-1.15777467303
-1.15665911925
-1.1555122729
-1.15433418556
-1.15312491724
-1.15188453628
-1.15061311934
-1.14931075127
-1.14797752507
-1.14661354182
-1.14521891059
-1.14379374834
-1.14233817986
-1.14085233766
-1.13933636192
-1.13779040032
-1.13621460802
-1.13460914754
-1.1329741886
-1.13130990811
-1.12961648998
-1.12789412507
-1.12614301103
-1.12436335223
-1.12255535961
-1.12071925056
-1.11885524884
-1.11696358441
-1.11504449335
-1.11309821768
-1.11112500529
-1.10912510976
-1.10709879028
-1.10504631148
-1.10296794329
-1.10086396085
-1.09873464433
-1.09658027883
-1.0944011542
-1.09219756493
-1.08996981001
-1.08771819278
-1.0854430208
-1.08314460569
-1.080823263
-1.07847931207
-1.07611307588
-1.07372488091
-1.07131505701
-1.06888393721
-1.06643185764
-1.06395915734
-1.06146617815
-1.05895326453
-1.05642076344
-1.05386902421
-1.05129839837
-1.04870923951
-1.04610190318
-1.04347674671
-1.04083412905
-1.03817441072
-1.03549795357
-1.03280512071
-1.03009627634
-1.02737178565
-1.02463201465
-1.02187733006
-1.01910809917
-1.01632468973
-1.01352746979
-1.01071680761
-1.00789307148
-1.00505662969
-1.0022078503
-0.999347101108
-0.996474749485
-0.993591162274
-0.990696705674
-0.98779174513
-0.984876645222
-0.981951769555
-0.979017480659
-0.97607413988
-0.973122107282
-0.970161741544
-0.967193399871
-0.964217437892
-0.961234209569
-0.958244067113
-0.95524736089
-0.952244439339
-0.949235648891
-0.946221333886
-0.943201836501
-0.940177496667
-0.937148652006
-0.934115637754
-0.931078786699
-0.928038429114
-0.924994892697
-0.921948502509
-0.918899580923
-0.915848447564
-0.912795419264
-0.909740810009
-0.906684930894
-0.903628090085
-0.900570592771
-0.897512741132
-0.894454834303
-0.891397168341
-0.888340036195
-0.885283727681
-0.882228529454
-0.879174724992
-0.876122594571
-0.873072415255
-0.870024460874
-0.86697900202
-0.863936306036
-0.860896637007
-0.857860255759
-0.854827419859
-0.851798383611
-0.848773398065
-0.84575271102
-0.84273656703
-0.839725207421
-0.836718870296
-0.833717790557
-0.830722199917
-0.82773232692
-0.824748396965
-0.821770632327
-0.818799252182
-0.815834472637
-0.812876506756
-0.809925564593
-0.806981853225
-0.804045576786
-0.801116936501
-0.79819613073
-0.795283355002
-0.792378802057
-0.789482661891
-0.786595121798
-0.783716366417
-0.780846577776
-0.777985935341
-0.775134616068
-0.772292794447
-0.769460642562
-0.766638330132
-0.763826024576
-0.761023891058
-0.758232092545
-0.755450789865
-0.752680141759
-0.749920304941
-0.747171434152
-0.744433682222
-0.741707200125
-0.738992137039
-0.736288640406
-0.733596855986
-0.730916927922
-0.728248998796
-0.725593209691
-0.722949700245
-0.720318608715
-0.717700072033
-0.715094225867
-0.712501204674
-0.709921141766
-0.70735416936
-0.704800418636
-0.702260019796
-0.699733102119
-0.697219794012
-0.694720223068
-0.692234516118
-0.689762799281
-0.68730519802
-0.684861837185
-0.68243284107
-0.680018333454
-0.677618437651
-0.675233276557
-0.672862972689
-0.670507648233
-0.668167425081
-0.665842424873
-0.663532769034
-0.661238578813
-0.658959975314
-0.656697079531
-0.654450012381
-0.652218894731
-0.650003847427
-0.647804991322
-0.645622447295
-0.643456336278
-0.641306779272
-0.63917389737
-0.637057811768
-0.634958643781
-0.632876514854
-0.630811546572
-0.628763860669
-0.626733579028
-0.624720823691
-0.622725716852
-0.62074838086
-0.618788938215
-0.616847511559
-0.614924223669
-0.613019197444
-0.611132555893
-0.609264422119
-0.607414919301
-0.605584170671
-0.603772299492
-0.601979429033
-0.600205682538
-0.598451183202
-0.596716054128
-0.595000418301
-0.593304398545
-0.591628117481
-0.589971697491
-0.588335260666
-0.586718928762
-0.585122823149
-0.583547064759
-0.581991774029
-0.58045707085
-0.5789430745
-0.577449903587
-0.575977675986
-0.574526508769
-0.573096518139
-0.571687819359
-0.570300526681
-0.568934753267
-0.567590611117
-0.566268210988
-0.564967662311
-0.563689073112
-0.562432549925
-0.561198197706
-0.559986119743
-0.558796417569
-0.557629190868
-0.55648453738
-0.555362552807
-0.55426333072
-0.553186962453
-0.552133537009
-0.551103140957
-0.55009585833
-0.54911177052
-0.548150956174
-0.547213491088
-0.546299448099
-0.545408896976
-0.544541904313
-0.543698533418
-0.542878844201
-0.542082893064
-0.541310732787
-0.540562412415
-0.539837977147
-0.539137468221
-0.538460922798
-0.53780837385
-0.537179850042
-0.536575375621
-0.5359949703
-0.535438649139
-0.534906422438
-0.534398295613
-0.53391426909
-0.533454338187
-0.533018493
-0.532606718292
-0.532218993377
-0.531855292014
-0.53151558229
-0.531199826514
-0.530907981105
-0.530639996487
-0.530395816979
-0.530175380688
-0.52997861941
-0.529805458522
-0.529655816879
-0.529529606719
-0.52942673356
-0.529347096106
-0.529290586147
-0.529257088471
-0.529246480771
-0.529258633553
-0.529293410052
-0.529350666145
-0.529430250271
-0.529532003344
-0.529655758683
-0.529801341931
-0.529968570984
-0.530157255921
-0.530367198936
-0.530598194272
-0.53085002816
-0.531122478761
-0.53141531611
-0.531728302061
-0.53206119024
-0.532413725996
-0.53278564636
-0.533176680006
-0.53358654721
-0.534014959822
-0.534461621234
-0.534926226357
-0.535408461596
-0.535908004831
-0.536424525406
-0.536957684117
-0.537507133204
-0.538072516346
-0.53865346867
-0.539249616745
-0.5398605786
-0.540485963734
-0.541125373132
-0.541778399289
-0.542444626235
-0.543123629562
-0.543814976465
-0.544518225773
-0.545232927998
-0.545958625378
-0.546694851931
-0.547441133513
-0.548196987873
-0.548961924723
-0.549735445805
-0.550517044966
-0.551306208236
-0.552102413913
-0.552905132645
-0.553713827527
-0.554527954197
-0.555346960936
-0.556170288771
-0.55699737159
-0.557827636251
-0.558660502707
-0.559495384123
-0.560331687011
-0.561168811353
-0.562006150748
-0.562843092545
-0.563679017994
-0.56451330239
-0.565345315235
-0.566174420388
-0.566999976233
-0.567821335847
-0.568637847165
-0.569448853161
-0.570253692024
-0.571051697342
-0.571842198291
-0.572624519824
-0.573397982867
-0.574161904519
-0.574915598253
-0.575658374123
-0.576389538976
-0.577108396663
-0.577814248256
-0.578506392275
-0.579184124902
-0.579846740217
-0.580493530425
-0.58112378609
-0.581736796374
-0.582331849272
-0.582908231863
-0.583465230548
-0.584002131302
-0.584518219926
-0.585012782299
-0.585485104635
-0.585934473741
-0.586360177281
-0.586761504035
-0.587137744165
-0.587488189488
-0.587812133736
-0.588108872835
-0.588377705173
-0.588617931877
-0.588828857087
-0.589009788235
-0.589160036321
-0.589278916196
-0.589365746841
-0.589419851647
-0.589440558701
-0.589427201066
-0.589379117067
-0.589295650574
-0.589176151288
-0.589019975024
-0.588826483996
-0.588595047106
-0.588325040222
-0.58801584647
-0.587666856512
-0.587277468835
-0.586847090028
-0.586375135071
-0.585861027614
-0.585304200255
-0.584704094824
-0.584060162657
-0.583371864877
-0.582638672664
-0.581860067537
-0.581035541616
-0.580164597901
-0.579246750536
-0.578281525075
-0.577268458747
-0.576207100718
-0.575097012348
-0.57393776745
-0.572728952542
-0.5714701671
-0.570161023804
-0.568801148781
-0.567390181852
-0.565927776766
-0.564413601438
-0.562847338177
-0.561228683916
-0.559557350435
-0.557833064582
-0.556055568489
-0.554224619781
-0.552339991786
-0.550401473741
-0.548408870984
-0.546362005155
-0.54426071438
-0.542104853461
-0.539894294052
-0.537628924835
-0.535308651691
-0.532933397864
-0.53050310412
-0.528017728901
-0.525477248475
-0.522881657077
-0.52023096705
-0.517525208973
-0.514764431786
-0.511948702917
-0.509078108389
-0.50615275293
-0.503172760077
-0.500138272271
-0.497049450943
-0.493906476602
-0.490709548912
-0.487458886755
-0.484154728304
-0.480797331076
-0.477386971981
-0.473923947369
-0.470408573066
-0.466841184403
-0.463222136242
-0.459551802992
-0.455830578616
-0.452058876639
-0.448237130137
-0.444365791733
-0.440445333573
-0.436476247305
-0.43245904404
-0.428394254321
-0.42428242807
-0.420124134535
-0.41591996223
-0.411670518867
-0.407376431279
-0.403038345337
-0.398656925862
-0.394232856526
-0.389766839747
-0.385259596581
-0.380711866598
-0.376124407761
-0.371497996288
-0.366833426515
-0.362131510749
-0.357393079109
-0.352618979371
-0.347810076793
-0.342967253942
-0.338091410513
-0.333183463136
-0.328244345182
-0.323275006558
-0.318276413497
-0.313249548342
-0.308195409323
-0.303115010323
-0.298009380645
-0.292879564766
-0.287726622089
-0.282551626684
-0.277355667029
-0.272139845738
-0.266905279286
-0.26165309773
-0.256384444419
-0.251100475702
-0.245802360629
-0.240491280647
-0.235168429285
-0.229835011846
-0.224492245075
-0.219141356841
-0.213783585798
-0.208420181053
-0.203052401818
-0.197681517065
-0.192308805174
-0.186935553573
-0.181563058377
-0.176192624025
-0.170825562902
-0.165463194969
-0.160106847381
-0.154757854104
-0.149417555529
-0.144087298077
-0.138768433805
-0.133462320011
-0.128170318827
-0.122893796816
-0.117634124562
-0.112392676261
-0.107170829303
-0.101969963858
-0.0967914624528
-0.0916367095526
-0.0865070911326
-0.0814039942533
-0.0763288066307
-0.071282916206
-0.0662677107129
-0.0612845772434
-0.0563349018123
-0.0514200689204
-0.0465414611163
-0.0417004585579
-0.0368984385718
-0.0321367752137
-0.0274168388266
-0.0227399955998
-0.0181076071272
-0.0135210299658
-0.00898161519365
-0.00449070796898
-4.96470890658e-05
0.00434023545013
0.00867761489356
0.0129611741659
0.0171896043091
0.0213616049193
0.0254758845816
0.029531161304
0.0335261629493
0.0374596276654
0.0413303043134
0.0451369528939
0.0488783449703
0.052553264091
0.0561605062075
0.0596988800907
0.0631672077438
0.0665643248129
0.0698890809933
0.0731403404333
0.0763169821343
0.0794179003471
0.0824420049643
0.0853882219091
0.0882554935202
0.0910427789313
0.0937490544478
0.0963733139179
0.0989145690995
0.101371850022
0.103744205344
0.106030702703
0.108230429066
0.110342491069
0.112366015352
0.114300148889
0.116144059317
0.117896935249
0.119557986593
0.121126444852
0.122601563432
0.123982617929
0.125268906421
0.126459749752
0.127554491798
0.128552499745
0.12945316434
0.130255900156
0.130960145827
0.131565364298
0.132071043051
0.132476694333
0.132781855373
0.132986088592
0.133088981805
0.133090148415
0.132989227602
0.132785884501
0.132479810373
0.132070722768
0.131558365677
0.130942509686
0.130222952105
0.129399517108
0.128472055845
0.127440446562
0.126304594706
0.125064433016
0.123719921615
0.122271048089
0.120717827555
0.119060302726
0.117298543961
0.115432649311
0.113462744554
0.11138898322
0.109211546613
0.106930643814
0.104546511685
0.102059414861
0.099469645726
0.0967775243935
0.0939833986659
0.0910876439913
0.0880906634099
0.0849928874912
0.0817947742624
0.0784968091279
0.0750995047801
0.0716034011008
0.0680090650544
0.0643170905714
0.0605280984242
0.0566427360927
0.0526616776225
0.0485856234735
0.04441530036
0.0401514610822
0.0357948843494
0.0313463745938
0.0268067617767
0.0221769011859
0.0174576732242
0.0126499831905
0.00775476105189
0.0027729612076
-0.00229443775469
-0.00744643331128
-0.0126819992624
-0.0180000860005
-0.0233996207858
-0.0288795080303
-0.0344386295891
-0.0400758450592
-0.045789992086
-0.0515798866774
-0.0574443235247
-0.063382076331
-0.069391898147
-0.0754725217134
-0.08162265981
-0.0878410056126
-0.0941262330552
-0.1004769972
-0.106891934613
-0.113369663747
-0.119908785329
-0.126507882755
-0.133165522492
-0.139880254482
-0.146650612555
-0.15347511485
-0.160352264231
-0.167280548723
-0.17425844194
-0.181284403527
-0.188356879601
-0.195474303204
-0.202635094747
-0.209837662478
-0.217080402935
-0.224361701416
-0.23167993245
-0.239033460264
-0.246420639271
-0.253839814539
-0.261289322284
-0.268767490353
-0.276272638719
-0.283803079967
-0.291357119797
-0.298933057519
-0.306529186558
-0.31414379495
-0.321775165856
-0.329421578065
-0.337081306501
-0.344752622738
-0.35243379551
-0.360123091225
-0.367818774477
-0.375519108564
-0.383222356003
-0.390926779047
-0.398630640199
-0.406332202732
-0.414029731207
-0.421721491985
-0.429405753748
-0.437080788015
-0.444744869653
-0.452396277396
-0.460033294357
-0.467654208541
-0.475257313353
-0.482840908111
-0.490403298551
-0.497942797336
-0.505457724555
-0.512946408228
-0.520407184806
-0.527838399663
-0.535238407593
-0.542605573302
-0.54993827189
-0.557234889345
-0.564493823013
-0.571713482086
-0.578892288067
-0.586028675246
-0.593121091164
-0.600167997074
-0.607167868397
-0.614119195179
-0.621020482534
-0.62787025109
-0.634667037428
-0.641409394513
-0.648095892121
-0.654725117266
-0.66129567461
-0.667806186879
-0.674255295268
-0.680641659835
-0.686963959901
-0.693220894432
-0.699411182419
-0.705533563255
-0.711586797098
-0.717569665235
-0.723480970432
-0.729319537283
-0.735084212544
-0.740773865471
-0.746387388142
-0.75192369577
-0.757381727016
-0.762760444291
-0.768058834045
-0.773275907059
-0.778410698715
-0.78346226927
-0.788429704117
-0.793312114036
-0.79810863544
-0.802818430607
-0.807440687911
-0.811974622041
-0.816419474207
-0.820774512342
-0.825039031296
-0.829212353017
-0.833293826726
-0.837282829081
-0.841178764333
-0.844981064472
-0.848689189364
-0.852302626881
-0.855820893018
-0.859243531999
-0.862570116382
-0.865800247147
-0.868933553775
