-0.592914022321
-0.59294688618
-0.593012556111
-0.593110945766
-0.593241940722
-0.593405399092
-0.593601152249
-0.593829005673
-0.594088739905
-0.594380111609
-0.594702854737
-0.595056681797
-0.595441285198
-0.595856338683
-0.596301498833
-0.59677640662
-0.597280689013
-0.597813960613
-0.598375825301
-0.598965877891
-0.59958370576
-0.600228890449
-0.600901009206
-0.601599636467
-0.602324345236
-0.603074708372
-0.603850299746
-0.604650695265
-0.605475473738
-0.606324217582
-0.607196513348
-0.608091952068
-0.609010129397
-0.609950645575
-0.610913105181
-0.611897116687
-0.612902291831
-0.613928244784
-0.614974591158
-0.61604094683
-0.617126926622
-0.618232142837
-0.61935620368
-0.620498711574
-0.621659261401
-0.622837438678
-0.624032817706
-0.625244959704
-0.626473410949
-0.627717700962
-0.628977340738
-0.630251821056
-0.631540610891
-0.632843155933
-0.634158877233
-0.635487170005
-0.636827402565
-0.638178915443
-0.639541020662
-0.64091300118
-0.642294110516
-0.64368357253
-0.64508058138
-0.646484301628
-0.647893868497
-0.649308388261
-0.650726938765
-0.652148570044
-0.653572305047
-0.654997140433
-0.656422047434
-0.657845972764
-0.659267839556
-0.660686548326
-0.662100977937
-0.663509986555
-0.664912412591
-0.666307075621
-0.667692777277
-0.669068302099
-0.670432418362
-0.671783878866
-0.6731214217
-0.674443770989
-0.675749637617
-0.677037719958
-0.678306704612
-0.679555267165
-0.680782072983
-0.681985778067
-0.683165029967
-0.684318468786
-0.685444728287
-0.686542437103
-0.687610220083
-0.688646699776
-0.689650498061
-0.690620237928
-0.691554545427
-0.692452051775
-0.693311395614
-0.694131225439
-0.694910202161
-0.695647001807
-0.696340318343
-0.696988866599
-0.697591385269
-0.698146639974
-0.698653426353
-0.699110573152
-0.69951694529
-0.699871446857
-0.700173024018
-0.700420667793
-0.70061341667
-0.700750359024
-0.70083063531
-0.700853439997
-0.70081802322
-0.700723692114
-0.700569811818
-0.700355806128
-0.700081157772
-0.699745408315
-0.699348157669
-0.698889063213
-0.698367838533
-0.697784251765
-0.697138123584
-0.696429324822
-0.695657773768
-0.694823433141
-0.693926306793
-0.692966436155
-0.691943896468
-0.690858792833
-0.689711256131
-0.68850143883
-0.687229510746
-0.68589565479
-0.68450006274
-0.68304293109
-0.681524457005
-0.679944834434
-0.67830425041
-0.676602881573
-0.67484089095
-0.673018425016
-0.671135611068
-0.669192554925
-0.667189338973
-0.665126020568
-0.663002630802
-0.660819173646
-0.658575625446
-0.656271934794
-0.653908022745
-0.651483783378
-0.648999084674
-0.6464537697
-0.643847658077
-0.641180547697
-0.638452216669
-0.635662425461
-0.632810919215
-0.629897430195
-0.626921680334
-0.623883383867
-0.620782249994
-0.61761798556
-0.61439029772
-0.611098896554
-0.607743497619
-0.604323824403
-0.60083961066
-0.597290602626
-0.593676561072
-0.589997263198
-0.586252504362
-0.582442099616
-0.578565885067
-0.574623719041
-0.570615483066
-0.566541082663
-0.56240044796
-0.558193534131
-0.553920321667
-0.549580816487
-0.545175049915
-0.540703078511
-0.536164983795
-0.531560871853
-0.526890872863
-0.522155140536
-0.5173538515
-0.51248720463
-0.507555420351
-0.502558739917
-0.497497424674
-0.492371755344
-0.487182031306
-0.481928569914
-0.476611705843
-0.471231790486
-0.465789191388
-0.460284291752
-0.454717489995
-0.449089199376
-0.443399847694
-0.437649877058
-0.431839743734
-0.425969918062
-0.420040884454
-0.41405314147
-0.408007201965
-0.401903593308
-0.395742857678
-0.389525552424
-0.383252250492
-0.376923540913
-0.370540029347
-0.364102338684
-0.357611109683
-0.35106700166
-0.344470693206
-0.33782288293
-0.331124290231
-0.324375656065
-0.317577743733
-0.310731339643
-0.303837254073
-0.296896321894
-0.289909403258
-0.282877384244
-0.275801177434
-0.268681722422
-0.261519986239
-0.254316963682
-0.247073677536
-0.239791178679
-0.232470546057
-0.225112886518
-0.217719334504
-0.210291051578
-0.20282922579
-0.195335070876
-0.18780982527
-0.180254750951
-0.172671132098
-0.165060273572
-0.157423499211
-0.149762149959
-0.14207758182
-0.134371163652
-0.12664427481
-0.118898302649
-0.111134639902
-0.103354681945
-0.0955598239697
-0.0877514580828
-0.0799309703492
-0.0720997378006
-0.0642591254347
-0.056410483223
-0.0485551431546
-0.040694416336
-0.0328295901714
-0.0249619256457
-0.0170926547315
-0.00922297794169
-0.00135406204545
0.00651296203345
0.0143770011207
0.0222370014844
0.0300919503046
0.0379408769123
0.0457828537887
0.0536169973245
0.0614424683348
0.0692584723344
0.0770642595766
0.0848591248621
0.0926424071301
0.100413488842
0.108171795172
0.115916793025
0.123647989893
0.131364932577
0.139067205793
0.146754430685
0.15442626326
0.162082392785
0.169722540149
0.177346456228
0.184953920264
0.192544738284
0.200118741578
0.207675785252
0.215215746865
0.222738525177
0.230244039009
0.237732226223
0.24520304283
0.252656462231
0.260092474588
0.267511086325
0.274912319747
0.282296212784
0.289662818834
0.297012206699
0.304344460613
0.311659680317
0.318957981199
0.32623949445
0.333504367238
0.340752762877
0.347984860962
0.355200857462
0.362400964748
0.369585411547
0.376754442788
0.383908319349
0.391047317674
0.398171729263
0.405281860019
0.412378029449
0.419460569724
0.426529824581
0.43358614809
0.440629903276
0.447661460615
0.454681196407
0.461689491043
0.468686727181
0.475673287852
0.482649554507
0.489615905032
0.496572711754
0.503520339455
0.510459143425
0.517389467566
0.524311642584
0.531225984281
0.538132791973
0.545032347057
0.551924911736
0.558810727933
0.565690016396
0.572562976018
0.57942978337
0.586290592468
0.593145534763
0.599994719371
0.606838233533
0.613676143298
0.620508494436
0.627335313551
0.634156609402
0.640972374401
0.647782586286
0.654587209932
0.661386199297
0.668179499474
0.674967048817
0.681748781135
0.688524627914
0.695294520549
0.702058392562
0.708816181778
0.715567832444
0.722313297257
0.729052539288
0.735785533789
0.742512269846
0.749232751885
0.755947001005
0.762655056125
0.76935697495
0.776052834735
0.782742732851
0.789426787151
0.796105136135
0.802777938921
0.809445375021
0.816107643935
0.822764964573
0.829417574507
0.836065729072
0.842709700337
0.84934977594
0.85598625782
0.862619460852
0.869249711405
0.87587734584
0.882502708953
0.889126152394
0.895748033061
0.902368711494
0.908988550278
0.91560791246
0.922227160003
0.928846652279
0.935466744604
0.942087786831
0.948710122008
0.955334085091
0.961960001728
0.968588187113
0.975218944904
0.981852566217
0.988489328682
0.995129495568
1.00177331497
1.00842101904
1.01507282334
1.02172892613
1.02838950783
1.03505473046
1.04172473713
1.0483996516
1.05507957781
1.06176459958
1.06845478018
1.07515016206
1.08185076654
1.08855659363
1.09526762175
1.10198380758
1.10870508599
1.11543136989
1.12216255024
1.12889849603
1.13563905441
1.14238405078
1.14913328899
1.15588655165
1.1626436004
1.16940417639
1.17616800074
1.18293477512
1.18970418238
1.19647588735
1.20324953758
1.21002476432
1.21680118345
1.22357839655
1.23035599204
1.23713354639
1.24391062533
1.25068678521
1.25746157436
1.26423453441
1.27100520181
1.27777310917
1.28453778675
1.29129876386
1.29805557027
1.30480773759
1.31155480057
1.31829629841
1.32503177588
1.33176078454
1.33848288366
1.3451976412
1.35190463461
1.35860345149
1.36529369018
1.37197496017
1.37864688237
1.3853090893
1.39196122505
1.39860294517
1.40523391638
1.41185381612
1.41846233203
1.42505916124
1.43164400956
1.43821659058
1.44477662459
1.45132383748
1.45785795953
1.46437872412
1.47088586638
1.47737912182
1.48385822485
1.49032290743
1.49677289755
1.5032079178
1.50962768401
1.51603190381
1.52242027535
1.528792486
1.53514821117
1.54148711322
1.54780884039
1.55411302596
1.56039928738
1.56666722561
1.57291642455
1.57914645059
1.58535685229
1.59154716021
1.59771688684
1.60386552665
1.60999255634
1.61609743511
1.62217960512
1.62823849206
1.63427350581
1.64028404119
1.64626947886
1.65222918626
1.65816251862
1.66406882013
1.66994742507
1.67579765906
1.68161884032
1.687410281
1.69317128853
1.698901167
1.7045992185
1.71026474458
1.71589704756
1.72149543198
1.72705920593
1.73258768244
1.73808018074
1.74353602762
1.74895455867
1.75433511951
1.75967706697
1.76497977023
1.77024261196
1.77546498935
1.78064631512
1.78578601849
1.79088354614
1.79593836301
1.80094995324
1.80591782086
1.81084149062
1.81572050864
1.82055444316
1.8253428851
1.83008544877
1.83478177235
1.83943151854
1.84403437504
1.84859005509
1.85309829797
1.85755886948
1.86197156241
1.86633619704
1.87065262157
1.8749207126
1.87914037558
1.8833115453
1.88743418634
1.89150829355
1.89553389256
1.89951104025
1.9034398253
1.90732036867
1.91115282419
1.91493737909
1.91867425457
1.92236370641
1.92600602557
1.9296015388
1.93315060926
1.93665363722
1.94011106065
1.94352335593
1.94689103849
1.95021466353
1.9534948266
1.95673216438
1.95992735524
1.96308111992
1.96619422215
1.96926746928
1.97230171275
1.97529784875
1.97825681861
1.98117960927
1.9840672537
1.98692083117
1.98974146757
1.99253033553
1.99528865457
1.99801769114
2.00071875848
2.00339321652
2.00604247158
2.00866797602
2.01127122775
2.01385376964
2.0164171888
2.01896311579
2.02149322367
2.02400922695
2.02651288041
2.02900597783
2.03149035061
2.03396786627
2.03644042683
2.03890996716
2.04137845316
2.04384787992
2.04632026981
2.04879767042
2.0512821526
2.05377580831
2.05628074853
2.05879910116
2.06133300882
2.0638846268
2.06645612091
2.06904966547
2.07166744124
2.07431163356
2.0769844304
2.07968802065
2.08242459246
2.08519633164
2.08800542029
2.09085403551
2.09374434826
2.09667852241
2.09965871391
2.10268707019
2.10576572967
2.1088968215
2.11208246547
2.11532477209
2.11862584287
2.12198777075
2.12541264076
2.12890253076
2.13245951242
2.13608565233
2.13978301322
2.14355365534
2.14739963796
2.15132302093
2.15532586635
2.15941024031
2.16357821468
2.16783186889
2.17217329179
2.17660458337
2.18112785664
2.18574523925
2.19045887516
2.19527092619
2.20018357341
2.20519901846
2.21031948459
2.21554721768
2.2208844869
2.22633358527
2.23189682992
2.23757656213
2.24337514707
2.24929497329
2.25533845194
2.26150801563
2.26780611704
2.27423522717
2.28079783331
2.28749643669
2.29433354976
2.30131169325
2.30843339276
2.31570117523
2.32311756496
2.3306850794
2.33840622464
2.34628349067
2.35431934636
2.36251623414
2.37087656461
2.3794027108
2.38809700233
2.39696171939
2.40599908659
2.41521126669
2.42460035422
2.43416836911
2.44391725014
2.45384884854
2.46396492148
2.4742671256
2.48475701067
2.49543601329
2.50630545066
2.51736651453
2.52862026529
2.54006762619
2.55170937784
2.56354615282
2.57557843057
2.58780653256
2.60023061761
2.6128506776
2.62566653342
2.63867783116
2.65188403874
2.66528444269
2.67887814536
2.69266406241
2.70664092067
2.7208072562
2.73516141286
2.74970154102
2.76442559672
2.77933134107
2.79441634002
2.80967796432
2.82511338993
2.84071959855
2.85649337858
2.87243132618
2.88852984672
2.9047851564
2.92119328406
2.93775007333
2.95445118479
2.97129209852
2.98826811666
3.0053743662
3.02260580191
3.0399572094
3.05742320829
3.07499825549
3.0926766486
3.11045252932
3.12831988704
3.14627256241
3.16430425101
3.18240850703
3.20057874702
3.21880825366
3.23709017954
3.25541755099
3.27378327192
3.29218012761
3.31060078863
3.32903781463
3.34748365823
3.3659306689
3.38437109678
3.40279709659
3.42120073145
3.43957397683
3.45790872434
3.4761967857
3.49442989658
3.51259972053
3.53069785288
3.5487158247
3.56664510675
3.58447711342
3.60220320676
3.61981470049
3.637302864
3.65465892649
3.671874081
3.68893948858
3.70584628244
3.72258557212
3.73914844768
3.75552598404
3.77170924514
3.78768928831
3.80345716861
3.81900394312
3.83432067538
3.84939843974
3.86422832583
3.87880144293
3.89310892446
3.90714193239
3.92089166173
3.93434934499
3.94750625662
3.96035371748
3.97288309926
3.98508582895
3.99695339324
4.00847734293
4.0196492973
4.0304609485
4.04090406583
4.05097050008
4.0606521878
4.06994115554
4.07882952402
4.08730951236
4.09537344216
4.10301374161
4.11022294956
4.11699371951
4.12331882362
4.12919115663
4.13460373977
4.1395497246
4.14402239686
4.14801518027
4.15152164026
4.15453548769
4.15705058255
4.15906093761
4.16056072203
4.16154426497
4.1620060591
4.16194076421
4.16134321061
4.16020840267
4.15853152224
4.15630793202
4.15353317898
4.15020299768
4.14631331355
4.14186024621
4.13684011265
4.13124943044
4.12508492089
4.11834351209
4.11102234199
4.10311876141
4.09463033689
4.08555485362
4.07589031819
4.0656349613
4.05478724041
4.04334584228
4.03130968537
4.01867792227
4.00544994185
3.99162537146
3.97720407889
3.96218617426
3.94657201177
3.93036219131
3.91355755991
3.89615921307
3.87816849585
3.85958700394
3.8404165844
3.82065933635
3.80031761137
3.77939401383
3.75789140096
3.73581288269
3.71316182139
3.68994183136
3.66615677805
3.64181077724
3.6169081938
3.59145364041
3.56545197602
3.53890830402
3.51182797032
3.4842165611
3.45607990048
3.42742404781
3.39825529491
3.36858016299
3.33840539944
3.30773797433
3.27658507679
3.24495411112
3.21285269279
3.18028864411
3.14726998987
3.11380495265
3.07990194804
3.04556957965
3.01081663393
2.97565207484
2.94008503834
2.90412482676
2.86778090294
2.83106288427
2.79398053661
2.75654376798
2.71876262222
2.68064727244
2.6422080144
2.60345525973
2.56439952909
2.52505144518
2.4854217257
2.44552117614
2.4053606826
2.36495120444
2.32430376688
2.28342945361
2.24233939925
2.20104478181
2.15955681514
2.11788674131
2.07604582298
2.0340453358
1.99189656076
1.94961077657
1.9071992521
1.86467323877
1.82204396304
1.77932261897
1.73652036077
1.69364829548
1.65071747575
1.60773889264
1.56472346859
1.52168205052
1.47862540297
1.43556420152
1.3925090262
1.3494703552
1.30645855868
1.26348389278
1.22055649382
1.17768637271
1.13488340956
1.09215734852
1.04951779286
1.00697420026
0.964535878373
0.922211980606
0.880011502206
0.837943276565
0.796015971814
0.754238087683
0.712617952638
0.671163721295
0.62988337211
0.58878470535
0.547875341346
0.507162719014
0.466654094667
0.426356541085
0.386276946866
0.346422016037
0.306798267926
0.267412037282
0.228269474657
0.189376547006
0.150739038536
0.112362551767
0.0742525088068
0.0364141528276
-0.00114745026503
-0.0384274099858
-0.0754210092539
-0.112123702222
-0.148531111963
-0.184639028021
-0.220443403854
-0.255940354158
-0.291126152113
-0.32599722654
-0.360550158994
-0.394781680806
-0.428688670083
-0.462268148675
-0.495517279135
-0.528433361661
-0.561013831054
-0.593256253691
-0.625158324521
-0.656717864103
-0.687932815684
-0.718801242339
-0.749321324163
-0.779491355542
-0.809309742494
-0.838775000092
-0.867885749975
-0.896640717949
-0.925038731681
-0.95307871849
-0.980759703241
-1.00808080634
-1.0350412418
-1.06164031549
-1.08787742337
-1.11375204992
-1.13926376663
-1.16441223056
-1.18919718305
-1.21361844847
-1.23767593308
-1.26136962396
-1.28469958801
-1.30766597102
-1.33026899684
-1.35250896658
-1.37438625783
-1.39590132401
-1.41705469369
-1.43784696997
-1.45827882991
-1.47835102394
-1.49806437533
-1.51741977965
-1.53641820424
-1.55506068764
-1.57334833911
-1.59128233804
-1.60886393338
-1.62609444307
-1.64297525341
-1.65950781843
-1.67569365917
-1.69153436302
-1.70703158291
-1.72218703653
-1.73700250546
-1.75147983432
-1.76562092974
-1.77942775945
-1.79290235115
-1.80604679147
-1.81886322476
-1.83135385189
-1.84352092901
-1.85536676623
-1.86689372623
-1.87810422286
-1.88900071969
-1.89958572849
-1.9098618077
-1.91983156083
-1.92949763485
-1.9388627185
-1.94792954067
-1.95670086861
-1.96517950627
-1.97336829249
-1.98127009923
-1.98888782983
-1.99622441718
-2.00328282196
-2.0100660308
-2.01657705453
-2.0228189264
-2.02879470026
-2.03450744887
-2.03996026211
-2.04515624532
-2.05009851754
-2.05479020992
-2.05923446409
-2.06343443049
-2.06739326694
-2.07111413701
-2.07460020865
-2.07785465268
-2.08088064147
-2.08368134761
-2.0862599426
-2.08861959562
-2.0907634724
-2.09269473406
-2.09441653603
-2.09593202709
-2.09724434832
-2.09835663228
-2.09927200208
-2.09999357064
-2.10052443986
-2.1008677
-2.10102642896
-2.1010036917
-2.10080253969
-2.10042601038
-2.09987712671
-2.09915889672
-2.0982743131
-2.09722635288
-2.0960179771
-2.09465213048
-2.0931317412
-2.09145972065
-2.08963896323
-2.08767234613
-2.0855627292
-2.08331295481
-2.08092584766
-2.07840421473
-2.07575084514
-2.07296851004
-2.07005996256
-2.06702793768
-2.06387515219
-2.0606043046
-2.05721807507
-2.0537191253
-2.05011009851
-2.04639361933
-2.04257229372
-2.03864870885
-2.03462543309
-2.03050501584
-2.02628998744
-2.02198285908
-2.01758612268
-2.01310225076
-2.00853369629
-2.00388289261
-1.99915225322
-1.9943441717
-1.9894610215
-1.98450515582
-1.97947890742
-1.97438458849
-1.96922449043
-1.96400088373
-1.95871601775
-1.95337212059
-1.94797139888
-1.94251603758
-1.93700819988
-1.93145002696
-1.92584363781
-1.92019112912
-1.91449457503
-1.90875602704
-1.90297751377
-1.89716104085
-1.89130859075
-1.88542212261
-1.87950357209
-1.87355485124
-1.86757784834
-1.86157442775
-1.85554642979
-1.84949567059
-1.84342394196
-1.83733301125
-1.83122462122
-1.82510048994
-1.81896231061
-1.81281175146
-1.80665045562
-1.80048004097
-1.79430210003
-1.78811819983
-1.78192988172
-1.77573866131
-1.76954602826
-1.76335344617
-1.75716235239
-1.75097415793
-1.74479024722
-1.73861197801
-1.73244068116
-1.72627766051
-1.72012419263
-1.71398152672
-1.70785088436
-1.70173345935
-1.69563041752
-1.68954289653
-1.68347200567
-1.67741882565
-1.67138440843
-1.66536977703
-1.6593759253
-1.65340381777
-1.64745438942
-1.64152854557
-1.63562716163
-1.62975108302
-1.62390112493
-1.61807807225
-1.61228267943
-1.60651567034
-1.6007777382
-1.59506954547
-1.58939172386
-1.5837448742
-1.57812956649
-1.57254633989
-1.56699570274
-1.56147813261
-1.55599407642
-1.55054395051
-1.54512814081
-1.53974700299
-1.53440086267
-1.52909001563
-1.52381472811
-1.51857523706
-1.51337175048
-1.50820444781
-1.50307348024
-1.49797897119
-1.49292101675
-1.48789968615
-1.48291502223
-1.47796704206
-1.47305573743
-1.46818107548
-1.46334299931
-1.45854142861
-1.45377626034
-1.4490473694
-1.44435460935
-1.43969781314
-1.43507679382
-1.43049134533
-1.42594124324
-1.42142624556
-1.4169460935
-1.41250051227
-1.40808921192
-1.40371188808
-1.39936822283
-1.39505788546
-1.3907805333
-1.38653581252
-1.38232335889
-1.37814279863
-1.37399374913
-1.36987581975
-1.36578861254
-1.36173172305
-1.35770474096
-1.35370725088
-1.34973883299
-1.34579906372
-1.34188751641
-1.33800376195
-1.3341473694
-1.33031790653
-1.32651494046
-1.32273803814
-1.31898676691
-1.315260695
-1.31155939197
-1.30788242917
-1.3042293802
-1.30059982125
-1.29699333153
-1.29340949359
-1.28984789366
-1.28630812196
-1.28278977294
-1.2792924456
-1.27581574369
-1.27235927592
-1.26892265615
-1.2655055036
-1.26210744293
-1.25872810443
-1.2553671241
-1.25202414373
-1.24869881101
-1.24539077954
-1.24209970888
-1.23882526458
-1.23556711817
-1.23232494713
-1.22909843489
-1.22588727075
-1.22269114985
-1.21950977305
-1.21634284688
-1.21319008343
-1.21005120018
-1.20692591996
-1.20381397071
-1.20071508539
-1.19762900177
-1.19455546227
-1.19149421375
-1.18844500734
-1.18540759818
-1.18238174519
-1.1793672109
-1.17636376113
-1.17337116475
-1.17038919343
-1.16741762138
-1.16445622499
-1.16150478264
-1.15856307432
-1.15563088134
-1.15270798604
-1.14979417145
-1.14688922095
-1.14399291796
-1.14110504559
-1.13822538632
-1.1353537216
-1.13248983158
-1.12963349471
-1.12678448739
-1.12394258365
-1.12110755478
-1.11827916902
-1.11545719113
-1.11264138217
-1.10983149908
-1.10702729436
-1.10422851579
-1.1014349061
-1.09864620262
-1.09586213707
-1.09308243521
-1.09030681659
-1.08753499432
-1.08476667478
-1.08200155745
-1.07923933464
-1.07647969137
-1.07372230514
-1.0709668458
-1.06821297543
-1.06546034822
-1.06270861039
-1.05995740013
-1.05720634755
-1.05445507468
-1.0517031955
-1.04895031594
-1.04619603399
-1.04343993978
-1.04068161571
-1.03792063659
-1.03515656982
-1.03238897564
-1.02961740732
-1.02684141148
-1.02406052834
-1.02127429208
-1.0184822312
-1.01568386888
-1.01287872343
-1.01006630871
-1.0072461346
-1.0044177075
-1.00158053088
-0.998734105786
-0.995877931428
-0.993011505793
-0.990134326244
-0.987245890173
-0.984345695651
-0.981433242115
-0.97850803106
-0.975569566755
-0.972617356965
-0.969650913698
-0.966669753953
-0.963673400484
-0.960661382566
-0.957633236779
-0.954588507782
-0.951526749102
-0.948447523922
-0.945350405858
-0.942234979749
-0.939100842436
-0.935947603527
-0.93277488617
-0.9295823278
-0.926369580888
-0.923136313667
-0.919882210843
-0.916606974301
-0.913310323772
-0.909991997499
-0.906651752867
-0.903289367019
-0.899904637438
-0.896497382509
-0.893067442049
-0.88961467781
-0.886138973949
-0.882640237466
-0.87911839861
-0.875573411252
-0.872005253215
-0.868413926582
-0.864799457953
-0.861161898672
-0.857501325015
-0.853817838335
-0.850111565179
-0.846382657347
-0.842631291932
-0.838857671306
-0.83506202307
-0.831244599968
-0.827405679755
-0.823545565033
-0.819664583042
-0.815763085414
-0.811841447895
-0.807900070017
-0.803939374748
-0.799959808095
-0.79596183868
-0.791945957273
-0.787912676304
-0.78386252933
-0.779796070482
-0.775713873876
-0.771616532997
-0.767504660058
-0.763378885332
-0.759239856457
-0.755088237721
-0.750924709328
-0.746749966636
-0.742564719387
-0.738369690907
-0.734165617307
-0.729953246655
-0.725733338142
-0.72150666124
-0.717273994848
-0.713036126428
-0.708793851139
-0.704547970965
-0.700299293841
-0.696048632776
-0.691796804978
-0.687544630979
-0.683292933766
-0.679042537912
-0.674794268719
-0.670548951363
-0.666307410053
-0.662070467196
-0.657838942574
-0.653613652539
-0.649395409214
-0.645185019715
-0.640983285391
-0.636791001074
-0.632608954353
-0.628437924871
-0.624278683634
-0.620131992347
-0.615998602777
-0.611879256126
-0.607774682443
-0.603685600053
-0.599612715012
-0.595556720591
-0.591518296783
-0.587498109845
-0.583496811858
-0.579515040325
-0.575553417789
-0.571612551488
-0.567693033035
-0.563795438129
-0.559920326292
-0.556068240647
-0.552239707709
-0.548435237225
-0.544655322025
-0.540900437918
-0.537171043609
-0.533467580645
-0.529790473397
-0.526140129063
-0.522516937703
-0.518921272297
-0.515353488837
-0.511813926439
-0.508302907485
-0.504820737785
-0.50136770677
-0.497944087699
-0.494550137897
-0.49118609901
-0.487852197281
-0.484548643843
-0.481275635036
-0.478033352736
-0.474821964701
-0.471641624931
-0.468492474048
-0.465374639675
-0.462288236842
-0.459233368387
-0.456210125377
-0.453218587529
