-0.614554447131
-0.614583243168
-0.614640798898
-0.614727059831
-0.614841953355
-0.61498538876
-0.615157257277
-0.615357432123
-0.615585768539
-0.615842103854
-0.616126257535
-0.616438031257
-0.616777208975
-0.617143556998
-0.617536824075
-0.617956741482
-0.618403023119
-0.618875365612
-0.619373448421
-0.61989693395
-0.620445467672
-0.621018678253
-0.621616177682
-0.622237561416
-0.622882408517
-0.62355028181
-0.624240728035
-0.624953278013
-0.625687446817
-0.626442733945
-0.627218623507
-0.628014584408
-0.628830070547
-0.629664521018
-0.630517360314
-0.631387998545
-0.632275831657
-0.633180241656
-0.634100596841
-0.635036252044
-0.635986548873
-0.636950815963
-0.637928369233
-0.638918512149
-0.639920535989
-0.640933720123
-0.641957332287
-0.642990628874
-0.644032855223
-0.645083245914
-0.646141025076
-0.647205406686
-0.648275594893
-0.649350784325
-0.650430160421
-0.651512899754
-0.652598170364
-0.653685132099
-0.654772936953
-0.655860729415
-0.656947646818
-0.658032819693
-0.65911537213
-0.66019442214
-0.661269082017
-0.662338458712
-0.663401654203
-0.664457765869
-0.665505886873
-0.666545106537
-0.667574510729
-0.668593182249
-0.669600201212
-0.670594645444
-0.671575590866
-0.672542111892
-0.673493281818
-0.67442817322
-0.675345858345
-0.676245409511
-0.677125899497
-0.677986401944
-0.678825991747
-0.679643745451
-0.680438741645
-0.681210061356
-0.681956788438
-0.682678009964
-0.683372816617
-0.684040303073
-0.684679568389
-0.68528971638
-0.685869856006
-0.686419101742
-0.686936573955
-0.687421399271
-0.687872710945
-0.688289649223
-0.688671361698
-0.689017003667
-0.689325738479
-0.689596737883
-0.689829182365
-0.690022261484
-0.690175174204
-0.690287129216
-0.690357345257
-0.690385051424
-0.690369487478
-0.690309904149
-0.690205563425
-0.690055738842
-0.689859715767
-0.689616791665
-0.689326276375
-0.68898749236
-0.688599774968
-0.688162472672
-0.687674947307
-0.687136574303
-0.686546742904
-0.685904856385
-0.685210332255
-0.684462602456
-0.683661113556
-0.682805326926
-0.681894718918
-0.680928781027
-0.67990702005
-0.678828958234
-0.677694133414
-0.676502099151
-0.675252424846
-0.673944695862
-0.672578513627
-0.671153495733
-0.669669276024
-0.668125504679
-0.666521848279
-0.664857989878
-0.663133629053
-0.661348481953
-0.659502281337
-0.657594776607
-0.655625733825
-0.653594935733
-0.651502181754
-0.649347287993
-0.647130087225
-0.644850428877
-0.642508179005
-0.640103220257
-0.637635451834
-0.635104789439
-0.632511165224
-0.629854527725
-0.627134841791
-0.624352088507
-0.621506265109
-0.618597384892
-0.615625477111
-0.612590586879
-0.609492775053
-0.606332118114
-0.60310870805
-0.599822652216
-0.596474073206
-0.593063108707
-0.589589911351
-0.586054648563
-0.582457502402
-0.578798669393
-0.575078360366
-0.571296800272
-0.56745422801
-0.563550896241
-0.559587071199
-0.555563032498
-0.551479072935
-0.547335498289
-0.543132627114
-0.53887079053
-0.53455033201
-0.530171607163
-0.525734983512
-0.521240840274
-0.51668956813
-0.512081568995
-0.507417255787
-0.502697052192
-0.497921392421
-0.493090720975
-0.488205492399
-0.483266171037
-0.478273230783
-0.473227154835
-0.468128435443
-0.462977573652
-0.457775079052
-0.452521469522
-0.447217270969
-0.441863017074
-0.436459249027
-0.431006515273
-0.425505371247
-0.419956379111
-0.414360107494
-0.408717131228
-0.403028031083
-0.397293393508
-0.391513810361
-0.385689878651
-0.379822200269
-0.37391138173
-0.367958033908
-0.36196277177
-0.35592621412
-0.349848983334
-0.343731705099
-0.337575008156
-0.33137952404
-0.325145886821
-0.318874732851
-0.312566700507
-0.306222429937
-0.299842562808
-0.293427742057
-0.286978611643
-0.280495816295
-0.273980001273
-0.267431812122
-0.260851894431
-0.254240893597
-0.247599454584
-0.240928221693
-0.23422783833
-0.227498946774
-0.220742187954
-0.213958201224
-0.207147624144
-0.200311092259
-0.193449238885
-0.186562694902
-0.179652088539
-0.17271804517
-0.165761187117
-0.158782133445
-0.15178149977
-0.144759898068
-0.137717936485
-0.130656219153
-0.123575346012
-0.116475912629
-0.109358510029
-0.102223724524
-0.0950721375468
-0.0879043254935
-0.0807208595638
-0.0735223056093
-0.0663092239847
-0.0590821694037
-0.0518416907987
-0.0445883311853
-0.0373226275308
-0.0300451106269
-0.0227563049678
-0.0154567286311
-0.00814689316499
-0.000827303478279
0.00650154226401
0.013839152741
0.0211850435716
0.0285387374059
0.0358997640119
0.0432676603575
0.0506419706884
0.058022246601
0.0654080471114
0.0727989387196
0.0801944954691
0.087594299002
0.0949979386105
0.102405011283
0.109815121747
0.117227882504
0.12464291387
0.132059843996
0.139478308901
0.146897952487
0.154318426562
0.161739390847
0.169160512989
0.176581468567
0.184001941089
0.191421621994
0.198840210644
0.206257414314
0.21367294818
0.221086535303
0.228497906605
0.235906800851
0.243312964621
0.250716152277
0.258116125935
0.265512655429
0.272905518268
0.2802944996
0.287679392168
0.295059996259
0.302436119662
0.309807577611
0.317174192735
0.324535795
0.331892221654
0.339243317165
0.346588933161
0.353928928366
0.361263168533
0.368591526382
0.375913881524
0.383230120399
0.3905401362
0.397843828801
0.405141104687
0.412431876872
0.419716064828
0.426993594407
0.434264397763
0.441528413271
0.44878558545
0.456035864881
0.463279208123
0.470515577637
0.477744941697
0.484967274309
0.49218255513
0.499390769378
0.50659190775
0.513785966336
0.520972946532
0.528152854954
0.535325703352
0.542491508518
0.549650292205
0.556802081028
0.563946906387
0.571084804366
0.578215815648
0.585339985425
0.592457363302
0.599568003208
0.606671963302
0.613769305877
0.620860097267
0.627944407751
0.635022311456
0.642093886258
0.649159213686
0.656218378819
0.663271470184
0.670318579656
0.677359802352
0.684395236526
0.691424983461
0.69844914736
0.705467835236
0.712481156798
0.719489224336
0.726492152606
0.733490058711
0.740483061978
0.747471283833
0.754454847681
0.76143387877
0.768408504066
0.775378852113
0.782345052902
0.789307237728
0.796265539045
0.803220090327
0.81017102591
0.817118480848
0.824062590751
0.83100349163
0.837941319734
0.84487621138
0.851808302789
0.85873772991
0.865664628244
0.87258913266
0.879511377218
0.886431494974
0.893349617792
0.900265876149
0.907180398931
0.914093313239
0.921004744173
0.927914814626
0.934823645073
0.941731353348
0.948638054425
0.955543860195
0.962448879238
0.969353216587
0.976256973502
0.983160247224
0.99006313074
0.996965712537
1.00386807636
1.01077030095
1.01767245982
1.02457462097
1.03147684666
1.03837919312
1.04528171032
1.0521844417
1.05908742392
1.06599068657
1.07289425191
1.07979813466
1.08670234165
1.09360687162
1.10051171494
1.10741685333
1.11432225962
1.12122789748
1.12813372115
1.13503967519
1.14194569425
1.14885170276
1.15575761473
1.16266333349
1.16956875144
1.1764737498
1.18337819839
1.19028195542
1.1971848672
1.204086768
1.21098747977
1.21788681197
1.22478456136
1.2316805118
1.23857443406
1.24546608564
1.25235521063
1.25924153951
1.26612478901
1.27300466196
1.27988084717
1.2867530193
1.29362083874
1.30048395153
1.30734198923
1.31419456887
1.32104129289
1.32788174907
1.33471551047
1.34154213547
1.34836116767
1.35517213595
1.36197455446
1.36876792265
1.37555172534
1.38232543273
1.38908850053
1.39584037001
1.40258046813
1.40930820764
1.41602298727
1.42272419184
1.42941119245
1.43608334668
1.4427399988
1.44938047998
1.45600410859
1.46261019041
1.46919801891
1.47576687562
1.48231603039
1.48884474175
1.49535225728
1.50183781397
1.50830063864
1.51473994835
1.52115495083
1.52754484494
1.53390882115
1.54024606205
1.54655574283
1.55283703184
1.55908909114
1.56531107707
1.57150214083
1.57766142912
1.58378808475
1.58988124726
1.59594005366
1.60196363903
1.60795113727
1.61390168183
1.61981440641
1.62568844572
1.63152293629
1.63731701721
1.64306983095
1.64878052421
1.65444824868
1.66007216198
1.66565142844
1.67118522004
1.67667271727
1.68211311003
1.68750559857
1.69284939439
1.69814372121
1.70338781587
1.70858092936
1.71372232772
1.71881129308
1.72384712458
1.72882913944
1.73375667388
1.7386290842
1.74344574773
1.74820606389
1.7529094552
1.75755536827
1.76214327487
1.76667267294
1.7711430876
1.7755540722
1.77990520932
1.7841961118
1.7884264238
1.79259582173
1.79670401534
1.80075074867
1.80473580109
1.80865898824
1.81252016305
1.81631921669
1.82005607954
1.8237307221
1.827343156
1.83089343481
1.83438165505
1.83780795701
1.84117252564
1.84447559141
1.84771743113
1.85089836876
1.85401877621
1.8570790741
1.8600797325
1.86302127166
1.8659042627
1.86872932825
1.87149714311
1.87420843489
1.8768639845
1.87946462678
1.88201125098
1.88450480123
1.886946277
1.88933673351
1.89167728209
1.89396909056
1.89621338345
1.89841144232
1.90056460598
1.90267427061
1.90474188996
1.90676897539
1.90875709595
1.91070787836
1.91262300698
1.91450422372
1.91635332789
1.91817217601
1.91996268161
1.92172681491
1.9234666025
1.92518412695
1.92688152639
1.92856099399
1.93022477747
1.93187517844
1.93351455183
1.93514530512
1.93676989763
1.9383908397
1.94001069182
1.94163206373
1.94325761342
1.94489004613
1.94653211326
1.94818661121
1.94985638021
1.95154430308
1.95325330391
1.95498634667
1.95674643388
1.95853660505
1.96035993523
1.96221953339
1.96411854082
1.96606012943
1.96804750002
1.9700838805
1.97217252405
1.97431670725
1.97651972811
1.9787849041
1.98111557015
1.98351507652
1.98598678671
1.98853407526
1.99116032558
1.99386892765
1.99666327576
1.99954676613
2.00252279457
2.00559475406
2.00876603229
2.01204000918
2.01542005437
2.01890952465
2.02251176144
2.0262300881
2.03006780737
2.0340281987
2.03811451552
2.04232998263
2.04667779339
2.05116110708
2.05578304606
2.06054669308
2.06545508847
2.07051122736
2.07571805692
2.08107847356
2.0865953201
2.09227138306
2.09810938978
2.10411200569
2.11028183154
2.11662140061
2.12313317594
2.12981954765
2.13668283017
2.14372525953
2.15094899073
2.15835609502
2.16594855733
2.17372827362
2.18169704836
2.18985659195
2.19820851823
2.20675434206
2.21549547686
2.22443323226
2.23356881175
2.24290331044
2.25243771278
2.26217289046
2.2721096002
2.28224848178
2.29259005599
2.3031347227
2.31388275898
2.32483431735
2.33598942397
2.34734797702
2.3589097451
2.37067436573
2.38264134388
2.39481005064
2.40717972193
2.4197494573
2.43251821884
2.44548483014
2.45864797535
2.47200619837
2.48555790203
2.4993013475
2.51323465365
2.52735579663
2.54166260948
2.55615278183
2.57082385972
2.58567324554
2.60069819802
2.61589583238
2.63126312049
2.64679689128
2.66249383107
2.67835048417
2.69436325346
2.71052840117
2.72684204968
2.7433001825
2.75989864529
2.77663314701
2.7934992612
2.81049242731
2.82760795221
2.8448410117
2.8621866522
2.87963979253
2.89719522578
2.91484762127
2.9325915266
2.95042136988
2.96833146193
2.98631599868
3.00436906361
3.0224846303
3.04065656508
3.05887862974
3.07714448438
3.09544769029
3.11378171295
3.13213992512
3.15051560996
3.16890196429
3.18729210191
3.20567905696
3.22405578739
3.24241517852
3.26075004657
3.27905314238
3.29731715511
3.31553471603
3.33369840238
3.35180074121
3.36983421341
3.38779125762
3.40566427436
3.42344563005
3.44112766116
3.45870267839
3.47616297084
3.49350081026
3.51070845529
3.52777815574
3.54470215692
3.56147270392
3.57808204597
3.59452244079
3.61078615891
3.62686548806
3.64275273754
3.65844024252
3.67392036847
3.68918551545
3.70422812244
3.71904067169
3.733615693
3.747945768
3.76202353439
3.77584169015
3.78939299776
3.80267028836
3.8156664658
3.8283745108
3.84078748491
3.85289853452
3.8647008948
3.87618789354
3.887352955
3.89818960365
3.90869146788
3.9188522836
3.92866589782
3.93812627214
3.94722748615
3.95596374078
3.96432936153
3.97231880169
3.97992664536
3.98714761055
3.99397655199
4.00040846402
4.00643848331
4.01206189147
4.0172741176
4.02207074073
4.02644749214
4.03040025763
4.03392507958
4.03701815906
4.03967585765
4.04189469934
4.04367137214
4.04500272973
4.0458857929
4.04631775091
4.04629596274
4.04581795823
4.0448814391
4.0434842798
4.04162452838
4.03930040707
4.03651031288
4.03325281802
4.02952667024
4.02533079296
4.02066428544
4.01552642269
4.00991665533
4.00383460934
3.99728008566
3.99025305972
3.98275368081
3.97478227135
3.9663393261
3.95742551118
3.94804166304
3.93818878728
3.92786805741
3.91708081345
3.90582856048
3.89411296706
3.88193586353
3.86929924028
3.85620524581
3.84265618486
3.82865451626
3.81420285082
3.79930394913
3.78396071917
3.76817621396
3.75195362903
3.73529629991
3.71820769943
3.70069143508
3.68275124614
3.66439100089
3.64561469371
3.62642644203
3.60683048335
3.58683117213
3.56643297666
3.54564047585
3.52445835595
3.50289140735
3.48094452117
3.45862268593
3.43593098415
3.4128745889
3.38945876036
3.36568884232
3.34157025868
3.31710850992
3.29230916955
3.26717788056
3.24172035187
3.21594235476
3.18984971926
3.16344833063
3.13674412576
3.10974308961
3.08245125168
3.05487468246
3.02701948989
2.99889181588
2.97049783282
2.94184374014
2.91293576085
2.88378013817
2.85438313215
2.82475101634
2.79489007454
2.76480659748
2.73450687971
2.70399721634
2.67328390004
2.6423732179
2.61127144847
2.57998485881
2.54851970159
2.5168822123
2.48507860642
2.45311507681
2.42099779099
2.38873288862
2.35632647903
2.32378463873
2.29111340911
2.25831879415
2.22540675821
2.19238322393
2.15925407016
2.12602512998
2.09270218887
2.05929098286
2.02579719679
1.99222646272
1.95858435834
1.92487640549
1.89110806879
1.8572847543
1.82341180833
1.78949451628
1.75553810161
1.72154772481
1.6875284826
1.65348540705
1.6194234649
1.58534755691
1.55126251731
1.51717311333
1.48308404478
1.44899994379
1.41492537451
1.380864833
1.34682274715
1.31280347663
1.27881131302
1.24485047991
1.21092513312
1.17703936101
1.14319718478
1.10940255896
1.07565937182
1.04197144595
1.00834253888
0.974776343712
0.941276489879
0.90784654389
0.874490010178
0.841210331978
0.808010892255
0.774895014683
0.741865964662
0.708926950382
0.67608112392
0.64333158238
0.610681369063
0.578133474673
0.545690838545
0.513356349908
0.481132849169
0.449023129216
0.417029936743
0.385155973592
0.353403898106
0.321776326498
0.290275834224
0.258904957366
0.227666194012
0.196562005649
0.165594818544
0.134767025123
0.104080985348
0.0735390280799
0.0431434524339
0.0128965291188
-0.0171994982398
-0.0471424117934
-0.0769300181868
-0.106560147297
-0.136030650996
-0.165339401944
-0.19448429241
-0.223463233124
-0.252274152162
-0.280914993873
-0.309383717832
-0.337678297844
-0.36579672098
-0.393736986662
-0.421497105789
-0.44907509991
-0.476469000444
-0.503676847946
-0.530696691431
-0.557526587742
-0.584164600969
-0.61060880193
-0.636857267697
-0.662908081187
-0.688759330796
-0.714409110108
-0.73985551764
-0.765096656664
-0.790130635079
-0.814955565337
-0.839569564442
-0.863970753992
-0.888157260294
-0.912127214528
-0.935878752981
-0.959410017328
-0.98271915498
-1.00580431949
-1.02866367102
-1.05129537684
-1.07369761194
-1.09586855962
-1.11780641222
-1.13950937182
-1.16097565109
-1.18220347409
-1.20319107716
-1.22393670995
-1.24443863631
-1.26469513543
-1.28470450286
-1.30446505168
-1.32397511369
-1.34323304059
-1.36223720528
-1.38098600313
-1.39947785331
-1.41771120016
-1.43568451462
-1.45339629559
-1.47084507145
-1.48802940149
-1.50494787747
-1.52159912506
-1.53798180548
-1.55409461699
-1.5699362965
-1.58550562111
-1.60080140979
-1.61582252489
-1.63056787381
-1.64503641059
-1.6592271375
-1.67313910668
-1.68677142171
-1.70012323923
-1.7131937705
-1.725982283
-1.73848810194
-1.75071061183
-1.762649258
-1.77430354808
-1.78567305347
-1.79675741077
-1.80755632322
-1.81806956208
-1.82829696792
-1.838238452
-1.8478939975
-1.85726366072
-1.86634757234
-1.87514593847
-1.88365904182
-1.89188724267
-1.8998309799
-1.90749077191
-1.91486721749
-1.92196099668
-1.92877287145
-1.9353036865
-1.94155436982
-1.9475259333
-1.95321947321
-1.95863617069
-1.96377729207
-1.9686441892
-1.97323829967
-1.97756114699
-1.98161434067
-1.98539957619
-1.98891863502
-1.99217338442
-1.99516577727
-1.99789785174
-2.00037173095
-2.00258962256
-2.00455381817
-2.00626669282
-2.00773070422
-2.00894839207
-2.00992237722
-2.01065536071
-2.01115012285
-2.01140952213
-2.01143649407
-2.01123405006
-2.01080527599
-2.01015333097
-2.00928144585
-2.00819292172
-2.00689112833
-2.00537950246
-2.00366154617
-2.00174082506
-1.99962096635
-1.99730565704
-1.99479864188
-1.99210372135
-1.98922474956
-1.98616563205
-1.98293032366
-1.97952282616
-1.975947186
-1.97220749191
-1.96830787249
-1.96425249373
-1.96004555651
-1.95569129403
-1.95119396927
-1.9465578723
-1.94178731766
-1.93688664165
-1.93186019964
-1.92671236326
-1.92144751771
-1.91607005889
-1.91058439065
-1.90499492194
-1.89930606397
-1.89352222736
-1.8876478193
-1.88168724068
-1.87564488323
-1.86952512666
-1.86333233583
-1.85707085784
-1.85074501928
-1.84435912333
-1.837917447
-1.83142423832
-1.82488371355
-1.81830005451
-1.81167740576
-1.80501987202
-1.79833151542
-1.79161635295
-1.78487835386
-1.7781214371
-1.77134946884
-1.76456626003
-1.75777556398
-1.75098107402
-1.74418642118
-1.73739517198
-1.73061082624
-1.72383681492
-1.71707649811
-1.71033316297
-1.70361002189
-1.69691021052
-1.69023678608
-1.68359272555
-1.67698092409
-1.67040419345
-1.66386526047
-1.65736676568
-1.65091126193
-1.6445012132
-1.63813899338
-1.63182688522
-1.6255670793
-1.61936167313
-1.61321267033
-1.6071219799
-1.60109141553
-1.59512269507
-1.58921744009
-1.5833771754
-1.57760332889
-1.5718972312
-1.56626011573
-1.56069311851
-1.55519727836
-1.54977353702
-1.54442273939
-1.53914563387
-1.53394287283
-1.52881501309
-1.52376251657
-1.51878575092
-1.51388499038
-1.5090604166
-1.50431211961
-1.49964009883
-1.49504426424
-1.49052443754
-1.48608035344
-1.48171166099
-1.47741792508
-1.47319862789
-1.46905317047
-1.46498087444
-1.46098098367
-1.45705266606
-1.45319501546
-1.44940705351
-1.44568773165
-1.44203593318
-1.43845047531
-1.43493011137
-1.43147353291
-1.42807937208
-1.42474620379
-1.42147254817
-1.41825687286
-1.4150975955
-1.41199308613
-1.40894166971
-1.40594162865
-1.40299120533
-1.40008860469
-1.39723199684
-1.39441951964
-1.39164928136
-1.38891936332
-1.38622782254
-1.3835726944
-1.38095199534
-1.37836372546
-1.37580587129
-1.37327640836
-1.37077330391
-1.36829451954
-1.3658380138
-1.36340174487
-1.36098367314
-1.35858176376
-1.35619398924
-1.35381833198
-1.35145278671
-1.34909536303
-1.34674408782
-1.34439700762
-1.34205219101
-1.33970773089
-1.3373617468
-1.3350123871
-1.33265783115
-1.33029629145
-1.32792601569
-1.32554528875
-1.32315243469
-1.3207458186
-1.31832384844
-1.31588497683
-1.31342770271
-1.31095057301
-1.3084521842
-1.30593118374
-1.30338627158
-1.30081620144
-1.29821978211
-1.29559587862
-1.2929434134
-1.29026136729
-1.2875487805
-1.28480475348
-1.28202844778
-1.27921908668
-1.27637595588
-1.27349840407
-1.27058584334
-1.26763774962
-1.26465366297
-1.26163318779
-1.25857599297
-1.25548181196
-1.25235044269
-1.24918174753
-1.24597565304
-1.24273214973
-1.23945129168
-1.23613319613
-1.23277804293
-1.22938607398
-1.22595759255
-1.2224929625
-1.21899260751
-1.21545701013
-1.21188671082
-1.20828230694
-1.20464445157
-1.2009738524
-1.19727127042
-1.19353751864
-1.18977346069
-1.18598000939
-1.18215812524
-1.17830881487
-1.17443312941
-1.17053216283
-1.16660705022
-1.16265896601
-1.15868912217
-1.15469876633
-1.15068917986
-1.14666167598
-1.14261759771
-1.1385583159
-1.13448522715
-1.13039975175
-1.12630333155
-1.12219742784
-1.11808351921
-1.11396309934
-1.10983767482
-1.10570876296
-1.10157788957
-1.0974465867
-1.09331639047
-1.08918883876
-1.08506546904
-1.08094781611
-1.07683740986
-1.07273577306
-1.06864441916
-1.06456485008
-1.06049855405
-1.0564470034
-1.05241165248
-1.04839393551
-1.04439526446
-1.04041702706
-1.0364605847
-1.03252727048
-1.02861838721
-1.02473520552
-1.02087896195
-1.01705085716
-1.01325205406
-1.00948367613
-1.00574680571
-1.00204248233
-0.998371701147
-0.994735411394
-0.991134514913
-0.987569864731
-0.984042263702
-0.980552463218
-0.977101161972
-0.973689004797
-0.970316581568
-0.966984426173
-0.963693015549
-0.960442768802
-0.95723404638
-0.954067149339
-0.950942318664
-0.94785973468
-0.944819516531
-0.941821721734
-0.938866345813
-0.935953322011
-0.933082521074
-0.93025375112
-0.927466757582
-0.924721223225
-0.922016768255
-0.919352950489
-0.916729265614
-0.914145147522
-0.911599968719
-0.909093040818
-0.906623615098
-0.904190883147
-0.901793977581
-0.89943197283
-0.897103886006
-0.894808677838
-0.892545253681
-0.890312464594
-0.888109108491
-0.885933931358
-0.883785628531
-0.881662846054
-0.879564182082
-0.877488188367
-0.875433371783
-0.873398195929
-0.87138108278
-0.869380414391
-0.867394534662
-0.86542175115
-0.863460336933
-0.861508532517
-0.859564547794
-0.85762656404
-0.855692735956
-0.853761193747
-0.851830045234
-0.849897378007
-0.847961261606
-0.84601974973
-0.844070882475
-0.842112688594
-0.840143187787
-0.838160392998
-0.836162312736
-0.834146953413
-0.832112321687
-0.830056426818
-0.82797728303
-0.825872911876
-0.823741344606
-0.821580624532
-0.819388809388
-0.817163973688
-0.814904211071
-0.812607636633
-0.81027238925
-0.807896633879
-0.805478563839
-0.803016403079
-0.800508408408
-0.797952871712
-0.795348122129
-0.792692528198
-0.789984499979
-0.787222491128
-0.784405000934
-0.781530576323
-0.77859781381
-0.775605361408
-0.772551920495
-0.76943624762
-0.766257156271
-0.763013518578
-0.759704266968
-0.756328395761
-0.752884962702
-0.74937309044
-0.745791967942
-0.742140851837
-0.738419067707
-0.734626011299
-0.730761149673
-0.726824022288
-0.722814242002
-0.718731496016
-0.714575546732
-0.710346232548
-0.70604346857
-0.701667247254
-0.697217638966
-0.692694792473
-0.688098935348
-0.683430374299
-0.678689495427
-0.673876764395
-0.668992726522
-0.6640380068
-0.659013309827
-0.653919419664
-0.648757199613
-0.643527591913
-0.638231617361
-0.632870374846
-0.62744504082
-0.621956868676
-0.616407188054
-0.610797404079
-0.605128996507
-0.59940351881
-0.593622597182
-0.587787929469
-0.581901284031
-0.575964498529
-0.569979478649
-0.563948196749
-0.557872690445
-0.551755061125
-0.545597472405
-0.539402148518
-0.533171372644
-0.526907485173
-0.520612881923
-0.514290012288
-0.50794137734
-0.501569527874
-0.495177062403
-0.488766625107
-0.482340903729
-0.475902627432
-0.469454564607
-0.462999520649
-0.456540335683
-0.450079882263
-0.443621063032
-0.437166808351
-0.430720073898
-0.42428383824
-0.417861100381
-0.411454877282
-0.405068201369
-0.398704118014
-0.392365683007
-0.38605596001
-0.379778018005
-0.373534928729
-0.367329764101
-0.361165593657
-0.355045481967
-0.348972486065
-0.342949652881
-0.336980016673
-0.331066596474
-0.325212393545
-0.319420388843
-0.313693540504
-0.308034781343
-0.302447016376
-0.29693312036
-0.291495935361
-0.286138268348
-0.280862888812
-0.275672526421
-0.270569868707
-0.265557558784
-0.260638193104
-0.255814319259
-0.251088433815
-0.24646298019
-0.241940346584
-0.237522863946
-0.233212803995
-0.22901237729
-0.224923731349
-0.220948948824
-0.217090045727
-0.213348969718
-0.209727598446
-0.206227737945
-0.202851121103
-0.199599406176
-0.196474175377
-0.193476933526
-0.190609106757
-0.187872041303
-0.185267002337
-0.182795172886
-0.18045765281
-0.178255457858
-0.176189518778
-0.174260680512
-0.172469701458
-0.170817252795
-0.16930391789
-0.167930191773
-0.166696480679
-0.165603101674
-0.164650282339
-0.163838160538
-0.163166784252
-0.162636111488
-0.162246010259
-0.161996258639
-0.16188654488
-0.161916467617
-0.162085536125
-0.162393170662
-0.162838702874
-0.163421376269
-0.164140346763
-0.164994683294
-0.165983368499
-0.167105299462
-0.168359288527
-0.169744064171
-0.171258271947
-0.172900475484
-0.174669157556
-0.1765627212
-0.178579490905
-0.180717713851
-0.182975561209
-0.185351129495
-0.187842441977
-0.190447450136
-0.193164035179
-0.195990009602
-0.198923118796
-0.201961042711
-0.20510139755
-0.208341737524
-0.211679556631
-0.215112290493
-0.218637318218
-0.222251964305
-0.225953500588
-0.229739148202
-0.233606079595
-0.237551420559
-0.241572252299
-0.245665613517
-0.24982850253
-0.254057879412
-0.258350668145
-0.262703758806
-0.267114009759
-0.271578249865
-0.276093280716
-0.280655878861
-0.285262798066
-0.289910771562
-0.294596514313
-0.299316725282
-0.304068089705
-0.308847281357
-0.313650964834
-0.318475797813
-0.323318433323
-0.328175522006
-0.333043714367
-0.337919663016
-0.342800024909
-0.347681463558
-0.352560651245
-0.357434271212
-0.362299019832
-0.367151608766
-0.3719887671
-0.376807243456
-0.381603808081
-0.386375254916
-0.391118403635
-0.395830101657
-0.400507226128
-0.405146685878
-0.409745423344
-0.414300416457
-0.418808680504
-0.423267269945
-0.427673280202
-0.432023849409
-0.436316160124
-0.440547440998
-0.444714968411
-0.448816068065
-0.452848116531
-0.456808542757
-0.460694829536
-0.464504514923
-0.468235193613
-0.471884518268
-0.475450200804
-0.478930013627
-0.482321790824
-0.485623429305
-0.488832889897
-0.491948198389
-0.49496744653
-0.497888792974
-0.500710464182
-0.503430755261
-0.506048030771
-0.508560725464
-0.510967344987
-0.51326646652
-0.515456739379
-0.517536885555
-0.519505700207
-0.52136205211
-0.523104884041
-0.524733213124
-0.526246131119
-0.527642804665
-0.52892247547
-0.53008446045
-0.531128151826
-0.532053017159
-0.532858599348
-0.533544516578
-0.534110462209
-0.534556204632
-0.534881587069
-0.53508652733
-0.535171017517
-0.535135123697
-0.534978985512
-0.534702815758
-0.534306899914
-0.53379159563
-0.533157332169
-0.532404609814
-0.531533999227
-0.53054614077
-0.529441743787
-0.528221585849
-0.526886511952
-0.525437433693
-0.523875328394
-0.522201238198
-0.520416269131
-0.518521590129
-0.516518432025
-0.514408086516
-0.512191905092
-0.509871297931
-0.507447732771
-0.504922733749
-0.50229788022
-0.499574805536
-0.496755195809
-0.493840788652
-0.490833371884
-0.487734782222
-0.484546903952
-0.481271667568
-0.477911048405
-0.474467065245
-0.470941778903
-0.467337290803
-0.463655741536
-0.459899309395
-0.456070208911
-0.452170689359
-0.448203033269
-0.444169554908
-0.440072598768
-0.435914538037
-0.431697773059
-0.427424729795
-0.42309785827
-0.418719631023
-0.41429254154
-0.409819102699
-0.405301845201
-0.400743316005
-0.396146076758
-0.391512702232
-0.386845778758
-0.382147902659
-0.377421678694
-0.372669718498
-0.367894639033
-0.363099061042
-0.358285607507
-0.353456902121
-0.348615567761
-0.343764224973
-0.338905490471
-0.334041975638
-0.329176285048
-0.324311014991
-0.319448752019
-0.3145920715
-0.309743536191
-0.304905694823
-0.300081080702
-0.29527221033
-0.29048158204
-0.28571167465
-0.280964946136
-0.276243832326
-0.271550745611
-0.266888073677
-0.262258178263
-0.257663393933
-0.253106026878
-0.248588353737
-0.244112620441
-0.239681041086
-0.235295796822
-0.230959034778
-0.226672867005
-0.222439369444
-0.218260580932
-0.214138502218
-0.210075095024
-0.206072281118
-0.20213194143
-0.198255915186
-0.194445999076
-0.190703946449
-0.187031466543
-0.183430223739
-0.179901836847
-0.176447878427
-0.173069874136
-0.169769302111
-0.166547592375
-0.163406126287
-0.160346236017
-0.157369204049
-0.154476262727
-0.151668593827
-0.14894732816
-0.146313545213
-0.143768272821
-0.141312486869
-0.138947111032
-0.136673016545
-0.13449102201
-0.132401893226
-0.130406343069
-0.128505031388
-0.126698564947
-0.124987497394
-0.123372329262
-0.121853508008
-0.12043142808
-0.119106431022
-0.117878805606
-0.116748787997
-0.115716561957
-0.114782259072
-0.11394595902
-0.113207689858
-0.112567428357
-0.112025100351
-0.111580581132
-0.111233695863
-0.11098422003
-0.110831879917
-0.110776353118
-0.11081726907
-0.110954209622
-0.111186709623
-0.111514257551
-0.111936296156
-0.112452223138
-0.113061391848
-0.113763112017
-0.114556650508
-0.115441232095
-0.116416040263
-0.117480218035
-0.118632868822
-0.119873057293
-0.121199810265
-0.122612117622
-0.124108933247
-0.125689175975
-0.12735173057
-0.129095448712
-0.13091915001
-0.132821623027
-0.134801626324
-0.136857889514
-0.13898911434
-0.141193975758
-0.143471123035
-0.145819180866
-0.148236750493
-0.150722410839
-0.153274719654
-0.155892214665
-0.158573414738
-0.161316821043
-0.164120918232
-0.166984175616
-0.169905048346
-0.172881978608
-0.175913396806
-0.178997722755
-0.182133366878
-0.185318731395
-0.188552211516
-0.191832196632
-0.195157071501
-0.198525217429
-0.201935013457
-0.205384837524
-0.208873067643
-0.212398083056
-0.215958265383
-0.219551999769
-0.223177676016
-0.226833689698
-0.230518443277
-0.234230347194
-0.237967820955
-0.241729294198
-0.245513207746
-0.249318014641
-0.253142181169
-0.256984187855
-0.26084253045
-0.264715720896
-0.268602288261
-0.27250077967
-0.276409761202
-0.280327818764
-0.28425355895
-0.288185609871
-0.292122621957
-0.296063268742
-0.300006247615
-0.303950280551
-0.307894114808
-0.311836523603
-0.315776306757
-0.319712291307
-0.323643332096
-0.327568312331
-0.331486144104
-0.335395768893
-0.339296158024
-0.343186313105
-0.34706526643
-0.350932081341
-0.354785852573
-0.358625706556
-0.362450801682
-0.366260328549
-0.370053510163
-0.373829602112
-0.3775878927
-0.381327703057
-0.385048387207
-0.388749332104
-0.392429957641
-0.396089716616
-0.399728094668
-0.403344610188
-0.406938814179
-0.410510290103
-0.414058653681
-0.417583552665
-0.42108466658
-0.424561706432
-0.428014414385
-0.431442563403
-0.434845956872
-0.438224428175
-0.441577840257
-0.444906085141
-0.448209083433
-0.451486783782
-0.454739162328
-0.457966222113
-0.461167992466
-0.464344528369
-0.467495909792
-0.470622241005
-0.473723649869
-0.476800287103
-0.479852325523
-0.482879959276
-0.485883403035
-0.488862891187
-0.491818677
-0.494751031768
-0.497660243948
-0.500546618275
-0.503410474863
-0.506252148293
-0.509071986696
-0.511870350808
-0.514647613032
-0.517404156481
-0.520140374014
-0.522856667266
-0.525553445674
-0.528231125491
-0.530890128807
-0.533530882554
-0.536153817525
-0.538759367374
-0.541347967637
-0.543920054737
-0.546476065
-0.54901643368
-0.551541593977
-0.55405197607
-0.556548006159
-0.559030105505
-0.561498689492
-0.563954166692
-0.566396937944
-0.568827395446
-0.571245921863
-0.573652889443
-0.576048659162
-0.57843357987
-0.580807987469
-0.583172204103
-0.58552653737
-0.587871279554
-0.590206706881
-0.592533078795
-0.594850637263
-0.597159606098
-0.599460190312
-0.601752575496
-0.604036927222
-0.60631339048
-0.608582089137
-0.610843125432
-0.613096579493
-0.615342508893
-0.617580948229
-0.619811908744
-0.622035377967
-0.624251319401
-0.62645967223
-0.628660351073
-0.630853245762
-0.633038221161
-0.635215117015
-0.637383747841
-0.639543902848
-0.641695345894
-0.643837815481
-0.645971024788
-0.648094661731
-0.650208389071
-0.652311844551
-0.654404641066
-0.656486366882
-0.658556585876
-0.660614837822
-0.662660638708
-0.664693481091
-0.666712834484
-0.668718145782
-0.67070883972
-0.672684319366
-0.674643966644
-0.676587142899
-0.678513189486
-0.680421428396
-0.682311162912
-0.684181678297
-0.686032242513
-0.687862106965
-0.689670507285
-0.691456664129
-0.693219784016
-0.694959060184
-0.696673673476
-0.698362793253
-0.700025578324
-0.701661177907
-0.703268732606
-0.704847375415
-0.706396232737
-0.707914425423
-0.709401069834
-0.710855278913
-0.712276163276
-0.713662832321
-0.715014395342
-0.716329962665
-0.717608646789
-0.718849563539
-0.720051833227
-0.721214581819
-0.722336942116
-0.723418054927
-0.724457070257
-0.725453148491
-0.726405461584
-0.727313194245
-0.728175545124
-0.728991727993
-0.729760972928
-0.730482527479
-0.731155657838
-0.731779649995
-0.732353810893
-0.732877469557
-0.733349978231
-0.733770713481
-0.734139077302
-0.734454498197
-0.734716432241
-0.734924364134
-0.735077808225
-0.735176309521
-0.73521944467
-0.735206822927
-0.735138087092
-0.73501291442
-0.734831017507
-0.734592145155
-0.734296083192
-0.733942655281
-0.733531723687
-0.733063190012
-0.732536995905
-0.731953123728
-0.731311597198
-0.730612481989
-0.729855886291
-0.729041961347
-0.728170901939
-0.727242946838
-0.726258379225
-0.725217527055
-0.724120763396
-0.722968506718
-0.721761221145
-0.72049941666
-0.719183649271
-0.717814521136
-0.716392680641
-0.714918822431
-0.713393687409
-0.711818062676
-0.710192781438
-0.708518722861
-0.706796811887
-0.705028019001
-0.703213359953
-0.701353895442
-0.699450730742
-0.697505015299
-0.695517942271
-0.693490748032
-0.691424711624
-0.689321154174
-0.68718143826
-0.685006967239
-0.68279918453
-0.680559572853
-0.678289653433
-0.675990985151
-0.673665163671
-0.671313820509
-0.668938622077
-0.666541268678
-0.664123493474
-0.661687061406
-0.659233768085
-0.656765438643
-0.654283926555
-0.651791112425
-0.649288902732
-0.646779228563
-0.644264044292
-0.64174532625
-0.639225071357
-0.636705295724
-0.634188033237
-0.631675334116
-0.629169263437
-0.626671899654
-0.624185333079
-0.621711664356
-0.619253002909
-0.616811465381
-0.614389174047
-0.611988255221
-0.609610837647
-0.607259050881
-0.60493502366
-0.602640882262
-0.600378748863
-0.598150739888
-0.595958964352
-0.593805522209
-0.591692502687
-0.589621982635
-0.587596024867
-0.58561667651
-0.583685967355
-0.581805908218
-0.579978489311
-0.578205678612
-0.576489420263
-0.574831632962
-0.573234208385
-0.571699009613
-0.570227869583
-0.568822589553
-0.567484937585
-0.566216647062
-0.565019415209
-0.563894901655
-0.562844727009
-0.561870471472
-0.560973673469
-0.560155828316
-0.559418386918
-0.558762754497
-0.558190289352
-0.557702301658
-0.557300052299
-0.556984751736
-0.556757558913
-0.55661958021
-0.55657186842
-0.556615421789
-0.556751183074
-0.556980038667
-0.557302817745
-0.557720291476
-0.558233172266
-0.558842113054
-0.559547706651
-0.560350485133
-0.561250919278
-0.562249418052
-0.563346328147
-0.564541933568
-0.56583645527
-0.567230050849
-0.568722814281
-0.570314775714
-0.572005901314
-0.57379609316
-0.575685189194
-0.577672963224
-0.579759124977
-0.581943320209
-0.584225130861
-0.586604075277
-0.589079608466
-0.591651122422
-0.594317946494
-0.597079347806
-0.599934531736
-0.602882642437
-0.605922763413
-0.60905391815
-0.612275070789
-0.615585126853
-0.618982934022
-0.622467282957
-0.626036908171
-0.629690488944
-0.63342665029
-0.637243963963
-0.641140949513
-0.645116075379
-0.649167760033
-0.653294373155
-0.657494236859
-0.661765626953
-0.666106774235
-0.670515865834
-0.674991046576
-0.679530420401
-0.684132051792
-0.688793967261
-0.693514156842
-0.698290575632
-0.703121145354
-0.708003755942
-0.712936267159
-0.717916510239
-0.722942289543
-0.728011384249
-0.733121550052
-0.738270520883
-0.743456010655
-0.748675715008
-0.753927313081
-0.75920846929
-0.764516835119
-0.769850050915
-0.775205747698
-0.78058154897
-0.785975072531
-0.791383932298
-0.796805740123
-0.802238107613
-0.807678647941
-0.813124977665
-0.818574718529
-0.824025499263
-0.829474957374
-0.834920740926
-0.840360510307
-0.845791939985
-0.851212720244
-0.856620558913
-0.862013183064
-0.867388340699
-0.872743802419
-0.878077363057
-0.883386843303
-0.888670091292
-0.893924984172
-0.899149429637
-0.904341367441
-0.909498770872
-0.914619648193
-0.919702044064
-0.924744040909
-0.929743760263
-0.934699364078
-0.939609055987
-0.944471082534
-0.949283734362
-0.954045347361
-0.958754303772
-0.963409033251
-0.968008013887
-0.972549773177
-0.977032888956
-0.981455990278
-0.985817758258
-0.990116926852
-0.994352283608
-0.998522670354
-1.00262698384
-1.00666417634
-1.01063325619
-1.01453328827
-1.01836339449
-1.02212275414
-1.02581060423
-1.02942623983
-1.03296901426
-1.03643833929
-1.0398336853
-1.04315458134
-1.04640061515
-1.04957143321
-1.05266674059
-1.05568630088
-1.05862993601
-1.06149752604
-1.06428900885
-1.06700437989
-1.06964369174
-1.07220705374
-1.07469463153
-1.0771066465
-1.07944337526
-1.08170514902
-1.08389235298
-1.08600542557
-1.08804485778
-1.09001119232
-1.09190502284
-1.09372699306
-1.09547779583
-1.09715817224
-1.0987689106
-1.10031084543
-1.10178485644
-1.10319186736
-1.10453284491
-1.10580879759
-1.10702077449
-1.1081698641
-1.10925719307
-1.11028392488
-1.1112512586
-1.11216042755
-1.11301269793
-1.11380936747
-1.11455176404
-1.11524124422
-1.11587919188
-1.11646701676
-1.11700615295
-1.11749805749
-1.1179442088
-1.11834610527
-1.11870526367
-1.1190232177
-1.11930151641
-1.11954172274
-1.11974541191
-1.11991416997
-1.1200495922
-1.12015328161
-1.1202268474
-1.12027190345
-1.12029006675
-1.12028295597
-1.12025218985
-1.12019938579
-1.12012615832
-1.12003411762
-1.11992486807
-1.11980000682
-1.11966112234
-1.11950979299
-1.11934758565
-1.11917605436
-1.11899673892
-1.11881116359
-1.11862083578
-1.11842724476
-1.11823186038
-1.11803613189
-1.11784148669
-1.11764932917
-1.11746103957
-1.11727797286
-1.11710145764
-1.11693279514
-1.11677325813
-1.11662409
-1.11648650377
-1.1163616812
-1.1162507719
-1.11615489249
-1.1160751258
-1.11601252013
-1.11596808847
-1.11594280785
-1.11593761868
-1.11595342417
-1.11599108972
-1.1160514424
-1.11613527049
-1.11624332302
-1.11637630935
-1.11653489884
-1.11671972051
-1.11693136273
-1.11717037306
-1.11743725795
-1.11773248269
-1.11805647121
-1.11840960606
-1.11879222835
-1.11920463779
-1.1196470927
-1.12011981011
-1.12062296594
-1.12115669507
-1.12172109167
-1.12231620932
-1.1229420614
-1.12359862137
-1.1242858231
-1.12500356133
-1.12575169204
-1.12653003298
-1.1273383641
-1.12817642815
-1.12904393121
-1.1299405433
-1.13086589902
-1.1318195982
-1.13280120662
-1.13381025668
-1.13484624819
-1.13590864914
-1.13699689651
-1.13811039705
-1.13924852819
-1.1404106389
-1.14159605054
-1.14280405785
-1.14403392984
-1.14528491074
-1.146556221
-1.14784705829
-1.14915659846
-1.1504839966
-1.15182838806
-1.15318888949
-1.15456459991
-1.15595460178
-1.15735796206
-1.15877373328
-1.16020095468
-1.16163865326
-1.1630858449
-1.16454153545
-1.16600472186
-1.16747439324
-1.16894953203
-1.17042911504
-1.17191211457
-1.17339749955
-1.17488423658
-1.17637129103
-1.17785762816
-1.17934221412
-1.18082401708
-1.18230200827
-1.183775163
-1.18524246171
-1.186702891
-1.18815544459
-1.18959912438
-1.19103294137
-1.19245591665
-1.19386708233
-1.19526548247
-1.19665017397
-1.19802022749
-1.19937472829
-1.20071277706
-1.2020334908
-1.20333600356
-1.20461946728
-1.20588305246
-1.20712594899
-1.20834736677
-1.20954653646
-1.21072271009
-1.2118751617
-1.21300318795
-1.2141061087
-1.21518326754
-1.21623403232
-1.21725779566
-1.21825397538
-1.21922201497
-1.22016138396
-1.22107157836
-1.22195212093
-1.22280256155
-1.22362247751
-1.22441147376
-1.22516918314
-1.22589526659
-1.22658941331
-1.22725134093
-1.22788079559
-1.22847755206
-1.22904141377
-1.22957221284
-1.23006981011
-1.23053409507
-1.23096498581
-1.23136242896
-1.23172639956
-1.2320569009
-1.23235396439
-1.23261764934
-1.23284804274
-1.23304525901
-1.23320943976
-1.23334075345
-1.2334393951
-1.23350558592
-1.23353957295
-1.23354162868
-1.23351205062
-1.23345116086
-1.23335930563
-1.23323685481
-1.23308420142
-1.23290176112
-1.23268997166
-1.23244929233
-1.2321802034
-1.23188320547
-1.23155881895
-1.23120758337
-1.23083005678
-1.23042681506
-1.22999845129
-1.22954557505
-1.22906881177
-1.22856880193
-1.22804620047
-1.22750167597
-1.22693590998
-1.22634959621
-1.22574343988
-1.22511815684
-1.22447447293
-1.22381312312
-1.22313485076
-1.22244040683
-1.22173054914
-1.22100604151
-1.22026765304
-1.21951615728
-1.21875233146
-1.21797695568
-1.21719081215
-1.21639468437
-1.21558935635
-1.21477561184
-1.21395423353
-1.21312600229
-1.21229169638
-1.21145209066
-1.2106079559
-1.20976005794
-1.20890915698
-1.20805600682
-1.20720135416
-1.20634593781
-1.20549048803
-1.20463572579
-1.20378236206
-1.20293109716
-1.20208262004
-1.20123760763
-1.20039672421
-1.1995606207
-1.19872993411
-1.19790528685
-1.19708728619
-1.1962765236
-1.19547357423
-1.19467899636
-1.19389333076
-1.19311710028
-1.19235080924
-1.19159494297
-1.19084996735
-1.19011632827
-1.18939445126
-1.188684741
-1.18798758094
-1.18730333287
-1.18663233657
-1.1859749094
-1.18533134602
-1.184701918
-1.18408687358
-1.18348643728
-1.18290080975
-1.18233016742
-1.18177466231
-1.18123442181
-1.18070954848
-1.1802001199
-1.17970618847
-1.17922778129
-1.17876490007
-1.17831752099
-1.17788559466
-1.17746904604
-1.17706777438
-1.17668165325
-1.17631053052
-1.17595422835
-1.17561254327
-1.17528524622
-1.17497208264
-1.17467277256
-1.17438701069
-1.17411446662
-1.17385478492
-1.17360758535
-1.17337246302
-1.17314898863
-1.17293670873
-1.17273514587
-1.17254379901
-1.17236214368
-1.17218963236
-1.1720256948
-1.17186973833
-1.17172114827
-1.17157928823
-1.17144350062
-1.17131310695
-1.17118740833
-1.17106568591
-1.17094720133
-1.17083119719
-1.17071689759
-1.17060350861
-1.17049021884
-1.17037619996
-1.17026060726
-1.17014258023
-1.17002124317
-1.16989570578
-1.16976506377
-1.16962839954
-1.16948478277
-1.16933327111
-1.16917291086
-1.16900273767
-1.1688217772
-1.16862904586
-1.16842355155
-1.16820429437
-1.16797026737
-1.16772045732
-1.16745384548
-1.16716940837
-1.16686611855
-1.16654294545
-1.16619885614
-1.16583281617
-1.16544379039
-1.16503074376
-1.16459264221
-1.16412845348
-1.16363714797
-1.16311769958
-1.16256908659
-1.16199029254
-1.16138030705
-1.16073812674
-1.1600627561
-1.15935320835
-1.15860850634
-1.15782768343
-1.15700978434
-1.15615386612
-1.15525899894
-1.15432426703
-1.15334876954
-1.15233162144
-1.15127195438
-1.15016891756
-1.14902167864
-1.14782942456
-1.14659136244
-1.14530672039
-1.14397474843
-1.14259471927
-1.14116592918
-1.1396876988
-1.13815937397
-1.13658032654
-1.13494995519
-1.13326768615
-1.13153297406
-1.12974530269
-1.12790418569
-1.12600916736
-1.12405982335
-1.12205576135
-1.11999662186
-1.11788207876
-1.11571184008
-1.11348564857
-1.11120328235
-1.10886455552
-1.10646931874
-1.10401745981
-1.10150890419
-1.09894361558
-1.09632159634
-1.09364288805
-1.09090757192
-1.08811576924
-1.08526764179
-1.0823633922
-1.07940326435
-1.07638754366
-1.07331655743
-1.07019067509
-1.06701030846
-1.06377591197
-1.06048798287
-1.05714706134
-1.0537537307
-1.05030861744
-1.04681239135
-1.04326576551
-1.03966949634
-1.03602438357
-1.03233127015
-1.02859104221
-1.02480462891
-1.0209730023
-1.01709717714
-1.01317821064
-1.00921720227
-1.0052152934
-1.00117366704
-0.997093547451
-0.992976199743
-0.988822929479
-0.984635082194
-0.980414042909
-0.976161235592
-0.971878122602
-0.967566204084
-0.963227017339
-0.958862136152
-0.954473170093
-0.950061763781
-0.945629596109
-0.941178379447
-0.936709858799
-0.932225810937
-0.927728043496
-0.923218394039
-0.918698729091
-0.91417094314
-0.909636957607
-0.905098719786
-0.900558201756
-0.896017399257
-0.891478330547
-0.886943035219
-0.882413573001
-0.877892022526
-0.873380480068
-0.868881058266
-0.86439588481
-0.859927101115
-0.855476860961
-0.851047329118
-0.846640679948
-0.842259095984
-0.837904766494
-0.833579886018
-0.8292866529
-0.825027267793
-0.820803932148
-0.816618846701
-0.81247420993
-0.808372216508
-0.804315055749
-0.800304910035
-0.796343953237
-0.792434349133
-0.788578249812
-0.784777794078
-0.781035105847
-0.777352292541
-0.773731443486
-0.770174628297
-0.766683895279
-0.763261269818
-0.759908752783
-0.756628318929
-0.753421915305
-0.750291459674
-0.747238838936
-0.744265907568
-0.741374486065
-0.738566359405
-0.735843275519
-0.733206943781
-0.730659033513
-0.728201172508
-0.725834945572
-0.723561893086
-0.72138350959
-0.719301242393
-0.7173164902
-0.715430601772
-0.713644874608
-0.711960553657
-0.710378830059
-0.708900839918
-0.7075276631
-0.70626032207
-0.705099780765
-0.704046943493
-0.703102653874
-0.702267693819
-0.701542782544
-0.700928575625
-0.700425664091
-0.700034573558
-0.699755763414
-0.699589626029
-0.699536486027
-0.699596599592
-0.69977015382
-0.700057266122
-0.700457983673
-0.7009722829
-0.701600069032
-0.702341175687
-0.703195364517
-0.704162324894
-0.705241673658
-0.706432954905
-0.707735639834
-0.709149126639
-0.710672740461
-0.712305733384
-0.714047284494
-0.715896499976
-0.717852413282
-0.719913985336
-0.722080104801
-0.724349588398
-0.726721181279
-0.729193557448
-0.731765320242
-0.73443500286
-0.737201068947
-0.740061913232
-0.743015862211
-0.746061174895
-0.749196043595
-0.752418594769
-0.755726889912
-0.759118926504
-0.762592639003
-0.766145899883
-0.769776520732
-0.773482253384
-0.77726079111
-0.781109769848
-0.785026769483
-0.789009315166
-0.793054878683
-0.797160879863
-0.801324688033
-0.805543623503
-0.809814959107
-0.814135921767
-0.818503694109
-0.822915416102
-0.827368186745
-0.83185906578
-0.836385075443
-0.840943202246
-0.845530398784
-0.850143585583
-0.854779652965
-0.859435462947
-0.864107851158
-0.868793628791
-0.873489584567
-0.878192486724
-0.88289908503
-0.887606112805
-0.892310288968
-0.897008320097
-0.901696902502
-0.906372724305
-0.911032467545
-0.915672810274
-0.920290428677
-0.924881999187
-0.929444200606
-0.933973716236
-0.938467236005
-0.942921458591
-0.947333093551
-0.95169886344
-0.956015505931
-0.960279775923
-0.964488447644
-0.968638316745
-0.97272620238
-0.976748949275
-0.980703429784
-0.984586545925
-0.988395231405
-0.992126453621
-0.995777215643
-0.999344558177
-1.0028255615
-1.00621734737
-1.00951708092
-1.01272197253
-1.01582927962
-1.01883630851
-1.02174041612
-1.02453901177
-1.02722955885
-1.02980957652
-1.03227664129
-1.03462838867
-1.0368625147
-1.03897677747
-1.0409689986
-1.04283706468
-1.04457892867
-1.04619261121
-1.04767620197
-1.0490278609
-1.05024581941
-1.05132838159
-1.05227392528
-1.05308090315
-1.05374784375
-1.05427335243
-1.05465611232
-1.05489488514
-1.05498851204
-1.05493591437
-1.0547360944
-1.05438813593
-1.05389120497
-1.0532445502
-1.05244750356
-1.05149948061
-1.05039998099
-1.04914858867
-1.04774497232
-1.04618888546
-1.04448016664
-1.0426187396
-1.04060461326
-1.03843788178
-1.03611872444
-1.03364740562
-1.03102427456
-1.02824976518
-1.02532439581
-1.02224876883
-1.01902357037
-1.01564956977
-1.01212761921
-1.00845865307
-1.00464368744
-1.0006838194
-0.99658022637
-0.992334165379
-0.987946972255
-0.983420060796
-0.97875492189
-0.973953122578
-0.969016305077
-0.963946185755
-0.958744554067
-0.953413271435
-0.947954270097
-0.94236955191
-0.936661187107
-0.93083131302
-0.924882132762
-0.918815913867
-0.9126349869
-0.906341744024
-0.899938637533
-0.893428178358
-0.886812934529
-0.880095529614
-0.87327864112
-0.866364998877
-0.859357383375
-0.852258624093
-0.845071597788
-0.837799226768
-0.830444477133
-0.823010357007
-0.815499914733
-0.807916237061
-0.800262447313
-0.792541703525
-0.784757196587
-0.776912148352
-0.769009809745
-0.761053458852
-0.753046399
-0.744991956831
-0.736893480361
-0.72875433704
-0.720577911799
-0.712367605097
-0.704126830963
-0.695859015038
-0.687567592614
-0.679256006675
-0.670927705941
-0.662586142911
-0.654234771916
-0.645877047173
-0.637516420849
-0.629156341128
-0.620800250297
-0.61245158283
-0.604113763492
-0.595790205453
-0.587484308418
-0.579199456764
-0.570939017707
-0.562706339471
-0.554504749486
-0.546337552599
-0.538208029309
-0.530119434021
-0.522074993324
-0.514077904289
-0.506131332796
-0.498238411878
-0.490402240104
-0.482625879974
-0.474912356354
-0.467264654929
-0.459685720695
-0.452178456477
-0.444745721472
-0.437390329836
-0.430115049293
-0.422922599782
-0.415815652135
-0.408796826792
-0.401868692551
-0.395033765349
-0.388294507086
-0.381653324479
-0.375112567958
-0.368674530599
-0.362341447093
-0.356115492753
-0.349998782565
-0.343993370271
-0.3381012475
-0.332324342933
-0.326664521506
-0.321123583666
-0.31570326465
-0.310405233822
-0.305231094039
-0.300182381066
-0.295260563027
-0.290467039903
-0.285803143066
-0.28127013486
-0.276869208221
-0.272601486339
-0.268468022363
-0.264469799144
-0.260607729028
-0.25688265368
-0.253295343958
-0.249846499823
-0.246536750293
-0.243366653436
-0.240336696407
-0.23744729552
-0.234698796367
-0.232091473971
-0.22962553298
-0.227301107905
-0.225118263388
-0.22307699452
-0.221177227184
-0.219418818446
-0.217801556982
-0.216325163534
-0.214989291411
-0.213793527025
-0.212737390453
-0.211820336049
-0.211041753073
-0.210400966372
-0.209897237075
-0.209529763338
-0.209297681104
-0.209200064912
-0.20923592872
-0.209404226767
-0.209703854463
-0.210133649306
-0.210692391825
-0.211378806554
-0.212191563031
-0.213129276817
-0.214190510549
-0.215373775009
-0.216677530221
-0.218100186567
-0.219640105925
-0.221295602831
-0.223064945656
-0.224946357807
-0.226938018938
-0.229038066191
-0.231244595439
-0.233555662556
-0.235969284696
-0.238483441587
-0.241096076839
-0.243805099261
-0.246608384195
-0.249503774851
-0.252489083663
-0.255562093644
-0.258720559753
-0.261962210268
-0.265284748163
-0.268685852495
-0.27216317979
-0.275714365433
-0.279337025063
-0.283028755965
-0.286787138469
-0.290609737341
-0.294494103182
-0.298437773811
-0.302438275663
-0.306493125169
-0.310599830136
-0.314755891125
-0.318958802817
-0.323206055376
-0.327495135802
-0.331823529278
-0.336188720503
-0.340588195019
-0.345019440527
-0.349479948185
-0.353967213903
-0.358478739618
-0.363012034557
-0.367564616486
-0.372134012943
-0.376717762454
-0.381313415736
-0.385918536878
-0.390530704506
-0.395147512932
-0.399766573281
-0.404385514597
-0.409001984932
-0.413613652414
-0.418218206289
-0.422813357951
-0.427396841937
-0.431966416908
-0.436519866605
-0.44105500078
-0.445569656106
-0.450061697055
-0.45452901676
-0.458969537849
-0.46338121325
-0.467762026974
-0.47210999487
-0.476423165355
-0.480699620118
-0.484937474792
-0.489134879606
-0.493290020005
-0.497401117245
-0.501466428959
-0.505484249696
-0.509452911432
-0.513370784053
-0.517236275812
-0.521047833755
-0.524803944119
-0.528503132708
-0.532143965234
-0.535725047633
-0.539245026354
-0.542702588618
-0.546096462654
-0.549425417902
-0.552688265191
-0.555883856895
-0.55901108705
-0.562068891458
-0.565056247756
-0.567972175461
-0.570815735989
-0.573586032649
-0.576282210614
-0.57890345686
-0.581449000087
-0.583918110614
-0.586310100249
-0.588624322136
-0.590860170581
-0.593017080849
-0.595094528948
-0.597092031384
-0.599009144897
-0.600845466179
-0.602600631565
-0.604274316711
-0.60586623625
-0.607376143426
-0.608803829718
-0.610149124438
-0.611411894314
-0.612592043061
-0.61368951093
-0.614704274245
-0.615636344926
-0.616485769994
-0.617252631064
-0.617937043829
-0.618539157525
-0.61905915439
-0.619497249108
-0.619853688244
-0.620128749669
-0.620322741976
-0.620436003888
-0.620468903656
-0.62042183845
-0.620295233747
-0.620089542708
-0.619805245549
-0.619442848917
-0.619002885247
-0.618485912125
-0.617892511648
-0.617223289779
-0.616478875697
-0.615659921154
-0.614767099822
-0.613801106652
-0.612762657219
-0.611652487077
-0.610471351119
-0.609220022927
-0.60789929414
-0.606509973808
-0.605052887767
-0.603528878008
-0.60193880205
-0.600283532325
-0.598563955564
-0.59678097219
-0.594935495718
-0.593028452161
-0.591060779446
-0.589033426835
-0.586947354354
-0.584803532236
-0.582602940364
-0.580346567731
-0.578035411906
-0.575670478511
-0.573252780707
-0.570783338691
-0.568263179206
-0.565693335055
-0.563074844637
-0.560408751483
-0.557696103812
-0.554937954095
-0.552135358628
-0.549289377127
-0.546401072319
-0.543471509564
-0.540501756473
-0.537492882549
-0.534445958832
-0.531362057566
-0.528242251869
-0.525087615421
-0.521899222163
-0.518678146009
-0.515425460566
-0.512142238874
-0.508829553149
-0.505488474547
-0.502120072932
-0.498725416661
-0.495305572378
-0.49186160482
-0.488394576634
-0.484905548205
-0.481395577498
-0.477865719902
-0.474317028096
-0.470750551913
-0.467167338227
-0.463568430834
-0.459954870358
-0.456327694154
-0.452687936228
-0.449036627157
-0.445374794026
-0.441703460366
-0.438023646102
-0.434336367509
-0.430642637171
-0.426943463954
-0.42323985297
-0.419532805567
-0.415823319306
-0.412112387954
-0.408401001474
-0.404690146026
-0.400980803966
-0.397273953854
-0.393570570454
-0.389871624751
-0.386178083961
-0.382490911539
-0.378811067203
-0.375139506941
-0.371477183031
-0.367825044057
-0.364184034923
-0.360555096869
-0.356939167486
-0.353337180724
-0.34975006691
-0.346178752749
-0.342624161334
-0.339087212147
-0.335568821061
-0.332069900334
-0.328591358599
-0.325134100859
-0.321699028463
-0.318287039087
-0.314899026711
-0.311535881581
-0.308198490173
-0.304887735153
-0.301604495322
-0.298349645564
-0.295124056779
-0.291928595814
-0.28876412539
-0.285631504012
-0.282531585882
-0.279465220795
-0.276433254036
-0.273436526265
-0.27047587339
-0.267552126442
-0.26466611143
-0.261818649197
-0.259010555266
-0.25624263967
-0.253515706785
-0.250830555148
-0.248187977265
-0.245588759418
-0.243033681456
-0.240523516581
-0.238059031126
-0.235640984327
-0.233270128079
-0.230947206695
-0.228672956649
-0.226448106313
-0.224273375691
-0.222149476139
-0.220077110081
-0.218056970722
-0.216089741745
-0.21417609701
-0.212316700243
-0.210512204718
-0.208763252936
-0.207070476299
-0.205434494771
-0.203855916546
-0.202335337703
-0.200873341861
-0.199470499822
-0.198127369226
-0.196844494186
-0.195622404931
-0.194461617442
-0.193362633087
-0.192325938253
-0.191352003982
-0.190441285596
-0.189594222334
-0.188811236975
-0.188092735476
-0.1874391066
-0.186850721547
-0.186327933592
-0.18587107772
-0.185480470266
-0.185156408554
-0.184899170547
-0.184709014493
-0.184586178583
-0.184530880604
-0.184543317608
-0.18462366558
-0.184772079113
-0.184988691094
-0.18527361239
-0.185626931547
-0.186048714499
-0.186539004274
-0.187097820726
-0.187725160261
-0.188420995581
-0.189185275438
-0.190017924393
-0.190918842595
-0.191887905563
-0.192924963983
-0.194029843522
-0.195202344643
-0.196442242449
-0.197749286523
-0.199123200797
-0.200563683424
-0.202070406672
-0.203643016828
-0.205281134117
-0.206984352641
-0.208752240328
-0.210584338902
-0.212480163862
-0.214439204487
-0.216460923849
-0.218544758847
-0.220690120258
-0.222896392804
-0.225162935236
-0.227489080438
-0.229874135547
-0.232317382089
-0.234818076134
-0.237375448476
-0.239988704817
-0.24265702598
-0.245379568138
-0.248155463061
-0.250983818375
-0.253863717853
-0.256794221706
-0.259774366912
-0.262803167544
-0.26587961513
-0.269002679026
-0.272171306802
-0.275384424654
-0.27864093783
-0.281939731069
-0.285279669064
-0.288659596939
-0.292078340741
-0.29553470795
-0.299027488008
-0.302555452857
-0.306117357502
-0.309711940578
-0.313337924945
-0.316994018287
-0.320678913728
-0.324391290469
-0.328129814427
-0.331893138899
-0.335679905227
-0.339488743488
-0.343318273185
-0.347167103955
-0.351033836289
-0.35491706226
-0.358815366261
-0.362727325754
-0.36665151203
-0.370586490972
-0.374530823831
-0.378483068009
-0.382441777847
-0.386405505421
-0.39037280134
-0.394342215561
-0.39831229819
-0.402281600307
-0.406248674777
-0.410212077079
-0.414170366125
-0.41812210509
-0.422065862236
-0.426000211744
-0.429923734536
-0.433835019106
-0.437732662344
-0.441615270361
-0.445481459306
-0.449329856187
-0.453159099682
-0.456967840953
-0.460754744441
-0.464518488672
-0.468257767044
-0.471971288614
-0.475657778871
-0.47931598051
-0.482944654185
-0.486542579263
-0.490108554562
-0.493641399081
-0.497139952713
-0.500603076959
-0.504029655612
-0.507418595442
-0.510768826859
-0.514079304569
-0.517349008205
-0.520576942955
-0.523762140161
-0.526903657914
-0.530000581625
-0.533052024576
-0.536057128463
-0.539015063912
-0.541925030976
-0.544786259622
-0.547598010185
-0.550359573816
-0.553070272895
-0.555729461434
-0.558336525458
-0.560890883355
-0.563391986213
-0.565839318136
-0.568232396527
-0.570570772357
-0.572854030412
-0.575081789508
-0.577253702686
-0.57936945739
-0.581428775612
-0.583431414012
-0.585377164026
-0.58726585193
-0.589097338898
-0.590871521023
-0.592588329319
-0.594247729693
-0.595849722897
-0.597394344452
-0.598881664548
-0.600311787916
-0.601684853679
-0.603001035176
-0.604260539762
-0.605463608579
-0.606610516305
