-0.592914022321
-0.592946885859
-0.593012554826
-0.593110942552
-0.593241934291
-0.593405387829
-0.593601134214
-0.593828978597
-0.594088701187
-0.594380058313
-0.594702783593
-0.595056589192
-0.595441167178
-0.595856190948
-0.596301316731
-0.596776185147
-0.597280422809
-0.597813643956
-0.598375452106
-0.598965441705
-0.599583199761
-0.600228307441
-0.600900341616
-0.601598876342
-0.602323484243
-0.603073737792
-0.603849210475
-0.604649477812
-0.605474118221
-0.60632271373
-0.607194850499
-0.608090119167
-0.609008115
-0.609948437845
-0.610910691888
-0.611894485212
-0.612899429163
-0.613925137525
-0.61497122552
-0.616037308639
-0.617123001316
-0.618227915471
-0.619351658923
-0.620493833714
-0.621654034343
-0.622831845944
-0.624026842438
-0.625238584662
-0.626466618513
-0.627710473127
-0.628969659117
-0.630243666877
-0.631531964996
-0.632833998773
-0.634149188868
-0.635476930099
-0.636816590383
-0.638167509847
-0.639529000104
-0.6409003437
-0.642280793733
-0.643669573641
-0.645065877149
-0.646468868383
-0.647877682122
-0.64929142419
-0.650709171974
-0.652129975045
-0.653552855884
-0.654976810672
-0.656400810158
-0.657823800567
-0.659244704539
-0.660662422092
-0.662075831581
-0.663483790667
-0.664885137249
-0.666278690389
-0.6676632512
-0.669037603706
-0.670400515662
-0.671750739347
-0.673087012335
-0.67440805823
-0.6757125874
-0.676999297708
-0.678266875242
-0.679513995082
-0.680739322094
-0.681941511781
-0.683119211201
-0.684271059973
-0.685395691379
-0.68649173358
-0.687557810959
-0.688592545607
-0.689594558949
-0.690562473533
-0.69149491497
-0.692390514047
-0.693247908983
-0.694065747857
-0.69484269117
-0.695577414548
-0.69626861156
-0.696914996645
-0.697515308114
-0.698068311209
-0.698572801195
-0.699027606451
-0.699431591531
-0.699783660167
-0.700082758169
-0.700327876204
-0.700518052414
-0.70065237483
-0.700729983565
-0.700750072753
-0.700711892192
-0.700614748686
-0.700458007048
-0.700241090744
-0.699963482182
-0.699624722606
-0.699224411611
-0.698762206264
-0.698237819837
-0.697651020162
-0.697001627606
-0.696289512705
-0.695514593447
-0.69467683226
-0.693776232706
-0.69281283593
-0.691786716892
-0.690697980416
-0.689546757109
-0.688333199171
-0.687057476152
-0.685719770704
-0.684320274347
-0.682859183323
-0.681336694548
-0.679753001726
-0.67810829165
-0.67640274072
-0.674636511729
-0.67280975092
-0.670922585362
-0.668975120646
-0.666967438932
-0.664899597353
-0.662771626781
-0.660583530963
-0.658335286028
-0.656026840347
-0.653658114757
-0.651229003115
-0.64873937318
-0.646189067802
-0.643577906378
-0.640905686575
-0.638172186277
-0.635377165726
-0.632520369835
-0.629601530635
-0.626620369828
-0.62357660141
-0.620469934344
-0.617300075234
-0.61406673099
-0.610769611449
-0.607408431916
-0.603982915629
-0.600492796088
-0.596937819272
-0.593317745693
-0.589632352292
-0.585881434162
-0.582064806091
-0.578182303917
-0.574233785699
-0.570219132693
-0.566138250149
-0.561991067921
-0.55777754091
-0.553497649329
-0.549151398823
-0.544738820438
-0.540259970458
-0.535714930124
-0.531103805244
-0.526426725719
-0.521683844983
-0.516875339386
-0.512001407528
-0.507062269559
-0.502058166456
-0.496989359294
-0.491856128524
-0.486658773253
-0.481397610568
-0.476072974879
-0.470685217314
-0.465234705159
-0.459721821357
-0.45414696407
-0.448510546306
-0.442812995617
-0.437054753867
-0.431236277081
-0.425358035362
-0.419420512891
-0.413424208003
-0.407369633327
-0.401257316016
-0.395087798038
-0.388861636533
-0.382579404247
-0.376241690015
-0.369849099307
-0.363402254826
-0.356901797155
-0.350348385436
-0.343742698091
-0.33708543357
-0.330377311114
-0.323619071532
-0.316811477976
-0.309955316718
-0.303051397901
-0.296100556267
-0.289103651847
-0.282061570599
-0.274975224992
-0.267845554511
-0.260673526082
-0.253460134401
-0.246206402157
-0.238913380135
-0.231582147191
-0.22421381009
-0.21680950319
-0.209370387975
-0.201897652421
-0.194392510188
-0.186856199643
-0.179289982696
-0.171695143463
-0.164072986741
-0.15642483631
-0.148752033059
-0.141055932936
-0.133337904749
-0.125599327804
-0.11784158941
-0.110066082258
-0.102274201683
-0.0944673428399
-0.0866468978013
-0.0788142526006
-0.0709707842419
-0.0631178576979
-0.0552568229186
-0.047389011875
-0.0395157356584
-0.0316382816614
-0.0237579108608
-0.0158758552242
-0.00799331526261
-0.000111457746764
0.00776858639508
0.0156457239812
0.0235189012692
0.0313871054265
0.0392493657686
0.0471047547592
0.0549523887694
0.0627914285934
0.0706210797236
0.0784405923893
0.0862492613674
0.0940464255725
0.101831467441
0.109603812125
0.117362926503
0.125108318047
0.132839533538
0.140556157673
0.14825781158
0.155944151253
0.163614865949
0.171269676552
0.178908333934
0.186530617341
0.194136332805
0.20172531163
0.209297408937
0.216852502309
0.224390490535
0.231911292469
0.239414846015
0.24690110723
0.254370049571
0.261821663259
0.269255954785
0.27667294653
0.284072676504
0.291455198193
0.298820580498
0.306168907751
0.313500279806
0.320814812165
0.328112636144
0.335393899043
0.342658764312
0.349907411689
0.357140037296
0.364356853662
0.371558089676
0.378743990439
0.385914817005
0.393070846002
0.400212369119
0.407339692453
0.414453135714
0.421553031277
0.428639723093
0.435713565448
0.442774921592
0.449824162228
0.456861663889
0.463887807203
0.470902975072
0.477907550774
0.484901916012
0.491886448927
0.498861522107
0.505827500599
0.512784739959
0.519733584363
0.52667436479
0.533607397323
0.54053298156
0.547451399181
0.554362912678
0.561267764264
0.568166174981
0.575058344018
0.581944448245
0.588824641977
0.595699056968
0.60256780264
0.609430966539
0.616288615025
0.623140794176
0.629987530909
0.636828834297
0.643664697069
0.650495097279
0.657320000122
0.664139359879
0.670953121965
0.67776122506
0.684563603301
0.691360188504
0.698150912398
0.704935708839
0.711714515993
0.718487278449
0.725253949247
0.732014491811
0.738768881744
0.745517108492
0.752259176844
0.758995108265
0.765724942051
0.772448736284
0.779166568605
0.785878536778
0.792584759054
0.79928537434
0.805980542167
0.81267044247
0.819355275179
0.82603525964
0.832710633873
0.83938165367
0.846048591565
0.852711735669
0.859371388406
0.866027865143
0.872681492755
0.879332608114
0.88598155654
0.892628690215
0.899274366578
0.905918946723
0.912562793794
0.91920627141
0.925849742114
0.932493565863
0.939138098571
0.945783690697
0.952430685899
0.959079419753
0.965730218533
0.972383398064
0.979039262643
0.985698104028
0.992360200497
0.999025815968
1.00569519919
1.01236858298
1.01904618354
1.0257281998
1.03241481284
1.03910618534
1.04580246106
1.05250376441
1.0592102
1.06592185228
1.07263878517
1.07936104174
1.08608864398
1.09282159249
1.09955986631
1.10630342274
1.11305219724
1.11980610329
1.12656503245
1.13332885426
1.14009741642
1.14687054487
1.15364804399
1.16042969688
1.16721526569
1.17400449205
1.18079709753
1.18759278424
1.19439123548
1.20119211646
1.20799507515
1.21479974316
1.22160573672
1.22841265775
1.235220095
1.24202762521
1.24883481441
1.25564121921
1.26244638816
1.26924986314
1.27605118078
1.28284987388
1.28964547286
1.29643750717
1.30322550672
1.31000900322
1.31678753151
1.32356063084
1.33032784609
1.3370887288
1.34384283829
1.35058974254
1.35732901895
1.36406025513
1.37078304937
1.37749701109
1.38420176116
1.39089693201
1.39758216763
1.40425712347
1.41092146613
1.41757487292
1.42421703135
1.4308476384
1.43746639973
1.44407302874
1.45066724557
1.45724877591
1.46381734985
1.47037270058
1.47691456303
1.48344267246
1.48995676311
1.49645656668
1.50294181094
1.50941221825
1.5158675042
1.52230737617
1.52873153205
1.53513965897
1.54153143207
1.54790651345
1.55426455109
1.56060517798
1.56692801132
1.57323265178
1.57951868297
1.58578567101
1.59203316417
1.59826069271
1.60446776883
1.61065388671
1.61681852273
1.62296113581
1.62908116779
1.63517804407
1.6412511742
1.64729995269
1.6533237599
1.65932196293
1.66529391671
1.67123896511
1.67715644207
1.6830456729
1.68890597549
1.69473666166
1.70053703853
1.70630640983
1.71204407735
1.71774934229
1.72342150665
1.72905987465
1.73466375403
1.7402324575
1.74576530397
1.75126161991
1.75672074056
1.76214201124
1.76752478844
1.77286844106
1.77817235142
1.7834359164
1.78865854843
1.79383967643
1.79897874676
1.8040752241
1.80912859227
1.81413835503
1.81910403686
1.82402518361
1.82890136325
1.83373216646
1.83851720728
1.84325612369
1.84794857812
1.85259425808
1.85719287659
1.86174417273
1.86624791211
1.87070388734
1.87511191854
1.87947185375
1.88378356942
1.88804697089
1.89226199282
1.89642859969
1.90054678625
1.90461657807
1.90863803197
1.91261123656
1.9165363128
1.92041341448
1.92424272885
1.92802447712
1.93175891511
1.93544633382
1.93908706007
1.94268145713
1.94622992535
1.94973290283
1.95319086609
1.95660433073
1.95997385212
1.96330002602
1.96658348931
1.96982492061
1.97302504092
1.97618461426
1.97930444824
1.98238539468
1.98542835006
1.98843425608
1.99140410009
1.99433891544
1.99723978185
2.00010782562
2.00294421988
2.00575018464
2.00852698684
2.01127594026
2.0139984054
2.01669578916
2.01936954448
2.02202116989
2.02465220891
2.02726424932
2.02985892235
2.03243790178
2.03500290282
2.037555681
2.04009803089
2.04263178466
2.04515881062
2.04768101164
2.05020032341
2.0527187127
2.05523817547
2.05776073498
2.06028843975
2.06282336154
2.06536759326
2.06792324684
2.07049245114
2.07307734977
2.07568009902
2.07830286571
2.08094782515
2.08361715917
2.08631305409
2.08903769897
2.09179328374
2.0945819976
2.09740602742
2.10026755638
2.10316876265
2.10611181828
2.10909888819
2.11213212944
2.11521369052
2.11834571095
2.12153032095
2.12476964141
2.12806578392
2.13142085107
2.13483693688
2.13831612745
2.14186050172
2.14547213244
2.14915308727
2.15290543001
2.15673122198
2.16063252351
2.16461139552
2.16866990117
2.17281010762
2.17703408779
2.18134392219
2.18574170071
2.19022952443
2.19480950742
2.19948377841
2.20425448243
2.20912378239
2.21409386046
2.21916691937
2.22434518349
2.22963089981
2.23502633864
2.24053379417
2.24615558468
2.25189405262
2.25775156438
2.26373050973
2.26983330107
2.27606237226
2.28242017728
2.28890918844
2.2955318944
2.30229079774
2.30918841233
2.31622726031
2.32340986878
2.33073876616
2.33821647828
2.34584552417
2.35362841153
2.36156763199
2.36966565608
2.37792492797
2.38634786
2.39493682698
2.40369416037
2.41262214222
2.42172299904
2.43099889551
2.44045192816
2.4500841189
2.45989740857
2.46989365046
2.48007460382
2.49044192746
2.50099717329
2.5117417801
2.52267706729
2.53380422885
2.54512432741
2.55663828852
2.56834689506
2.58025078192
2.59235043085
2.60464616562
2.6171381474
2.6298263704
2.64271065783
2.65579065813
2.66906584151
2.68253549683
2.69619872875
2.71005445522
2.72410140533
2.7383381174
2.75276293752
2.76737401827
2.78216931785
2.79714659952
2.81230343133
2.82763718611
2.84314504183
2.8588239822
2.87467079753
2.89068208588
2.90685425446
2.92318352124
2.93966591679
2.9562972864
2.97307329226
2.98998941599
3.00704096117
3.02422305622
3.04153065722
3.05895855105
3.07650135849
3.09415353757
3.11190938689
3.1297630491
3.14770851444
3.16573962434
3.18385007505
3.20203342136
3.22028308032
3.23859233502
3.25695433838
3.27536211695
3.29380857476
3.31228649714
3.33078855458
3.34930730658
3.36783520549
3.38636460042
3.40488774103
3.42339678149
3.44188378424
3.46034072398
3.47875949145
3.49713189737
3.51544967634
3.5337044907
3.5518879345
3.5699915374
3.58800676865
3.60592504103
3.62373771487
3.64143610205
3.65901147005
3.67645504602
3.69375802088
3.71091155342
3.7279067745
3.74473479121
3.76138669108
3.77785354635
3.79412641822
3.81019636118
3.8260544273
3.84169167065
3.8570991516
3.87226794128
3.88718912596
3.90185381151
3.91625312782
3.93037823325
3.94422031914
3.95777061418
3.97102038897
3.9839609604
3.99658369614
4.00888001905
4.02084141163
4.0324594204
4.0437256603
4.05463181902
4.06516966139
4.07533103362
4.08510786763
4.09449218522
4.10347610238
4.11205183335
4.12021169482
4.12794811003
4.13525361278
4.14212085148
4.14854259314
4.15451172726
4.1600212698
4.16506436701
4.16963429923
4.17372448474
4.17732848347
4.18044000072
4.18305289088
4.18516116107
4.18675897472
4.18784065522
4.18840068945
4.18843373128
4.18793460514
4.18689830941
4.1853200199
4.18319509324
4.18051907026
4.17728767932
4.17349683963
4.16914266449
4.16422146456
4.158729751
4.15266423865
4.1460218491
4.13879971373
4.13099517672
4.12260579795
4.11362935586
4.10406385025
4.09390750498
4.08315877059
4.07181632687
4.05987908529
4.04734619133
4.03421702675
4.0204912117
4.00616860672
3.99124931465
3.97573368231
3.9596223022
3.94291601388
3.92561590533
3.90772331406
3.88923982812
3.87016728692
3.85050778185
3.83026365675
3.80943750819
3.78803218553
3.76605079083
3.74349667855
3.72037345499
3.69668497765
3.67243535425
3.64762894163
3.62227034439
3.59636441336
3.56991624383
3.54293117355
3.51541478058
3.48737288084
3.45881152554
3.42973699831
3.40015581221
3.37007470644
3.33950064292
3.30844080262
3.27690258173
3.24489358758
3.2124216344
3.1794947389
3.14612111563
3.11230917219
3.07806750421
3.04340489022
3.0083302863
2.9728528206
2.93698178765
2.90072664258
2.86409699514
2.82710260357
2.78975336838
2.75205932595
2.71403064201
2.67567760501
2.63701061938
2.59804019862
2.55877695839
2.51923160943
2.47941495036
2.43933786051
2.39901129257
2.35844626519
2.31765385558
2.27664519201
2.23543144625
2.19402382598
2.15243356725
2.11067192682
2.06875017453
2.02667958569
1.98447143346
1.94213698127
1.89968747521
1.85713413657
1.81448815435
1.77176067781
1.72896280921
1.6861055965
1.64320002621
1.60025701638
1.55728740963
1.51430196638
1.4713113582
1.42832616124
1.38535684998
1.34241379098
1.29950723692
1.25664732081
1.21384405039
1.17110730273
1.12844681911
1.08587220005
1.04339290062
1.00101822601
0.958757327338
0.916619197668
0.874612668374
0.832746405714
0.791028907689
0.749468501188
0.708073339395
0.666851399483
0.625810480587
0.584958202051
0.544302001959
0.503849135939
0.463606676238
0.423581511072
0.383780344234
0.34420969497
0.304875898103
0.265785104403
0.2269432812
0.188356213225
0.150029503672
0.111968575475
0.0741786727838
0.0366648626298
-0.000567963224386
-0.0375150862717
-0.0741719590901
-0.110534203028
-0.146597605761
-0.182358118728
-0.217811854465
-0.252955083843
-0.287784233233
-0.322295881597
-0.356486757535
-0.390353736281
-0.423893836675
-0.457104218123
-0.489982177545
-0.522525146331
-0.554730687314
-0.586596491774
-0.618120376475
-0.649300280744
-0.680134263615
-0.710620501026
-0.74075728309
-0.770543011436
-0.799976196642
-0.829055455742
-0.857779509835
-0.886147181777
-0.914157393984
-0.941809166318
-0.96910161409
-0.996033946148
-1.02260546308
-1.04881555552
-1.07466370252
-1.10014947007
-1.12527250968
-1.15003255707
-1.17442943091
-1.19846303173
-1.22213334079
-1.24544041916
-1.26838440674
-1.29096552144
-1.31318405839
-1.3350403892
-1.35653496125
-1.37766829705
-1.39844099362
-1.41885372193
-1.43890722631
-1.45860232392
-1.4779399042
-1.49692092838
-1.51554642889
-1.53381750889
-1.55173534165
-1.56930117008
-1.58651630604
-1.60338212981
-1.61990008941
-1.63607169992
-1.65189854277
-1.66738226501
-1.68252457846
-1.69732725891
-1.7117921452
-1.72592113827
-1.73971620019
-1.75317935309
-1.76631267805
-1.77911831397
-1.79159845633
-1.80375535597
-1.81559131775
-1.82710869918
-1.83830990902
-1.84919740586
-1.85977369655
-1.87004133469
-1.88000291907
-1.88966109199
-1.89901853768
-1.90807798055
-1.91684218352
-1.92531394626
-1.93349610347
-1.94139152306
-1.94900310444
-1.95633377666
-1.96338649665
-1.97016424745
-1.97667003636
-1.98290689322
-1.9888778686
-1.99458603207
-2.00003447045
-2.0052262861
-2.01016459524
-2.01485252627
-2.01929321817
-2.02348981891
-2.02744548387
-2.03116337434
-2.03464665607
-2.03789849781
-2.04092206996
-2.04372054323
-2.04629708735
-2.04865486987
-2.05079705494
-2.05272680222
-2.05444726579
-2.05596159316
-2.05727292424
-2.05838439051
-2.0592991141
-2.06002020702
-2.06055077038
-2.06089389368
-2.0610526542
-2.06103011632
-2.06082933102
-2.06045333532
-2.05990515183
-2.05918778829
-2.0583042372
-2.05725747545
-2.05605046396
-2.05468614744
-2.0531674541
-2.0514972954
-2.04967856587
-2.04771414289
-2.04560688654
-2.04335963943
-2.04097522659
-2.03845645535
-2.03580611519
-2.03302697769
-2.03012179643
-2.02709330687
-2.0239442263
-2.02067725376
-2.01729506996
-2.0138003372
-2.01019569927
-2.00648378143
-2.00266719026
-1.9987485136
-1.99473032047
-1.99061516094
-1.98640556605
-1.9821040477
-1.9777130985
-1.9732351917
-1.968672781
-1.96402830047
-1.95930416437
-1.95450276702
-1.94962648262
-1.94467766514
-1.93965864811
-1.93457174449
-1.92941924646
-1.92420342531
-1.91892653117
-1.91359079294
-1.90819841803
-1.90275159223
-1.89725247952
-1.89170322188
-1.88610593915
-1.8804627288
-1.87477566582
-1.86904680251
-1.86327816834
-1.85747176976
-1.85162959009
-1.84575358929
-1.83984570388
-1.83390784675
-1.82794190701
-1.82194974989
-1.81593321654
-1.80989412394
-1.80383426476
-1.79775540719
-1.79165929484
-1.78554764661
-1.77942215654
-1.77328449371
-1.76713630205
-1.76097920029
-1.75481478175
-1.74864461426
-1.74247023998
-1.73629317528
-1.73011491059
-1.72393691027
-1.71776061241
-1.71158742871
-1.70541874433
-1.69925591769
-1.69310028029
-1.6869531366
-1.68081576379
-1.67468941164
-1.66857530226
-1.66247462998
-1.65638856109
-1.6503182337
-1.64426475748
-1.63822921353
-1.63221265414
-1.62621610258
-1.62024055296
-1.61428697
-1.60835628882
-1.60244941484
-1.59656722352
-1.59071056026
-1.58488024021
-1.57907704816
-1.57330173837
-1.5675550345
-1.56183762948
-1.55615018547
-1.55049333374
-1.5448676747
-1.53927377784
-1.53371218173
-1.52818339407
-1.52268789176
-1.51722612096
-1.51179849718
-1.50640540548
-1.50104720059
-1.49572420712
-1.4904367198
-1.48518500374
-1.4799692947
-1.47478979945
-1.4696466961
-1.4645401345
-1.45947023664
-1.45443709712
-1.44944078362
-1.44448133741
-1.43955877388
-1.43467308314
-1.42982423054
-1.42501215738
-1.42023678147
-1.41549799786
-1.41079567946
-1.40612967783
-1.40149982383
-1.39690592839
-1.39234778329
-1.38782516189
-1.38333781992
-1.37888549631
-1.37446791393
-1.37008478042
-1.36573578898
-1.36142061924
-1.35713893796
-1.35289039992
-1.34867464871
-1.34449131749
-1.34034002979
-1.33622040033
-1.33213203571
-1.32807453525
-1.32404749166
-1.32005049183
-1.31608311748
-1.31214494589
-1.30823555059
-1.30435450194
-1.30050136787
-1.29667571439
-1.29287710626
-1.2891051075
-1.28535928199
-1.28163919393
-1.27794440838
-1.27427449174
-1.27062901217
-1.26700754001
-1.26340964821
-1.25983491271
-1.25628291274
-1.25275323123
-1.24924545501
-1.24575917521
-1.24229398741
-1.23884949195
-1.2354252941
-1.23202100429
-1.22863623824
-1.22527061713
-1.22192376774
-1.21859532254
-1.21528491978
-1.21199220357
-1.20871682395
-1.20545843688
-1.20221670431
-1.19899129414
-1.19578188022
-1.19258814234
-1.18940976614
-1.18624644309
-1.18309787037
-1.17996375085
-1.17684379289
-1.17373771032
-1.17064522222
-1.16756605285
-1.16449993144
-1.16144659207
-1.15840577343
-1.15537721868
-1.15236067521
-1.14935589446
-1.14636263166
-1.14338064562
-1.14040969845
-1.13744955535
-1.13449998431
-1.13156075585
-1.12863164272
-1.12571241963
-1.12280286294
-1.11990275035
-1.11701186058
-1.11412997308
-1.11125686766
-1.10839232419
-1.10553612227
-1.10268804085
-1.09984785793
-1.09701535019
-1.09419029264
-1.09137245832
-1.08856161787
-1.08575753927
-1.08295998741
-1.08016872384
-1.07738350636
-1.0746040887
-1.07183022025
-1.06906164566
-1.06629810457
-1.06353933131
-1.0607850546
-1.05803499727
-1.05528887599
-1.05254640101
-1.04980727596
-1.04707119754
-1.04433785543
-1.04160693198
-1.03887810215
-1.03615103327
-1.03342538498
-1.03070080906
-1.02797694943
-1.025253442
-1.02252991468
-1.0198059874
-1.01708127204
-1.01435537257
-1.01162788505
-1.00889839775
-1.00616649131
-1.00343173883
-1.0006937061
-0.997951951792
-0.995206027732
-0.99245547913
-0.989699844906
-0.986938658016
-0.984171445808
-0.98139773041
-0.97861702915
-0.975828854994
-0.973032717021
-0.970228120921
-0.967414569518
-0.96459156332
-0.961758601089
-0.958915180445
-0.95606079848
-0.9531949524
-0.950317140185
-0.947426861271
-0.944523617242
-0.941606912548
-0.938676255231
-0.935731157662
-0.932771137299
-0.929795717443
-0.926804428012
-0.923796806317
-0.920772397842
-0.917730757029
-0.914671448065
-0.911594045662
-0.908498135846
-0.905383316729
-0.902249199284
-0.899095408109
-0.895921582177
-0.892727375582
-0.889512458266
-0.88627651673
-0.883019254734
-0.87974039397
-0.876439674721
-0.873116856493
-0.869771718628
-0.866404060887
-0.863013704008
-0.859600490238
-0.856164283832
-0.852704971521
-0.849222462951
-0.845716691085
-0.842187612577
-0.838635208101
-0.835059482652
-0.831460465805
-0.827838211944
-0.82419280044
-0.820524335805
-0.816832947792
-0.813118791472
-0.809382047254
-0.805622920879
-0.801841643366
-0.798038470925
-0.794213684821
-0.790367591211
-0.78650052093
-0.782612829247
-0.778704895579
-0.77477712317
-0.77082993873
-0.766863792044
-0.762879155538
-0.758876523819
-0.754856413178
-0.750819361058
-0.746765925502
-0.742696684554
-0.738612235651
-0.734513194974
-0.730400196778
-0.726273892699
-0.722134951036
-0.71798405601
-0.71382190701
-0.709649217812
-0.705466715785
-0.701275141083
-0.69707524582
-0.692867793234
-0.688653556844
-0.684433319589
-0.680207872971
-0.67597801618
-0.671744555226
-0.667508302059
-0.663270073694
-0.659030691334
-0.654790979492
-0.650551765121
-0.646313876746
-0.642078143604
-0.637845394788
-0.633616458404
-0.629392160738
-0.625173325427
-0.620960772658
-0.616755318366
-0.612557773455
-0.608368943035
-0.604189625676
-0.600020612679
-0.595862687368
-0.591716624407
-0.58758318913
-0.583463136902
-0.579357212496
-0.575266149502
-0.571190669756
-0.567131482794
-0.563089285339
-0.559064760805
-0.555058578838
-0.551071394879
-0.54710384976
-0.543156569322
-0.539230164072
-0.535325228862
-0.531442342598
-0.527582067985
-0.523744951293
-0.519931522164
-0.516142293435
-0.512377761006
-0.508638403726
-0.504924683313
-0.501237044307
-0.497575914042
-0.493941702659
-0.490334803135
-0.486755591349
-0.48320442617
-0.479681649571
-0.476187586773
-0.472722546409
-0.469286820712
-0.465880685735
-0.462504401577
-0.45915821265
-0.455842347949
-0.45255702135
-0.449302431928
-0.446078764286
-0.442886188903
-0.439724862498
-0.436594928405
-0.433496516962
-0.430429745908
-0.427394720796
-0.424391535409
-0.421420272184
