-0.592914022321
-0.592946860954
-0.593012480172
-0.593110793391
-0.593241685981
-0.593405015869
-0.59360061427
-0.593828286523
-0.594087813049
-0.594378950407
-0.594701432464
-0.595054971651
-0.595439260315
-0.595853972143
-0.596298763667
-0.596773275811
-0.5972771355
-0.597809957286
-0.598371344998
-0.598960893392
-0.599578189776
-0.60022281561
-0.600894348048
-0.601592361414
-0.602316428584
-0.603066122268
-0.603841016166
-0.604640685993
-0.60546471034
-0.606312671383
-0.607184155407
-0.608078753152
-0.608996059956
-0.609935675719
-0.610897204652
-0.611880254838
-0.612884437602
-0.613909366685
-0.614954657243
-0.616019924684
-0.617104783343
-0.618208845021
-0.619331717411
-0.620473002411
-0.621632294371
-0.62280917827
-0.624003227866
-0.625214003831
-0.626441051899
-0.627683901043
-0.628942061715
-0.630215024154
-0.6315022568
-0.63280320481
-0.63411728871
-0.635443903192
-0.636782416058
-0.638132167327
-0.639492468514
-0.640862602075
-0.642241821027
-0.643629348731
-0.645024378843
-0.646426075421
-0.64783357318
-0.649245977881
-0.650662366841
-0.652081789563
-0.653503268445
-0.654925799583
-0.656348353624
-0.657769876674
-0.659189291238
-0.660605497175
-0.662017372659
-0.663423775135
-0.664823542261
-0.666215492817
-0.667598427597
-0.668971130261
-0.670332368153
-0.671680893093
-0.673015442135
-0.674334738304
-0.67563749133
-0.676922398361
-0.6781881447
-0.679433404562
-0.680656841861
-0.68185711106
-0.683032858081
-0.684182721303
-0.68530533266
-0.686399318853
-0.687463302684
-0.68849588606
-0.689495706262
-0.690461383798
-0.69139154209
-0.692284809575
-0.693139821969
-0.69395522468
-0.694729675371
-0.695461846658
-0.696150428933
-0.696794133278
-0.697391694475
-0.697941874066
-0.698443463443
-0.698895286942
-0.699296204912
-0.699645116718
-0.699940963654
-0.700182731727
-0.70036945428
-0.700500214424
-0.700574147238
-0.700590441724
-0.700548342461
-0.700447150967
-0.700286226709
-0.700064987777
-0.699782911182
-0.699439532768
-0.699034446751
-0.698567304855
-0.698037815067
-0.697445740007
-0.696790894928
-0.696073145358
-0.695292404413
-0.694448629793
-0.693541820494
-0.692572013272
-0.691539278888
-0.690443718168
-0.689285457931
-0.688064646808
-0.686781451009
-0.68543605007
-0.684028632633
-0.68255939229
-0.681028523542
-0.679436217905
-0.677782660205
-0.676068025094
-0.674292473821
-0.672456151285
-0.670559183394
-0.668601674755
-0.666583706701
-0.664505335684
-0.662366592024
-0.660167479035
-0.657907972508
-0.655588020563
-0.653207543857
-0.65076643612
-0.648264565031
-0.645701773385
-0.643077880545
-0.640392684155
-0.637645962077
-0.634837474526
-0.631966966379
-0.629034169621
-0.626038805894
-0.622980589128
-0.619859228209
-0.616674429669
-0.613425900351
-0.610113350042
-0.60673649403
-0.603295055573
-0.599788768256
-0.596217378214
-0.592580646206
-0.588878349533
-0.585110283779
-0.581276264373
-0.577376127967
-0.573409733623
-0.569376963815
-0.565277725245
-0.561111949469
-0.55687959336
-0.552580639395
-0.548215095785
-0.543782996462
-0.539284400929
-0.534719393989
-0.530088085368
-0.525390609242
-0.520627123686
-0.515797810062
-0.510902872348
-0.505942536439
-0.500917049422
-0.49582667884
-0.490671711954
-0.485452455026
-0.48016923262
-0.474822386937
-0.469412277188
-0.463939279022
-0.458403784006
-0.452806199165
-0.447146946588
-0.441426463108
-0.435645200047
-0.429803623044
-0.423902211948
-0.417941460803
-0.411921877894
-0.405843985878
-0.399708321987
-0.393515438305
-0.387265902112
-0.380960296297
-0.374599219834
-0.368183288316
-0.361713134545
-0.355189409165
-0.348612781351
-0.341983939514
-0.335303592055
-0.32857246813
-0.321791318428
-0.314960915956
-0.308082056817
-0.301155560978
-0.294182273002
-0.287163062752
-0.280098826045
-0.272990485244
-0.265838989783
-0.2586453166
-0.251410470486
-0.244135484319
-0.236821419182
-0.229469364347
-0.22208043713
-0.214655782578
-0.207196573016
-0.199704007413
-0.192179310584
-0.184623732208
-0.177038545666
-0.169425046697
-0.16178455187
-0.154118396869
-0.146427934611
-0.138714533178
-0.130979573593
-0.123224447445
-0.115450554358
-0.107659299345
-0.0998520900439
-0.0920303338504
-0.0841954349862
-0.0763487915022
-0.0684917922486
-0.0606258138325
-0.0527522175852
-0.0448723465631
-0.0369875226051
-0.0290990434714
-0.0212081800847
-0.0133161738969
-0.0054242344021
0.00246646318393
0.0103547800611
0.0182396157817
0.0261199099729
0.0339946438341
0.0418628413982
0.0497235705524
0.0575759438126
0.0654191188519
0.0732522987843
0.0810747322077
0.0888857130149
0.0966845799806
0.104470716139
0.112243547963
0.120002544368
0.127747215555
0.135477111704
0.143191821567
0.150890970943
0.158574221099
0.166241267127
0.173891836277
0.181525686291
0.18914260375
0.196742402456
0.204324921877
0.211890025665
0.219437600262
0.226967553615
0.234479814001
0.241974328978
0.249451064465
0.256910003955
0.264351147858
0.271774512979
0.279180132113
0.28656805377
0.293938341998
0.301291076306
0.308626351664
0.315944278582
0.32324498322
0.330528607546
0.337795309495
0.345045263125
0.352278658752
0.359495703027
0.366696618968
0.373881645892
0.381051039269
0.388205070453
0.395344026298
0.402468208636
0.40957793362
0.416673530918
0.42375534276
0.430823722835
0.437879035051
0.444921652143
0.45195195416
0.458970326833
0.465977159824
0.4729728449
0.479957774024
0.486932337394
0.493896921452
0.500851906878
0.507797666601
0.514734563845
0.521662950226
0.528583163949
0.535495528092
0.54240034903
0.549297915002
0.556188494844
0.563072336912
0.569949668196
0.576820693651
0.58368559575
0.590544534263
0.597397646271
0.604245046418
0.611086827388
0.617923060626
0.624753797265
0.631579069276
0.638398890816
0.645213259754
0.652022159378
0.658825560233
0.6656234221
0.672415696073
0.679202326717
0.685983254288
0.692758416976
0.699527753164
0.706291203662
0.713048713904
0.719800236075
0.726545731154
0.733285170847
0.740018539386
0.746745835193
0.753467072375
0.760182282044
0.766891513457
0.773594834961
0.780292334734
0.786984121323
0.793670323987
0.800351092819
0.807026598686
0.813697032961
0.820362607077
0.827023551896
0.833680116918
0.840332569332
0.846981192931
0.853626286893
0.860268164464
0.866907151533
0.87354358514
0.880177811915
0.886810186471
0.893441069769
0.900070827463
0.906699828247
0.913328442203
0.919957039188
0.926585987234
0.933215651012
0.939846390326
0.946478558687
0.95311250193
0.959748556914
0.966387050283
0.97302829731
0.979672600802
0.986320250092
0.992971520089
0.999626670411
1.00628594458
1.01294956927
1.01961775366
1.02629068877
1.03296854693
1.03965148124
1.04633962514
1.05303309195
1.05973197448
1.06643634475
1.07314625363
1.07986173062
1.08658278358
1.09330939858
1.10004153975
1.10677914915
1.11352214672
1.12027043029
1.12702387555
1.13378233618
1.14054564398
1.14731360909
1.15408602018
1.16086264489
1.16764323013
1.17442750261
1.1812151694
1.18800591851
1.19479941965
1.20159532497
1.20839326999
1.21519287448
1.22199374352
1.22879546859
1.23559762871
1.24239979169
1.24920151537
1.256002349
1.26280183453
1.26959950807
1.27639490127
1.28318754273
1.28997695943
1.29676267816
1.30354422682
1.31032113583
1.31709293939
1.32385917666
1.33061939296
1.3373731408
1.34411998084
1.35085948275
1.35759122592
1.36431480013
1.37102980597
1.37773585523
1.38443257109
1.39111958817
1.39779655249
1.40446312122
1.41111896232
1.41776375405
1.42439718432
1.43101894994
1.43762875574
1.44422631355
1.45081134117
1.45738356109
1.46394269933
1.47048848403
1.47702064411
1.48353890785
1.49004300141
1.49653264741
1.50300756346
1.50946746073
1.51591204252
1.52234100294
1.52875402557
1.53515078225
1.5415309319
1.54789411948
1.55423997502
1.56056811275
1.56687813039
1.5731696085
1.57944211002
1.58569517987
1.59192834477
1.59814111309
1.60433297491
1.61050340221
1.61665184912
1.62277775237
1.62888053184
1.63495959116
1.64101431858
1.64704408772
1.65304825862
1.65902617878
1.66497718422
1.67090060079
1.67679574534
1.68266192705
1.68849844884
1.69430460869
1.70007970109
1.70582301848
1.71153385265
1.71721149623
1.72285524411
1.72846439484
1.73403825207
1.73957612591
1.74507733426
1.75054120418
1.75596707311
1.76135429012
1.76670221714
1.77201023004
1.77727771979
1.78250409344
1.78768877518
1.79283120727
1.79793085094
1.80298718722
1.80799971778
1.8129679657
1.81789147615
1.82276981711
1.82760258001
1.83238938032
1.83712985813
1.84182367873
1.84647053309
1.8510701384
1.85562223854
1.86012660453
1.86458303501
1.86899135667
1.8733514247
1.87766312322
1.8819263657
1.88614109543
1.89030728595
1.89442494146
1.89849409737
1.90251482066
1.90648721046
1.91041139846
1.91428754951
1.91811586207
1.92189656881
1.92562993711
1.92931626972
1.93295590527
1.93654921893
1.94009662299
1.94359856754
1.94705554104
1.95046807104
1.95383672477
1.95716210982
1.96044487476
1.96368570982
1.96688534745
1.97004456297
1.97316417515
1.97624504674
1.979288085
1.98229424218
1.98526451598
1.98819994985
1.9911016334
1.99397070261
1.99680834001
1.9996157748
2.00239428289
2.00514518679
2.00786985548
2.01056970414
2.01324619383
2.01590083093
2.01853516667
2.02115079635
2.02374935858
2.02633253438
2.02890204608
2.03145965623
2.03400716632
2.03654641543
2.0390792787
2.04160766582
2.04413351933
2.04665881288
2.04918554935
2.05171575901
2.05425149748
2.05679484377
2.05934789817
2.06191278017
2.06449162639
2.06708658843
2.06969983076
2.07233352871
2.07498986634
2.07767103455
2.08037922908
2.08311664872
2.08588549353
2.08868796323
2.09152625564
2.0944025653
2.09731908224
2.10027799083
2.10328146886
2.10633168679
2.10943080708
2.11258098384
2.11578436253
2.11904307991
2.12235926421
2.12573503537
2.1291725056
2.13267377998
2.13624095736
2.13987613132
2.14358139131
2.14735882402
2.1512105147
2.1551385488
2.15914501356
2.16323199973
2.1674016034
2.17165592783
2.17599708528
2.18042719895
2.18494840478
2.18956285333
2.19427271151
2.19908016427
2.20398741622
2.20899669305
2.21411024287
2.21933033734
2.22465927263
2.23009937018
2.23565297723
2.24132246707
2.24711023908
2.25301871844
2.25905035563
2.26520762551
2.27149302623
2.27790907767
2.28445831968
2.29114330989
2.29796662127
2.30493083928
2.31203855874
2.31929238033
2.32669490681
2.33424873886
2.34195647068
2.34982068521
2.3578439492
2.36602880784
2.37437777928
2.38289334884
2.39157796303
2.40043402338
2.40946388007
2.41866982547
2.42805408748
2.43761882284
2.44736611032
2.45729794387
2.46741622578
2.4777227598
2.48821924429
2.4989072655
2.50978829081
2.52086366221
2.53213458976
2.54360214539
2.55526725667
2.56713070096
2.57919309968
2.59145491282
2.60391643374
2.61657778427
2.62943890998
2.64249957589
2.65575936243
2.66921766167
2.682873674
2.69672640504
2.71077466297
2.72501705615
2.7394519911
2.75407767088
2.76889209376
2.78389305222
2.79907813238
2.81444471367
2.82998996887
2.84571086446
2.86160416133
2.87766641565
2.89389398025
2.91028300605
2.92682944391
2.94352904668
2.96037737148
2.97736978223
2.99450145236
3.01176736776
3.02916232989
3.04668095907
3.06431769787
3.08206681478
3.09992240784
3.11787840854
3.13592858572
3.15406654961
3.17228575596
3.19057951024
3.20894097186
3.22736315855
3.24583895065
3.26436109556
3.28292221218
3.30151479536
3.32013122041
3.33876374762
3.35740452676
3.37604560167
3.3946789148
3.41329631179
3.43188954604
3.45045028333
3.46897010638
3.48744051951
3.50585295321
3.52419876883
3.54246926318
3.56065567324
3.57874918077
3.59674091705
3.61462196757
3.63238337676
3.65001615273
3.66751127201
3.68485968437
3.70205231759
3.71908008229
3.73593387677
3.75260459186
3.76908311579
3.78536033908
3.80142715943
3.81727448663
3.83289324749
3.84827439074
3.86340889197
3.87828775852
3.89290203444
3.90724280532
3.92130120327
3.93506841169
3.9485356702
3.96169427938
3.97453560562
3.98705108582
3.9992322321
4.0110706365
4.02255797549
4.03368601465
4.04444661302
4.05483172767
4.06483341794
4.07444384982
4.08365530013
4.09246016067
4.1008509423
4.10882027894
4.11636093145
4.1234657915
4.13012788528
4.13634037721
4.14209657348
4.14738992559
4.15221403374
4.15656265017
4.16042968247
4.16380919667
4.16669542044
4.16908274605
4.17096573333
4.1723391126
4.1731977874
4.17353683731
4.17335152054
4.17263727662
4.17138972887
4.1696046869
4.16727814906
4.16440630471
4.16098553659
4.15701242303
4.15248374007
4.14739646365
4.14174777157
4.13553504555
4.12875587311
4.12140804944
4.11348957916
4.1049986781
4.0959337749
4.0862935126
4.07607675015
4.06528256381
4.05391024852
4.0419593191
4.02942951146
4.01632078363
4.00263331674
3.98836751589
3.97352401088
3.95810365691
3.94210753504
3.92553695267
3.90839344378
3.89067876913
3.87239491625
3.8535440994
3.83412875926
3.8141515626
3.79361540175
3.77252339391
3.75087888034
3.72868542542
3.70594681547
3.68266705754
3.65885037795
3.6345012207
3.60962424573
3.58422432704
3.55830655063
3.53187621226
3.50493881513
3.47750006733
3.44956587917
3.42114236038
3.3922358171
3.36285274876
3.33299984486
3.3026839815
3.27191221783
3.2406917924
3.20903011931
3.17693478422
3.1444135403
3.111474304
3.0781251507
3.04437431024
3.01023016235
2.97570123197
2.94079618442
2.90552382048
2.86989307142
2.83391299383
2.79759276443
2.76094167475
2.72396912574
2.68668462229
2.64909776764
2.61121825777
2.57305587561
2.53462048533
2.49592202641
2.45697050776
2.41777600172
2.37834863802
2.33869859771
2.29883610699
2.25877143111
2.21851486811
2.17807674259
2.1374673995
2.09669719781
2.05577650429
2.01471568718
1.97352510992
1.93221512489
1.89079606713
1.84927824816
1.80767194972
1.76598741768
1.72423485587
1.68242442008
1.64056621206
1.59867027362
1.55674658078
1.51480503806
1.47285547286
1.43090762992
1.38897116592
1.34705564423
1.30517052975
1.26332518394
1.22152885999
1.17979069815
1.1381197212
1.09652483019
1.05501480026
1.01359827675
0.972283771408
0.931079658898
0.889994173476
0.849035405883
0.808211300468
0.767529652541
0.726998105939
0.68662415084
0.646415121803
0.606378196039
0.566520391923
0.526848567738
0.48736942065
0.448089485918
0.409015136333
0.370152581879
0.331507869619
0.293086883797
0.254895346153
0.216938816445
0.179222693163
0.141752214445
0.104532459169
0.0675683482285
0.030864645966
-0.00557403822853
-0.0417432481759
-0.0776386790268
-0.113256175255
-0.148591728532
-0.183641475505
-0.218401695468
-0.252868807962
-0.287039370301
-0.320910075039
-0.354477747383
-0.387739342582
-0.420691943279
-0.453332756853
-0.48565911276
-0.51766845987
-0.549358363834
-0.580726504467
-0.611770673164
-0.64248877037
-0.672878803091
-0.702938882465
-0.732667221402
-0.762062132293
-0.791122024796
-0.819845403703
-0.848230866897
-0.876277103391
-0.903982891468
-0.931347096912
-0.958368671331
-0.985046650587
-1.01138015331
-1.03736837953
-1.06301060938
-1.0883062019
-1.11325459394
-1.13785529918
-1.16210790716
-1.18601208248
-1.20956756398
-1.23277416413
-1.25563176834
-1.27814033445
-1.30029989221
-1.32211054283
-1.34357245862
-1.36468588257
-1.38545112812
-1.40586857876
-1.42593868787
-1.44566197839
-1.46503904262
-1.48407054198
-1.50275720675
-1.52109983588
-1.53909929669
-1.55675652462
-1.57407252294
-1.59104836241
-1.60768518099
-1.62398418336
-1.6399466406
-1.65557388962
-1.67086733273
-1.68582843706
-1.70045873388
-1.71475981804
-1.72873334716
-1.74238104089
-1.75570468008
-1.76870610584
-1.78138721866
-1.79374997733
-1.80579639789
-1.81752855252
-1.82894856835
-1.84005862619
-1.85086095928
-1.86135785192
-1.87155163809
-1.88144470001
-1.89103946664
-1.90033841217
-1.90934405449
-1.9180589535
-1.92648570961
-1.93462696198
-1.9424853869
-1.95006369607
-1.95736463489
-1.96439098074
-1.97114554125
-1.97763115256
-1.98385067757
-1.98980700423
-1.9955030438
-2.00094172913
-2.00612601299
-2.01105886635
-2.01574327678
-2.02018224675
-2.02437879209
-2.02833594039
-2.03205672946
-2.03554420585
-2.03880142337
-2.0418314417
-2.044637325
-2.04722214059
-2.04958895765
-2.05174084602
-2.053680875
-2.05541211223
-2.05693762256
-2.0582604671
-2.05938370218
-2.06031037841
-2.06104353987
-2.06158622319
-2.06194145686
-2.06211226041
-2.06210164379
-2.06191260668
-2.06154813793
-2.06101121499
-2.06030480336
-2.05943185618
-2.05839531373
-2.05719810305
-2.05584313755
-2.0543333167
-2.05267152564
-2.05086063498
-2.04890350046
-2.04680296272
-2.0445618471
-2.04218296338
-2.03966910562
-2.03702305195
-2.03424756442
-2.03134538881
-2.02831925448
-2.0251718742
-2.02190594405
-2.01852414321
-2.01502913385
-2.01142356097
-2.00771005225
-2.00389121794
-1.99996965062
-1.99594792515
-1.99182859843
-1.98761420927
-1.98330727822
-1.97891030739
-1.97442578028
-1.96985616158
-1.96520389702
-1.96047141314
-1.95566111711
-1.95077539654
-1.94581661925
-1.9407871331
-1.93568926577
-1.93052532454
-1.92529759609
-1.9200083463
-1.91465982
-1.90925424081
-1.90379381091
-1.89828071082
-1.89271709921
-1.88710511268
-1.88144686558
-1.8757444498
-1.86999993458
-1.86421536631
-1.85839276836
-1.85253414086
-1.84664146057
-1.84071668066
-1.83476173056
-1.82877851579
-1.82276891778
-1.81673479371
-1.81067797635
-1.80460027392
-1.7985034699
-1.79238932289
-1.78625956645
-1.78011590896
-1.77396003344
-1.76779359743
-1.76161823278
-1.75543554555
-1.74924711582
-1.7430544975
-1.73685921825
-1.73066277921
-1.72446665491
-1.71827229304
-1.71208111431
-1.70589451226
-1.69971385304
-1.69354047527
-1.68737568983
-1.68122077965
-1.67507699954
-1.66894557596
-1.66282770685
-1.65672456139
-1.65063727983
-1.6445669733
-1.63851472355
-1.63248158281
-1.62646857357
-1.62047668841
-1.61450688978
-1.60856010988
-1.60263725044
-1.59673918257
-1.59086674667
-1.58502075221
-1.5792019777
-1.5734111705
-1.56764904683
-1.5619162916
-1.55621355845
-1.55054146968
-1.54490061624
-1.53929155781
-1.53371482274
-1.52817090825
-1.52266028041
-1.51718337437
-1.51174059442
-1.50633231428
-1.5009588772
-1.49562059633
-1.49031775489
-1.48505060656
-1.47981937577
-1.47462425809
-1.46946542067
-1.46434300259
-1.45925711541
-1.45420784364
-1.44919524522
-1.44421935214
-1.439280171
-1.43437768357
-1.4295118475
-1.4246825969
-1.41988984308
-1.41513347523
-1.41041336109
-1.40572934778
-1.40108126246
-1.39646891315
-1.39189208951
-1.3873505636
-1.3828440907
-1.37837241008
-1.37393524588
-1.36953230784
-1.36516329216
-1.36082788233
-1.35652574987
-1.35225655519
-1.34801994838
-1.34381557
-1.33964305182
-1.33550201765
-1.33139208404
-1.32731286107
-1.32326395304
-1.31924495918
-1.31525547434
-1.31129508969
-1.30736339332
-1.30345997092
-1.29958440632
-1.29573628215
-1.29191518034
-1.28812068266
-1.28435237129
-1.28060982922
-1.27689264077
-1.273200392
-1.26953267113
-1.26588906895
-1.2622691791
-1.2586725985
-1.2550989276
-1.25154777068
-1.24801873612
-1.24451143662
-1.24102548943
-1.23756051653
-1.2341161448
-1.23069200617
-1.22728773774
-1.22390298188
-1.22053738632
-1.21719060422
-1.21386229419
-1.21055212034
-1.20725975229
-1.20398486513
-1.20072713945
-1.19748626124
-1.19426192186
-1.19105381799
-1.18786165149
-1.18468512937
-1.18152396361
-1.17837787109
-1.17524657342
-1.1721297968
-1.16902727186
-1.16593873351
-1.16286392071
-1.15980257633
-1.15675444693
-1.15371928256
-1.1506968365
-1.1476868651
-1.1446891275
-1.1417033854
-1.13872940282
-1.13576694581
-1.13281578224
-1.12987568148
-1.12694641417
-1.12402775191
-1.12111946696
-1.11822133198
-1.11533311975
-1.11245460281
-1.10958555321
-1.10672574219
-1.10387493985
-1.10103291488
-1.09819943422
-1.09537426276
-1.092557163
-1.0897478948
-1.08694621499
-1.08415187712
-1.08136463115
-1.0785842231
-1.07581039479
-1.07304288356
-1.07028142194
-1.0675257374
-1.06477555205
-1.06203058242
-1.05929053916
-1.05655512681
-1.05382404357
-1.0510969811
-1.04837362428
-1.04565365103
-1.04293673214
-1.04022253112
-1.03751070403
-1.03480089937
-1.03209275802
-1.02938591306
-1.02667998983
-1.02397460578
-1.02126937053
-1.01856388586
-1.01585774572
-1.01315053631
-1.01044183618
-1.0077312163
-1.00501824026
-1.00230246437
-0.999583437911
-0.99686070332
-0.994133796471
-0.991402246939
-0.98866557832
-0.985923308562
-0.98317495034
-0.980420011445
-0.977657995216
-0.974888400985
-0.972110724559
-0.969324458728
-0.966529093791
-0.963724118117
-0.960909018727
-0.958083281894
-0.955246393773
-0.952397841047
-0.949537111597
-0.946663695185
-0.943777084158
-0.940876774171
-0.937962264915
-0.935033060868
-0.932088672049
-0.929128614786
-0.926152412489
-0.923159596434
-0.920149706541
-0.917122292166
-0.914076912884
-0.911013139277
-0.907930553712
-0.904828751122
-0.901707339771
-0.898565942013
-0.895404195046
-0.892221751643
-0.889018280873
-0.885793468808
-0.882547019207
-0.879278654181
-0.875988114836
-0.872675161896
-0.869339576296
-0.865981159751
-0.862599735295
-0.859195147792
-0.855767264418
-0.852315975108
-0.848841192969
-0.845342854661
-0.841820920745
-0.83827537599
-0.834706229643
-0.831113515669
-0.827497292944
-0.823857645413
-0.820194682211
-0.81650853774
-0.812799371711
-0.809067369143
-0.805312740324
-0.801535720733
-0.797736570921
-0.793915576354
-0.790073047218
-0.786209318182
-0.782324748132
-0.778419719856
-0.774494639703
-0.770549937205
-0.766586064654
-0.762603496664
-0.758602729683
-0.754584281484
-0.750548690621
-0.746496515859
-0.742428335575
-0.738344747131
-0.734246366223
-0.730133826209
-0.72600777741
-0.721868886396
-0.717717835244
-0.713555320789
-0.709382053851
-0.705198758449
-0.701006171005
-0.696805039531
-0.692596122814
-0.688380189583
-0.684158017675
-0.679930393197
-0.67569810968
-0.671461967231
-0.667222771689
-0.662981333777
-0.658738468255
-0.654494993085
-0.65025172859
-0.646009496625
-0.641769119759
-0.637531420456
-0.633297220277
-0.629067339087
-0.624842594274
-0.620623799988
-0.616411766387
-0.612207298901
-0.608011197519
-0.603824256084
-0.599647261614
-0.595480993639
-0.591326223559
-0.587183714023
-0.58305421833
-0.578938479851
-0.574837231479
-0.570751195094
-0.56668108106
-0.562627587742
-0.558591401051
-0.554573194009
-0.550573627469
-0.546593346404
-0.542632982849
-0.538693154481
-0.534774464325
-0.530877500479
-0.527002835862
-0.523151027994
-0.5193226188
-0.515518134443
-0.511738085178
-0.507982965235
-0.504253252729
-0.500549409591
-0.496871881531
-0.493221098013
-0.48959747227
-0.48600140133
-0.482433266072
-0.478893431297
-0.475382245832
-0.471900042644
-0.468447138983
-0.465023836537
-0.461630421613
-0.458267165331
-0.45493432384
-0.451632138545
-0.448360836356
-0.445120629944
-0.44191171802
-0.438734285618
-0.435588504395
-0.432474532944
-0.429392517107
-0.42634259031
-0.423324873898
