-0.566809658235
-0.554828457212
-0.554867555825
-0.554932749928
-0.555024084062
-0.555141620411
-0.555285438636
-0.555455635652
-0.555652325364
-0.555875638348
-0.556125721484
-0.613941692631
-0.614239403738
-0.614555982236
-0.614891531667
-0.615246160379
-0.615619980227
-0.616013105194
-0.616425649942
-0.616857728306
-0.617309451725
-0.604752823717
-0.605228885397
-0.605714346222
-0.606209266127
-0.606713725909
-0.607227826738
-0.607751689576
-0.608285454498
-0.608829279936
-0.609383341822
-0.623034484041
-0.623890045191
-0.624760399492
-0.625644957886
-0.626543120039
-0.627454274079
-0.628377796316
-0.629313050957
-0.630259389802
-0.631216151935
-0.635321504896
-0.636351717425
-0.637389893059
-0.638435314569
-0.639487248287
-0.640544943535
-0.641607632068
-0.642674527552
-0.643744825057
-0.644817700592
-0.633897638741
-0.634861489167
-0.635816953546
-0.636762726326
-0.637697500878
-0.638619970911
-0.639528831881
-0.640422782403
-0.641300525646
-0.642160770722
-0.631297185051
-0.632640188394
-0.633969358635
-0.635283455222
-0.636581239291
-0.637861474443
-0.639122927528
-0.640364369416
-0.641584575774
-0.642782327838
-0.640592874623
-0.641756036162
-0.642889994424
-0.643993374207
-0.645064815387
-0.646102973884
-0.647106522629
-0.648074152494
-0.649004573215
-0.649896514285
-0.591802287507
-0.592257988897
-0.592696687526
-0.59311776204
-0.593520590983
-0.593904552959
-0.594269026801
-0.594613391741
-0.594937027577
-0.595239314845
-0.59060710695
-0.590999975678
-0.591367376507
-0.591708575831
-0.592022844092
-0.592309456025
-0.592567690885
-0.59279683269
-0.592996170445
-0.593164998372
-0.593958800849
-0.594262614921
-0.594531480437
-0.594764562888
-0.594961036618
-0.595120085138
-0.595240901447
-0.595322688334
-0.595364658687
-0.595366035789
-0.59636370991
-0.596679068633
-0.596946626118
-0.597165466184
-0.597334687911
-0.597453405983
-0.59752075102
-0.597535869906
-0.59749792611
-0.597406099994
-0.578776913012
-0.578522110241
-0.5782159326
-0.577857647703
-0.57744653926
-0.576981907323
-0.57646306852
-0.575889356279
-0.575260121047
-0.574574730498
-0.574608054619
-0.573854382304
-0.573040616887
-0.572166230214
-0.571230713695
-0.570233578393
-0.569174355104
-0.568052594435
-0.56686786687
-0.565619762829
-0.564495343348
-0.563038132687
-0.561514874762
-0.559925348899
-0.558269356226
-0.556546719566
-0.554757283338
-0.552900913437
-0.550977497112
-0.548986942826
-0.542893657329
-0.540731553437
-0.538502109649
-0.536205417773
-0.533841591226
-0.531410764692
-0.528913093757
-0.526348754549
-0.523717943362
-0.521020876268
-0.51872117745
-0.515920016933
-0.51305255152
-0.510119057709
-0.507119830054
-0.504055180753
-0.500925439248
-0.497730951813
-0.494472081126
-0.491149205858
-0.490326641421
-0.486856951569
-0.483315292591
-0.479702090317
-0.476017800837
-0.472262910151
-0.468437933758
-0.464543416229
-0.460579930759
-0.456548078671
-0.451923368979
-0.447754637598
-0.443519892573
-0.439219776868
-0.434854956327
-0.430426119213
-0.425933975755
-0.421379257663
-0.416762717612
-0.412085128723
-0.404757960943
-0.399998026805
-0.395181403768
-0.390308877812
-0.385381249224
-0.380399332049
-0.375363953491
-0.370275953313
-0.365136183244
-0.359945506348
-0.35395129956
-0.348682408728
-0.343368137819
-0.338009362025
-0.332606960394
-0.327161815082
-0.321674810623
-0.316146833195
-0.310578769879
-0.304971507927
-0.297960904465
-0.292246393767
-0.286495546607
-0.280709200252
-0.274888187297
-0.269033335091
-0.263145465167
-0.257225392676
-0.251273925853
-0.245291865481
-0.238682080777
-0.232585066281
-0.226458361859
-0.220302753507
-0.214119017626
-0.207907920664
-0.201670218749
-0.195406657346
-0.189117970941
-0.182804882742
-0.1758733257
-0.169400908001
-0.162907319544
-0.156393428993
-0.149860092107
-0.143308151126
-0.136738434125
-0.130151754465
-0.123548910268
-0.116930683857
-0.112971411653
-0.106257394646
-0.0995318046805
-0.0927954282357
-0.0860490248913
-0.0792933268805
-0.0725290386836
-0.0657568366194
-0.0589773685454
-0.0521912536016
-0.0436463313911
-0.0367885880428
-0.0299161147721
-0.0230293558396
-0.0161287498024
-0.0092147296335
-0.0022877228402
0.00465184841523
0.0116035671946
0.0185670216624
0.025551818394
0.0324387154133
0.0393355772879
0.0462421372686
0.053158135768
0.0600833200459
0.0670174438938
0.0739602673164
0.0809115562075
0.0878710820191
0.100509504118
0.107074895148
0.113650589733
0.120236474339
0.126832437913
0.133438371544
0.140054168117
0.146679721976
0.153314928581
0.159959684169
0.168663334138
0.175258405585
0.181864016669
0.188480033494
0.195106321331
0.201742744435
0.208389165857
0.215045447281
0.221711448863
0.228387029075
0.234297886168
0.240994698894
0.247702735033
0.254421889716
0.261152056079
0.267893125097
0.274644985406
0.281407523126
0.288180621721
0.29496416188
0.296024866588
0.302984890074
0.309955767201
0.31693723985
0.323929046194
0.330930920571
0.337942593388
0.344963791028
0.351994235765
0.359033645731
0.362084872973
0.369066162899
0.37605287093
0.383044789785
0.390041709613
0.397043417388
0.404049696341
0.411060325487
0.41807507931
0.425093727506
0.432959032003
0.440101200638
0.44724652697
0.454394699116
0.46154540265
0.468698320407
0.475853132359
0.483009515502
0.49016714369
0.497325687512
0.50511184962
0.512335436546
0.519559497734
0.526783672222
0.53400760139
0.541230928849
0.548453300376
0.555674363718
0.562893768227
0.570111164486
0.568944461218
0.576152838532
0.583361256354
0.59056935127
0.597776756663
0.604983102475
0.61218801487
0.61939111603
0.626592024018
0.633790352554
0.615638225126
0.622545918671
0.629453658343
0.63636124272
0.643268470521
0.65017514068
0.657081052182
0.663986003965
0.670889794995
0.677792224104
0.685579576121
0.692285619146
0.698990197616
0.705693222322
0.712394605974
0.719094263589
0.72579211263
0.732488072953
0.739182067171
0.745874020723
0.750066085183
0.756798693692
0.763528768985
0.770256172451
0.776980765426
0.783702409287
0.790420965657
0.797136297033
0.803848266937
0.810556740199
0.8082231699
0.815518525821
0.822815813436
0.830114576979
0.837414357858
0.844714694927
0.85201512477
0.859315181963
0.866614399362
0.873912308392
0.881428590816
0.888818794011
0.896206787013
0.903592079864
0.910974180805
0.918352596603
0.9257268329
0.933096394558
0.940460786008
0.947819511627
0.952423228319
0.959749890171
0.967069572683
0.974381832407
0.9816862284
0.988982322534
0.996269679851
1.00354786889
1.01081646198
1.01807503558
1.02715290514
1.03450501216
1.04184497434
1.04917227377
1.05648639761
1.06378683832
1.07107309391
1.07834466814
1.08560107093
1.09284181863
1.10004227388
1.10725393103
1.1144446268
1.12161384062
1.1287610669
1.13588581553
1.14298761229
1.15006599917
1.15712053491
1.16415079546
1.17097791786
1.17794021555
1.18487476561
1.19178122363
1.19865926485
1.20550858451
1.21232889816
1.21911994209
1.22588147357
1.23261327136
1.23694611186
1.24355110674
1.25012524012
1.2566684348
1.26318063802
1.26966182169
1.27611198252
1.28253114209
1.28891934705
1.29527666922
1.29436817369
1.30070071185
1.30700589998
1.31328392208
1.31953498348
1.32575931066
1.33195715099
1.33812877257
1.34427446395
1.3503945339
1.34644831166
1.35263332671
1.35879503827
1.36493388023
1.37105030416
1.37714477829
1.3832177866
1.38926982781
1.39530141452
1.40131307232
1.38364094622
1.38999729436
1.39634301899
1.40267842703
1.40900384312
1.41531960853
1.42162607953
1.4279236256
1.43421262727
1.44049347384
1.44484060404
1.45114643739
1.45744558983
1.4637382543
1.470024631
1.47630492772
1.48257936016
1.48884815222
1.49511153631
1.50136975361
1.50684496554
1.51306533441
1.51928128922
1.52549316652
1.53170130959
1.53790606874
1.54410780173
1.55030687399
1.55650365897
1.56269853835
1.56846816035
1.5745649988
1.58066324274
1.58676361885
1.59286685091
1.59897365803
1.60508475308
1.61120084113
1.61732261809
1.62345076929
1.6272097912
1.63332363509
1.63944363324
1.64557051932
1.65170502491
1.65784787841
1.66399980389
1.67016151991
1.67633373837
1.68251716333
1.69023821507
1.69650799916
1.70279075745
1.7090872742
1.71539830507
1.72172457359
1.72806676786
1.73442553746
1.74080149064
1.74719519193
1.74841864994
1.75498253171
1.76155841232
1.76814656468
1.7747472579
1.78136075625
1.78798731808
1.79462719479
1.80128062965
1.80794785674
1.82081346066
1.82719387125
1.83357829409
1.83996702206
1.84636033187
1.85275848411
1.85916172361
1.86557027986
1.87198436761
1.87840418767
1.88386687668
1.89047782051
1.89709681424
1.90372396654
1.91035937493
1.91700312565
1.92365529355
1.93031594216
1.93698512377
1.94366287969
1.94882626184
1.95563290246
1.96244721473
1.96926917158
1.97609874192
1.98293588987
1.98978057417
1.99663274834
2.00349236039
2.01035935225
2.01690768468
2.02376497376
2.03062771015
2.03749601987
2.04437003718
2.05124990413
2.0581357702
2.0650277918
2.07192613186
2.07883095939
2.07787682721
2.08469339207
2.09152299474
2.09836595569
2.10522257639
2.11209313837
2.11897790234
2.12587710735
2.13279096992
2.13971968334
2.15134492448
2.1582240396
2.16511568016
2.17202011965
2.17893761743
2.18586841848
2.19281275313
2.19977083688
2.20674287022
2.21372903848
2.23144802936
2.23845672179
2.2454834258
2.25252853867
2.25959244017
2.26667549224
2.27377803877
2.28090040539
2.28804289938
2.29520580961
2.29939430333
2.30662928464
2.31388569364
2.3211637832
2.32846379013
2.33578593355
2.34313041324
2.35049740799
2.35788707392
2.36529954285
2.36960619313
2.37705572912
2.38452747307
2.39202141458
2.39953751827
2.40707572305
2.41463594162
2.42221805999
2.42982193723
2.43744740536
2.44511179361
2.45280297971
2.4605181602
2.46825716922
2.47601981428
2.4838058763
2.49161510996
2.4994472441
2.50730198236
2.51517900391
2.5228564014
2.53070876759
2.53858341808
2.54647977752
2.55439720641
2.56233500292
2.57029240519
2.57826859427
2.58626269747
2.59427379231
2.60048397692
2.60834187061
2.61619856572
2.62405356791
2.63190639951
2.63975659974
2.64760372517
2.6554473504
2.66328706893
2.67112249414
2.67304114582
2.68116316833
2.68927819124
2.69738490529
2.7054819862
2.71356810017
2.72164190993
2.72970208151
2.7377472915
2.74577623485
2.74914479928
2.75711004407
2.76506120608
2.77299715328
2.78091673149
2.78881876981
2.79670208668
2.80456549613
2.81240781438
2.82022786662
2.82288195644
2.83023349167
2.83759876589
2.84497748474
2.85236929978
2.85977381796
2.86719061121
2.87461922493
2.88205918592
2.88951001061
2.89622189646
2.90343924245
2.91064090924
2.9178256051
2.92499201911
2.93213882334
2.93926467497
2.94636821837
2.95344808709
2.96050290587
2.94092703786
2.94687689989
2.95283239431
2.9587928535
2.96475743769
2.97072514047
2.97669479444
2.98266507715
2.98863451699
2.99460149916
3.00058573203
3.00662377755
3.0126896684
3.01877833266
3.02488426241
3.03100158856
3.03712415836
3.0432456141
3.04935947147
3.05545919592
3.06127207615
3.06711228293
3.07290867763
3.0786577122
3.08435568363
3.0899987476
3.09558293287
3.10110415624
3.10655823787
3.11194091668
3.1183337465
3.12511765257
3.1319449256
3.13881289718
3.14571871134
3.15265932632
3.15963151655
3.16663187487
3.17365681501
3.18070257447
3.18691901001
3.19385065334
3.20090263473
3.20807160014
3.21535343727
3.22274328923
3.23023557192
3.2378239948
3.24550158502
3.25326071435
3.26063656995
3.26797060959
3.27522428754
3.28239032859
3.28946166643
3.29643146837
3.30329315738
3.31004043103
3.3166672773
3.32316798701
3.29622385006
3.30133409049
3.30626254584
3.31100671925
3.31556473147
3.31993529214
3.32411766509
3.32811162804
3.3319174271
3.33553572661
3.30011621436
3.30391891898
3.30749063197
3.31082548199
3.31391812773
3.31676373858
3.31935796898
3.32169692681
3.32377713633
3.32559549635
3.32613581776
3.32811791845
3.32988495479
3.33143047467
3.33274789552
3.33383050115
3.33467143928
3.33526372014
3.33560021625
3.33567366345
3.28758455858
3.2864679652
3.28511330052
3.28351310928
3.2816597527
3.27954543466
3.27716222978
3.27450211293
3.2715569902
3.26831873102
3.24771396756
3.24356744414
3.23908724882
3.23426778379
3.22910376362
3.22359022306
3.21772252289
3.21149635399
3.20490773987
3.19795303764
3.1720375311
3.16422713221
3.15605300649
3.14751358141
3.13860751583
3.12933369038
3.11969119752
3.10967933135
3.09929757747
3.08854560282
3.04398048704
3.03203972368
3.01976341788
3.00715144781
2.99420356756
2.98091940516
2.96729846398
2.95334012742
2.93904366697
2.92440825347
2.88899719656
2.87329440233
2.8572464297
2.84085978388
2.82414125155
2.80709785631
2.78973681187
2.7720654732
2.75409128618
2.73582173613
2.7090711929
2.69119874943
2.67306499707
2.65466469409
2.63599211381
2.61704110761
2.59780517183
2.5782775182
2.55845114714
2.53831892349
2.48102285034
2.45882712088
2.43636393483
2.41363231705
2.39063144906
2.36736070773
2.34381970309
2.32000831498
2.29592672823
2.27157546615
2.23147130701
2.20656344917
2.18139933556
2.1559733063
2.13028039113
2.1043164312
2.07807819184
2.05156346463
2.02477115794
1.9977013744
1.94043721441
1.91305289047
1.88548945749
1.8577512151
1.82984301709
1.80177029206
1.77353905583
1.74515591564
1.7166280659
1.68796327538
1.65930828796
1.63046584914
1.60152078724
1.57248221937
1.54335932633
1.51416129476
1.48489725812
1.45557623701
1.42620707969
1.3967984032
1.35744061349
1.32943236961
1.30135778876
1.2732189747
1.24501781878
1.21675600599
1.18843502387
1.16005617425
1.13162058781
1.10312924155
1.07979643145
1.04995144027
1.02002789069
0.990031539357
0.959968287494
0.929844172394
0.899665358743
0.869438129745
0.83916887821
0.808864097702
0.770614315352
0.740110021412
0.70959466802
0.67907358826
0.648552040744
0.618035208041
0.587528197855
0.557036046971
0.526563727926
0.496116158345
0.462069057166
0.43224020478
0.402511189924
0.37288317582
0.34335691457
0.31393280851
0.284610976596
0.255391324948
0.226273620711
0.197257568249
0.184388343004
0.156393115356
0.128425215657
0.100481793643
0.0725606910758
0.044660502791
0.0167806325602
-0.011078656644
-0.0389161983807
-0.066729884824
-0.0894706896718
-0.117341119289
-0.145140838075
-0.172861685313
-0.200494534833
-0.228029340572
-0.255455191619
-0.282760376095
-0.30993245314
-0.336958332191
-0.363157906895
-0.38999232602
-0.416623495151
-0.443032583582
-0.469200728589
-0.495109212915
-0.520739639565
-0.546074101657
-0.571095345188
-0.595786922682
-0.619883060988
-0.643646332079
-0.666967496537
-0.689832154694
-0.712227602873
-0.734143029729
-0.755569692232
-0.776501067397
-0.79693297622
-0.816863676687
-0.788240404983
-0.807543074556
-0.826329179526
-0.844598725746
-0.86235415438
-0.87960031204
-0.896344392737
-0.912595852321
-0.928366296441
-0.943669343432
-0.955527009904
-0.971233642596
-0.986665431729
-1.00182848428
-1.01672814583
-1.03136893307
-1.04575448355
-1.05988752337
-1.07376985357
-1.08740235536
-1.07599359517
-1.08929918222
-1.10227483515
-1.11492322036
-1.12724780779
-1.1392528675
-1.15094345857
-1.16232541008
-1.17340529457
-1.1841903941
-1.18084246352
-1.19082898473
-1.20061417288
-1.21020817375
-1.21962118518
-1.22886336237
-1.23794472236
-1.24687504921
-1.25566380121
-1.26432002194
-1.26787043638
-1.27694369613
-1.28583974327
-1.29456028891
-1.3031071088
-1.31148205484
-1.31968706554
-1.32772417537
-1.33559552289
-1.3433033575
-1.3540685207
-1.36128877422
-1.36832007723
-1.37516643148
-1.38183222484
-1.38832221359
-1.3946415011
-1.40079551278
-1.4067899678
-1.41263084766
-1.39678131522
-1.4024248688
-1.40797842101
-1.4134477718
-1.41883853484
-1.42415609428
-1.42940556284
-1.43459174157
-1.43971908166
-1.44479164886
-1.4306389055
-1.43530281405
-1.43987234613
-1.44434741769
-1.4487279303
-1.45301378089
-1.45720487098
-1.46130111541
-1.46530245056
-1.46920884198
-1.47184729539
-1.47441095943
-1.47690276203
-1.47932567171
-1.48168269346
-1.48397686357
-1.48621124338
-1.48838891188
-1.49051295729
-1.49258646751
-1.4399210724
-1.44253730271
-1.44511873046
-1.44766542678
-1.45017720468
-1.45265363163
-1.45509404352
-1.45749755998
-1.45986310088
-1.46218940399
-1.47116722798
-1.47299193627
-1.47477500002
-1.47651813742
-1.47822302303
-1.47989127136
-1.4815244204
-1.48312391551
-1.48469109359
-1.48622716797
-1.46601449453
-1.4673898763
-1.46873017897
-1.47003607918
-1.47130813651
-1.4725467883
-1.47375234572
-1.47492499105
-1.47606477629
-1.47717162318
-1.47831289136
-1.47941609408
-1.48048080793
-1.48150651459
-1.48249260595
-1.48343838996
-1.48434309748
-1.48520588981
-1.48602586702
-1.48680207697
-1.44678100541
-1.44768535585
-1.44855645347
-1.44939415945
-1.45019831433
-1.4509687441
-1.45170526621
-1.4524076955
-1.45307585007
-1.4537095569
-1.44961834189
-1.45030349008
-1.45094890361
-1.45155420879
-1.45211905566
-1.45264312153
-1.45312611431
-1.45356777571
-1.45396788423
-1.45432625807
-1.44100663406
-1.44107734446
-1.44110603571
-1.44109298591
-1.44103847156
-1.44094277001
-1.44080616202
-1.44062893464
-1.44041138413
-1.44015381916
-1.43673363495
-1.43629643003
-1.43581645699
-1.435295625
-1.43473587752
-1.43413918366
-1.43350752935
-1.43284290855
-1.43214731445
-1.43142273071
-1.41808365233
-1.41742926753
-1.41674219741
-1.41602376197
-1.41527529319
-1.41449812961
-1.41369361099
-1.412863073
-1.41200784209
-1.4111292305
-1.4086348031
-1.40776218981
-1.40686815248
-1.40595399416
-1.40502095922
-1.40407022836
-1.40310291448
-1.40212005948
-1.40112263195
-1.40011152572
-1.39929680073
-1.39828184268
-1.39724892789
-1.39619851309
-1.39513107517
-1.3940471104
-1.39294713359
-1.39183167713
-1.39070128979
-1.38955653552
-1.38191128507
-1.38101444904
-1.38009919196
-1.37916564831
-1.37821395118
-1.37724423199
-1.37625662016
-1.37525124282
-1.37422822439
-1.37318768632
-1.36943649809
-1.368393353
-1.36733401816
-1.36625863067
-1.36516732436
-1.36406022956
-1.36293747289
-1.36179917706
-1.36064546066
-1.35947643797
-1.36313953172
-1.36195550552
-1.360754846
-1.35953761493
-1.35830385824
-1.3570536053
-1.35578686839
-1.35450364232
-1.35320390424
-1.35188761357
