-0.592914022321
-0.592946885859
-0.593012554826
-0.593110942552
-0.593241934291
-0.593405387829
-0.593601134214
-0.593828978597
-0.594088701187
-0.594380058313
-0.594702783593
-0.595056589192
-0.595441167178
-0.595856190948
-0.596301316731
-0.596776185147
-0.597280422809
-0.597813643956
-0.598375452106
-0.598965441705
-0.599583199761
-0.600228307441
-0.600900341616
-0.601598876342
-0.602323484243
-0.603073737792
-0.603849210475
-0.604649477812
-0.605474118221
-0.60632271373
-0.607194850499
-0.608090119167
-0.609008115
-0.609948437845
-0.610910691888
-0.611894485212
-0.612899429163
-0.613925137525
-0.61497122552
-0.616037308639
-0.617123001316
-0.618227915471
-0.619351658923
-0.620493833714
-0.621654034343
-0.622831845944
-0.624026842438
-0.625238584662
-0.626466618513
-0.627710473127
-0.628969659117
-0.630243666877
-0.631531964996
-0.632833998773
-0.634149188868
-0.635476930099
-0.636816590383
-0.638167509847
-0.639529000104
-0.6409003437
-0.642280793733
-0.643669573641
-0.645065877149
-0.646468868383
-0.647877682122
-0.64929142419
-0.650709171974
-0.652129975045
-0.653552855884
-0.654976810672
-0.656400810158
-0.657823800567
-0.659244704539
-0.660662422092
-0.662075831581
-0.663483790667
-0.664885137249
-0.666278690389
-0.6676632512
-0.669037603706
-0.670400515662
-0.671750739347
-0.673087012335
-0.67440805823
-0.6757125874
-0.676999297708
-0.678266875242
-0.679513995082
-0.680739322094
-0.681941511781
-0.683119211201
-0.684271059973
-0.685395691379
-0.68649173358
-0.687557810959
-0.688592545607
-0.689594558949
-0.690562473533
-0.69149491497
-0.692390514047
-0.693247908983
-0.694065747857
-0.69484269117
-0.695577414548
-0.69626861156
-0.696914996645
-0.697515308114
-0.698068311209
-0.698572801195
-0.699027606451
-0.699431591531
-0.699783660167
-0.700082758169
-0.700327876204
-0.700518052414
-0.70065237483
-0.700729983565
-0.700750072753
-0.700711892192
-0.700614748686
-0.700458007048
-0.700241090744
-0.699963482182
-0.699624722606
-0.699224411611
-0.698762206264
-0.698237819837
-0.697651020162
-0.697001627606
-0.696289512705
-0.695514593447
-0.69467683226
-0.693776232706
-0.69281283593
-0.691786716892
-0.690697980416
-0.689546757109
-0.688333199171
-0.687057476152
-0.685719770704
-0.684320274347
-0.682859183323
-0.681336694548
-0.679753001726
-0.67810829165
-0.67640274072
-0.674636511729
-0.67280975092
-0.670922585362
-0.668975120646
-0.666967438932
-0.664899597353
-0.662771626781
-0.660583530963
-0.658335286028
-0.656026840347
-0.653658114757
-0.651229003115
-0.64873937318
-0.646189067802
-0.643577906378
-0.640905686575
-0.638172186277
-0.635377165726
-0.632520369835
-0.629601530635
-0.626620369828
-0.62357660141
-0.620469934344
-0.617300075234
-0.61406673099
-0.610769611449
-0.607408431916
-0.603982915629
-0.600492796088
-0.596937819272
-0.593317745693
-0.589632352292
-0.585881434162
-0.582064806091
-0.578182303917
-0.574233785699
-0.570219132693
-0.566138250149
-0.561991067921
-0.55777754091
-0.553497649329
-0.549151398823
-0.544738820438
-0.540259970458
-0.535714930124
-0.531103805244
-0.526426725719
-0.521683844983
-0.516875339386
-0.512001407528
-0.507062269559
-0.502058166456
-0.496989359294
-0.491856128524
-0.486658773253
-0.481397610568
-0.476072974879
-0.470685217314
-0.465234705159
-0.459721821357
-0.45414696407
-0.448510546306
-0.442812995617
-0.437054753867
-0.431236277081
-0.425358035362
-0.419420512891
-0.413424208003
-0.407369633327
-0.401257316016
-0.395087798038
-0.388861636533
-0.382579404247
-0.376241690015
-0.369849099307
-0.363402254826
-0.356901797155
-0.350348385436
-0.343742698091
-0.33708543357
-0.330377311114
-0.323619071532
-0.316811477976
-0.309955316718
-0.303051397901
-0.296100556267
-0.289103651847
-0.282061570599
-0.274975224992
-0.267845554511
-0.260673526082
-0.253460134401
-0.246206402157
-0.238913380135
-0.231582147191
-0.22421381009
-0.21680950319
-0.209370387975
-0.201897652421
-0.194392510188
-0.186856199643
-0.179289982696
-0.171695143463
-0.164072986741
-0.15642483631
-0.148752033059
-0.141055932936
-0.133337904749
-0.125599327804
-0.11784158941
-0.110066082258
-0.102274201683
-0.0944673428399
-0.0866468978013
-0.0788142526006
-0.0709707842419
-0.0631178576979
-0.0552568229186
-0.047389011875
-0.0395157356584
-0.0316382816614
-0.0237579108608
-0.0158758552242
-0.00799331526261
-0.000111457746764
0.00776858639508
0.0156457239812
0.0235189012692
0.0313871054265
0.0392493657686
0.0471047547592
0.0549523887694
0.0627914285934
0.0706210797236
0.0784405923893
0.0862492613674
0.0940464255725
0.101831467441
0.109603812125
0.117362926503
0.125108318047
0.132839533538
0.140556157673
0.14825781158
0.155944151253
0.163614865949
0.171269676552
0.178908333934
0.186530617341
0.194136332805
0.20172531163
0.209297408937
0.216852502309
0.224390490535
0.231911292469
0.239414846015
0.24690110723
0.254370049571
0.261821663259
0.269255954785
0.27667294653
0.284072676504
0.291455198193
0.298820580498
0.306168907751
0.313500279806
0.320814812165
0.328112636144
0.335393899043
0.342658764312
0.349907411689
0.357140037296
0.364356853662
0.371558089676
0.378743990439
0.385914817005
0.393070846002
0.400212369119
0.407339692453
0.414453135714
0.421553031277
0.428639723093
0.435713565448
0.442774921592
0.449824162228
0.456861663889
0.463887807203
0.470902975072
0.477907550774
0.484901916012
0.491886448927
0.498861522107
0.505827500599
0.512784739959
0.519733584363
0.52667436479
0.533607397323
0.54053298156
0.547451399181
0.554362912678
0.561267764264
0.568166174981
0.575058344018
0.581944448245
0.588824641977
0.595699056968
0.60256780264
0.609430966539
0.616288615025
0.623140794176
0.629987530909
0.636828834297
0.643664697069
0.650495097279
0.657320000122
0.664139359879
0.670953121965
0.67776122506
0.684563603301
0.691360188504
0.698150912398
0.704935708839
0.711714515993
0.718487278449
0.725253949247
0.732014491811
0.738768881744
0.745517108492
0.752259176844
0.758995108265
0.765724942051
0.772448736284
0.779166568605
0.785878536778
0.792584759054
0.79928537434
0.805980542167
0.81267044247
0.819355275179
0.82603525964
0.832710633873
0.83938165367
0.846048591565
0.852711735669
0.859371388406
0.866027865143
0.872681492755
0.879332608114
0.88598155654
0.892628690215
0.899274366578
0.905918946723
0.912562793794
0.91920627141
0.925849742114
0.932493565863
0.939138098571
0.945783690697
0.952430685899
0.959079419753
0.965730218533
0.972383398064
0.979039262643
0.985698104028
0.992360200497
0.999025815968
1.00569519919
1.01236858298
1.01904618354
1.0257281998
1.03241481284
1.03910618534
1.04580246106
1.05250376441
1.0592102
1.06592185228
1.07263878517
1.07936104174
1.08608864398
1.09282159249
1.09955986631
1.10630342274
1.11305219724
1.11980610329
1.12656503245
1.13332885426
1.14009741642
1.14687054487
1.15364804399
1.16042969688
1.16721526569
1.17400449205
1.18079709753
1.18759278424
1.19439123548
1.20119211646
1.20799507515
1.21479974316
1.22160573672
1.22841265775
1.235220095
1.24202762521
1.24883481441
1.25564121921
1.26244638816
1.26924986314
1.27605118078
1.28284987388
1.28964547286
1.29643750717
1.30322550672
1.31000900322
1.31678753151
1.32356063084
1.33032784609
1.3370887288
1.34384283829
1.35058974254
1.35732901895
1.36406025513
1.37078304937
1.37749701109
1.38420176116
1.39089693201
1.39758216763
1.40425712347
1.41092146613
1.41757487292
1.42421703135
1.4308476384
1.43746639973
1.44407302874
1.45066724557
1.45724877591
1.46381734985
1.47037270058
1.47691456303
1.48344267246
1.48995676311
1.49645656668
1.50294181094
1.50941221825
1.5158675042
1.52230737617
1.52873153205
1.53513965897
1.54153143207
1.54790651345
1.55426455109
1.56060517798
1.56692801132
1.57323265178
1.57951868297
1.58578567101
1.59203316417
1.59826069271
1.60446776883
1.61065388671
1.61681852273
1.62296113581
1.62908116779
1.63517804407
1.6412511742
1.64729995269
1.6533237599
1.65932196293
1.66529391671
1.67123896511
1.67715644207
1.6830456729
1.68890597549
1.69473666166
1.70053703853
1.70630640983
1.71204407735
1.71774934229
1.72342150665
1.72905987465
1.73466375403
1.7402324575
1.74576530397
1.75126161991
1.75672074056
1.76214201124
1.76752478844
1.77286844106
1.77817235142
1.7834359164
1.78865854843
1.79383967643
1.79897874676
1.8040752241
1.80912859227
1.81413835503
1.81910403686
1.82402518361
1.82890136325
1.83373216646
1.83851720728
1.84325612369
1.84794857812
1.85259425808
1.85719287659
1.86174417273
1.86624791211
1.87070388734
1.87511191854
1.87947185375
1.88378356942
1.88804697089
1.89226199282
1.89642859969
1.90054678625
1.90461657807
1.90863803197
1.91261123656
1.9165363128
1.92041341448
1.92424272885
1.92802447712
1.93175891511
1.93544633382
1.93908706007
1.94268145713
1.94622992535
1.94973290283
1.95319086609
1.95660433073
1.95997385212
1.96330002602
1.96658348931
1.96982492061
1.97302504092
1.97618461426
1.97930444824
1.98238539468
1.98542835006
1.98843425608
1.99140410009
1.99433891544
1.99723978185
2.00010782562
2.00294421988
2.00575018464
2.00852698684
2.01127594026
2.0139984054
2.01669578916
2.01936954448
2.02202116989
2.02465220891
2.02726424932
2.02985892235
2.03243790178
2.03500290282
2.037555681
2.04009803089
2.04263178466
2.04515881062
2.04768101164
2.05020032341
2.0527187127
2.05523817547
2.05776073498
2.06028843975
2.06282336154
2.06536759326
2.06792324684
2.07049245114
2.07307734977
2.07568009902
2.07830286571
2.08094782515
2.08361715917
2.08631305409
2.08903769897
2.09179328374
2.0945819976
2.09740602742
2.10026755638
2.10316876265
2.10611181828
2.10909888819
2.11213212944
2.11521369052
2.11834571095
2.12153032095
2.12476964141
2.12806578392
2.13142085107
2.13483693688
2.13831612745
2.14186050172
2.14547213244
2.14915308727
2.15290543001
2.15673122198
2.16063252351
2.16461139552
2.16866990117
2.17281010762
2.17703408779
2.18134392219
2.18574170071
2.19022952443
2.19480950742
2.19948377841
2.20425448243
2.20912378239
2.21409386046
2.21916691937
2.22434518349
2.22963089981
2.23502633864
2.24053379417
2.24615558468
2.25189405262
2.25775156438
2.26373050973
2.26983330107
2.27606237226
2.28242017728
2.28890918844
2.2955318944
2.30229079774
2.30918841233
2.31622726031
2.32340986878
2.33073876616
2.33821647828
2.34584552417
2.35362841153
2.36156763199
2.36966565608
2.37792492797
2.38634786
2.39493682698
2.40369416037
2.41262214222
2.42172299904
2.43099889551
2.44045192816
2.4500841189
2.45989740857
2.46989365046
2.48007460382
2.49044192746
2.50099717329
2.5117417801
2.52267706729
2.53380422885
2.54512432741
2.55663828852
2.56834689506
2.58025078192
2.59235043085
2.60464616562
2.6171381474
2.6298263704
2.64271065783
2.65579065813
2.66906584151
2.68253549683
2.69619872875
2.71005445522
2.72410140533
2.7383381174
2.75276293752
2.76737401827
2.78216931785
2.79714659952
2.81230343133
2.82763718611
2.84314504183
2.8588239822
2.87467079753
2.89068208588
2.90685425446
2.92318352124
2.93966591679
2.9562972864
2.97307329226
2.98998941599
3.00704096117
3.02422305622
3.04153065722
3.05895855105
3.07650135849
3.09415353757
3.11190938689
3.1297630491
3.14770851444
3.16573962434
3.18385007505
3.20203342136
3.22028308032
3.23859233502
3.25695433838
3.27536211695
3.29380857476
3.31228649714
3.33078855458
3.34930730658
3.36783520549
3.38636460042
3.40488774103
3.42339678149
3.44188378424
3.46034072398
3.47875949145
3.49713189737
3.51544967634
3.5337044907
3.5518879345
3.5699915374
3.58800676865
3.60592504103
3.62373771487
3.64143610205
3.65901147005
3.67645504602
3.69375802088
3.71091155342
3.7279067745
3.74473479121
3.76138669108
3.77785354635
3.79412641822
3.81019636118
3.8260544273
3.84169167065
3.8570991516
3.87226794128
3.88718912596
3.90185381151
3.91625312782
3.93037823325
3.94422031914
3.95777061418
3.97102038897
3.9839609604
3.99658369614
4.00888001905
4.02084141163
4.0324594204
4.0437256603
4.05463181902
4.06516966139
4.07533103362
4.08510786763
4.09449218522
4.10347610238
4.11205183335
4.12021169482
4.12794811003
4.13525361278
4.14212085148
4.14854259314
4.15451172726
4.1600212698
4.16506436701
4.16963429923
4.17372448474
4.17732848347
4.18044000072
4.18305289088
4.18516116107
4.18675897472
4.18784065522
4.18840068945
4.18843373128
4.18793460514
4.18689830941
4.1853200199
4.18319509324
4.18051907026
4.17728767932
4.17349683963
4.16914266449
4.16422146456
4.158729751
4.15266423865
4.1460218491
4.13879971373
4.13099517672
4.12260579795
4.11362935586
4.10406385025
4.09390750498
4.08315877059
4.07181632687
4.05987908529
4.04734619133
4.03421702675
4.0204912117
4.00616860672
3.99124931465
3.97573368231
3.9596223022
3.94291601388
3.92561590533
3.90772331406
3.88923982812
3.87016728692
3.85050778185
3.83026365675
3.80943750819
3.78803218553
3.76605079083
3.74349667855
3.72037345499
3.69668497765
3.67243535425
3.64762894163
3.62227034439
3.59636441336
3.56991624383
3.54293117355
3.51541478058
3.48737288084
3.45881152554
3.42973699831
3.40015581221
3.37007470644
3.33950064292
3.30844080262
3.27690258173
3.24489358758
3.2124216344
3.1794947389
3.14612111563
3.11230917219
3.07806750421
3.04340489022
3.0083302863
2.9728528206
2.93698178765
2.90072664258
2.86409699514
2.82710260357
2.78975336838
2.75205932595
2.71403064201
2.67567760501
2.63701061938
2.59804019862
2.55877695839
2.51923160943
2.47941495036
2.43933786051
2.39901129257
2.35844626519
2.31765385558
2.27664519201
2.23543144625
2.19402382598
2.15243356725
2.11067192682
2.06875017453
2.02667958569
1.98447143346
1.94213698127
1.89968747521
1.85713413657
1.81448815435
1.77176067781
1.72896280921
1.6861055965
1.64320002621
1.60025701638
1.55728740963
1.51430196638
1.4713113582
1.42832616124
1.38535684998
1.34241379098
1.29950723692
1.25664732081
1.21384405039
1.17110730273
1.12844681911
1.08587220005
1.04339290062
1.00101822601
0.958757327338
0.916619197668
0.874612668374
0.832746405714
0.791028907689
0.749468501188
0.708073339395
0.666851399483
0.625810480587
0.584958202051
0.544302001959
0.503849135939
0.463606676238
0.423581511072
0.383780344234
0.34420969497
0.304875898103
0.265785104403
0.2269432812
0.188356213225
0.150029503672
0.111968575475
0.0741786727838
0.0366648626298
-0.000567963224386
-0.0375150862717
-0.0741719590901
-0.110534203028
-0.146597605761
-0.182358118728
-0.217811854465
-0.252955083843
-0.287784233233
-0.322295881597
-0.356486757535
-0.390353736281
-0.423893836675
-0.457104218123
-0.489982177545
-0.522525146331
-0.554730687314
-0.586596491774
-0.618120376475
-0.649300280744
-0.680134263615
-0.710620501026
-0.74075728309
-0.770543011436
-0.799976196642
-0.829055455742
-0.857779509835
-0.886147181777
-0.914157393984
-0.941809166318
-0.96910161409
-0.996033946148
-1.02260546308
-1.04881555552
-1.07466370252
-1.10014947007
-1.12527250968
-1.15003255707
-1.17442943091
-1.19846303173
-1.22213334079
-1.24544041916
-1.26838440674
-1.29096552144
-1.31318405839
-1.3350403892
-1.35653496125
-1.37766829705
-1.39844099362
-1.41885372193
-1.43890722631
-1.45860232392
-1.4779399042
-1.49692092838
-1.51554642889
-1.53381750889
-1.55173534165
-1.56930117008
-1.58651630604
-1.60338212981
-1.61990008941
-1.63607169992
-1.65189854277
-1.66738226501
-1.68252457846
-1.69732725891
-1.7117921452
-1.72592113827
-1.73971620019
-1.75317935309
-1.76631267805
-1.77911831397
-1.79159845633
-1.80375535597
-1.81559131775
-1.82710869918
-1.83830990902
-1.84919740586
-1.85977369655
-1.87004133469
-1.88000291907
-1.88966109199
-1.89901853768
-1.90807798055
-1.91684218352
-1.92531394626
-1.93349610347
-1.94139152306
-1.94900310444
-1.95633377666
-1.96338649665
-1.97016424745
-1.97667003636
-1.98290689322
-1.9888778686
-1.99458603207
-2.00003447045
-2.0052262861
-2.01016459524
-2.01485252627
-2.01929321817
-2.02348981891
-2.02744548387
-2.03116337434
-2.03464665607
-2.03789849781
-2.04092206996
-2.04372054323
-2.04629708735
-2.04865486987
-2.05079705494
-2.05272680222
-2.05444726579
-2.05596159316
-2.05727292424
-2.05838439051
-2.0592991141
-2.06002020702
-2.06055077038
-2.06089389368
-2.0610526542
-2.06103011632
-2.06082933102
-2.06045333532
-2.05990515183
-2.05918778829
-2.0583042372
-2.05725747545
-2.05605046396
-2.05468614744
-2.0531674541
-2.0514972954
-2.04967856587
-2.04771414289
-2.04560688654
-2.04335963943
-2.04097522659
-2.03845645535
-2.03580611519
-2.03302697769
-2.03012179643
-2.02709330687
-2.0239442263
-2.02067725376
-2.01729506996
-2.0138003372
-2.01019569927
-2.00648378143
-2.00266719026
-1.9987485136
-1.99473032047
-1.99061516094
-1.98640556605
-1.9821040477
-1.9777130985
-1.9732351917
-1.968672781
-1.96402830047
-1.95930416437
-1.95450276702
-1.94962648262
-1.94467766514
-1.93965864811
-1.93457174449
-1.92941924646
-1.92420342531
-1.91892653117
-1.91359079294
-1.90819841803
-1.90275159223
-1.89725247952
-1.89170322188
-1.88610593915
-1.8804627288
-1.87477566582
-1.86904680251
-1.86327816834
-1.85747176976
-1.85162959009
-1.84575358929
-1.83984570388
-1.83390784675
-1.82794190701
-1.82194974989
-1.81593321654
-1.80989412394
-1.80383426476
-1.79775540719
-1.79165929484
-1.78554764661
-1.77942215654
-1.77328449371
-1.76713630205
-1.76097920029
-1.75481478175
-1.74864461426
-1.74247023998
-1.73629317528
-1.73011491059
-1.72393691027
-1.71776061241
-1.71158742871
-1.70541874433
-1.69925591769
-1.69310028029
-1.6869531366
-1.68081576379
-1.67468941164
-1.66857530226
-1.66247462998
-1.65638856109
-1.6503182337
-1.64426475748
-1.63822921353
-1.63221265414
-1.62621610258
-1.62024055296
-1.61428697
-1.60835628882
-1.60244941484
-1.59656722352
-1.59071056026
-1.58488024021
-1.57907704816
-1.57330173837
-1.5675550345
-1.56183762948
-1.55615018547
-1.55049333374
-1.5448676747
-1.53927377784
-1.53371218173
-1.52818339407
-1.52268789176
-1.51722612096
-1.51179849718
-1.50640540548
-1.50104720059
-1.49572420712
-1.4904367198
-1.48518500374
-1.4799692947
-1.47478979945
-1.4696466961
-1.4645401345
-1.45947023664
-1.45443709712
-1.44944078362
-1.44448133741
-1.43955877388
-1.43467308314
-1.42982423054
-1.42501215738
-1.42023678147
-1.41549799786
-1.41079567946
-1.40612967783
-1.40149982383
-1.39690592839
-1.39234778329
-1.38782516189
-1.38333781992
-1.37888549631
-1.37446791393
-1.37008478042
-1.36573578898
-1.36142061924
-1.35713893796
-1.35289039992
-1.34867464871
-1.34449131749
-1.34034002979
-1.33622040033
-1.33213203571
-1.32807453525
-1.32404749166
-1.32005049183
-1.31608311748
-1.31214494589
-1.30823555059
-1.30435450194
-1.30050136787
-1.29667571439
-1.29287710626
-1.2891051075
-1.28535928199
-1.28163919393
-1.27794440838
-1.27427449174
-1.27062901217
-1.26700754001
-1.26340964821
-1.25983491271
-1.25628291274
-1.25275323123
-1.24924545501
-1.24575917521
-1.24229398741
-1.23884949195
-1.2354252941
-1.23202100429
-1.22863623824
-1.22527061713
-1.22192376774
-1.21859532254
-1.21528491978
-1.21199220357
-1.20871682395
-1.20545843688
-1.20221670431
-1.19899129414
-1.19578188022
-1.19258814234
-1.18940976614
-1.18624644309
-1.18309787037
-1.17996375085
-1.17684379289
-1.17373771032
-1.17064522222
-1.16756605285
-1.16449993144
-1.16144659207
-1.15840577343
-1.15537721868
-1.15236067521
-1.14935589446
-1.14636263166
-1.14338064562
-1.14040969845
-1.13744955535
-1.13449998431
-1.13156075585
-1.12863164272
-1.12571241963
-1.12280286294
-1.11990275035
-1.11701186058
-1.11412997308
-1.11125686766
-1.10839232419
-1.10553612227
-1.10268804085
-1.09984785793
-1.09701535019
-1.09419029264
-1.09137245832
-1.08856161787
-1.08575753927
-1.08295998741
-1.08016872384
-1.07738350636
-1.0746040887
-1.07183022025
-1.06906164566
-1.06629810457
-1.06353933131
-1.0607850546
-1.05803499727
-1.05528887599
-1.05254640101
-1.04980727596
-1.04707119754
-1.04433785543
-1.04160693198
-1.03887810215
-1.03615103327
-1.03342538498
-1.03070080906
-1.02797694943
-1.025253442
-1.02252991468
-1.0198059874
-1.01708127204
-1.01435537257
-1.01162788505
-1.00889839775
-1.00616649131
-1.00343173883
-1.0006937061
-0.997951951792
-0.995206027732
-0.99245547913
-0.989699844906
-0.986938658016
-0.984171445808
-0.98139773041
-0.97861702915
-0.975828854994
-0.973032717021
-0.970228120921
-0.967414569518
-0.96459156332
-0.961758601089
-0.958915180445
-0.95606079848
-0.9531949524
-0.950317140185
-0.947426861271
-0.944523617242
-0.941606912548
-0.938676255231
-0.935731157662
-0.932771137299
-0.929795717443
-0.926804428012
-0.923796806317
-0.920772397842
-0.917730757029
-0.914671448065
-0.911594045662
-0.908498135846
-0.905383316729
-0.902249199284
-0.899095408109
-0.895921582177
-0.892727375582
-0.889512458266
-0.88627651673
-0.883019254734
-0.87974039397
-0.876439674721
-0.873116856493
-0.869771718628
-0.866404060887
-0.863013704008
-0.859600490238
-0.856164283832
-0.852704971521
-0.849222462951
-0.845716691085
-0.842187612577
-0.838635208101
-0.835059482652
-0.831460465805
-0.827838211944
-0.82419280044
-0.820524335805
-0.816832947792
-0.813118791472
-0.809382047254
-0.805622920879
-0.801841643366
-0.798038470925
-0.794213684821
-0.790367591211
-0.78650052093
-0.782612829247
-0.778704895579
-0.77477712317
-0.77082993873
-0.766863792044
-0.762879155538
-0.758876523819
-0.754856413178
-0.750819361058
-0.746765925502
-0.742696684554
-0.738612235651
-0.734513194974
-0.730400196778
-0.726273892699
-0.722134951036
-0.71798405601
-0.71382190701
-0.709649217812
-0.705466715785
-0.701275141083
-0.69707524582
-0.692867793234
-0.688653556844
-0.684433319589
-0.680207872971
-0.67597801618
-0.671744555226
-0.667508302059
-0.663270073694
-0.659030691334
-0.654790979492
-0.650551765121
-0.646313876746
-0.642078143604
-0.637845394788
-0.633616458404
-0.629392160738
-0.625173325427
-0.620960772658
-0.616755318366
-0.612557773455
-0.608368943035
-0.604189625676
-0.600020612679
-0.595862687368
-0.591716624407
-0.58758318913
-0.583463136902
-0.579357212496
-0.575266149502
-0.571190669756
-0.567131482794
-0.563089285339
-0.559064760805
-0.555058578838
-0.551071394879
-0.54710384976
-0.543156569322
-0.539230164072
-0.535325228862
-0.531442342598
-0.527582067985
-0.523744951293
-0.519931522164
-0.516142293435
-0.512377761006
-0.508638403726
-0.504924683313
-0.501237044307
-0.497575914042
-0.493941702659
-0.490334803135
-0.486755591349
-0.48320442617
-0.479681649571
-0.476187586773
-0.472722546409
-0.469286820712
-0.465880685735
-0.462504401577
-0.45915821265
-0.455842347949
-0.45255702135
-0.449302431928
-0.446078764286
-0.442886188903
-0.439724862498
-0.436594928405
-0.433496516962
-0.430429745908
-0.427394720796
-0.424391535409
-0.421420272184
-0.418481002641
-0.415573787823
-0.412698678729
-0.409855716757
-0.407044934145
-0.404266354409
-0.401519992783
-0.398805856655
-0.396123945997
-0.393474253791
-0.390856766447
-0.388271464216
-0.385718321594
-0.383197307712
-0.380708386721
-0.378251518164
-0.375826657335
-0.373433755624
-0.37107276085
-0.368743617582
-0.366446267439
-0.36418064938
-0.361946699975
-0.359744353663
-0.357573542993
-0.35543419884
-0.353326250621
-0.351249626476
-0.349204253444
-0.347190057617
-0.345206964277
-0.34325489802
-0.341333782857
-0.339443542305
-0.337584099457
-0.335755377042
-0.333957297461
-0.332189782816
-0.330452754921
-0.328746135302
-0.327069845179
-0.325423805436
-0.323807936585
-0.322222158713
-0.320666391416
-0.319140553727
-0.317644564036
-0.316178339996
-0.314741798422
-0.313334855187
-0.311957425104
-0.31060942181
-0.309290757636
-0.308001343477
-0.306741088659
-0.305509900799
-0.304307685665
-0.303134347029
-0.301989786524
-0.300873903498
-0.299786594861
-0.298727754945
-0.297697275349
-0.296695044796
-0.295720948987
-0.294774870454
-0.293856688421
-0.292966278659
-0.292103513353
-0.291268260963
-0.290460386094
-0.289679749366
-0.288926207287
-0.288199612136
-0.287499811838
-0.286826649856
-0.286179965077
-0.285559591709
-0.284965359175
-0.28439709202
-0.283854609818
-0.283337727079
-0.28284625317
-0.282379992236
-0.281938743119
-0.281522299296
-0.281130448808
-0.280762974204
-0.28041965248
-0.280100255034
-0.279804547614
-0.279532290283
-0.279283237378
-0.279057137481
-0.278853733394
-0.278672762115
-0.278513954827
-0.278377036885
-0.278261727811
-0.278167741296
-0.278094785209
-0.278042561603
-0.278010766742
-0.277999091119
-0.278007219488
-0.278034830905
-0.278081598767
-0.278147190865
-0.278231269441
-0.278333491252
-0.278453507642
-0.27859096462
-0.278745502948
-0.278916758234
-0.279104361032
-0.279307936955
-0.279527106792
-0.279761486631
-0.280010687998
-0.280274317994
-0.28055197945
-0.280843271085
-0.281147787674
-0.281465120221
-0.281794856151
-0.282136579496
-0.2824898711
-0.282854308829
-0.28322946779
-0.283614920552
-0.284010237389
-0.284414986514
-0.284828734332
-0.285251045699
-0.285681484181
-0.286119612329
-0.286564991955
-0.287017184413
-0.287475750893
-0.28794025271
-0.288410251609
-0.288885310064
-0.289364991591
-0.289848861054
-0.290336484985
-0.2908274319
-0.291321272616
-0.291817580574
-0.292315932162
-0.292815907035
-0.293317088436
-0.293819063522
-0.29432142368
-0.294823764845
-0.295325687815
-0.295826798565
-0.296326708554
-0.296825035028
-0.297321401321
-0.297815437144
-0.298306778876
-0.298795069845
-0.299279960597
-0.299761109165
-0.300238181324
-0.300710850843
-0.301178799718
-0.30164171841
-0.302099306057
-0.302551270688
-0.302997329419
-0.303437208643
-0.303870644202
-0.304297381556
-0.304717175931
-0.305129792464
-0.305535006327
-0.305932602843
-0.306322377593
-0.306704136501
-0.307077695918
-0.307442882682
-0.307799534173
-0.308147498352
-0.30848663379
-0.308816809685
-0.309137905859
-0.309449812755
-0.309752431414
-0.31004567344
-0.310329460962
-0.310603726574
-0.31086841327
-0.311123474371
-0.311368873435
-0.311604584163
-0.311830590292
-0.31204688548
-0.312253473186
-0.312450366535
-0.312637588179
-0.312815170151
-0.31298315371
-0.313141589181
-0.31329053579
-0.313430061488
-0.313560242774
-0.313681164516
-0.313792919759
-0.313895609534
-0.313989342668
-0.314074235579
-0.314150412079
-0.31421800317
-0.314277146838
-0.314327987842
-0.31437067751
-0.314405373527
-0.314432239724
-0.314451445865
-0.314463167437
-0.314467585442
-0.314464886178
-0.314455261037
-0.314438906289
-0.314416022879
-0.314386816216
-0.314351495969
-0.314310275863
-0.314263373477
-0.314211010044
-0.314153410254
-0.314090802057
-0.314023416472
-0.313951487395
-0.31387525141
-0.313794947609
-0.313710817403
-0.313623104348
-0.313532053967
-0.313437913576
-0.313340932115
-0.313241359979
-0.313139448856
-0.313035451568
-0.312929621909
-0.312822214495
-0.31271348461
-0.312603688063
-0.312493081037
-0.312381919955
-0.312270461339
-0.312158961675
-0.312047677286
-0.3119368642
-0.311826778028
-0.311717673842
-0.311609806059
-0.311503428326
-0.311398793407
-0.311296153079
-0.311195758021
-0.31109785772
-0.311002700367
-0.310910532762
-0.310821600224
-0.310736146502
-0.310654413684
-0.310576642119
-0.310503070331
-0.310433934945
-0.31036947061
-0.310309909927
-0.310255483377
-0.310206419256
-0.310162943605
-0.310125280154
-0.310093650253
-0.310068272819
-0.310049364278
-0.310037138507
-0.310031806783
-0.310033577734
-0.310042657282
-0.310059248601
-0.310083552067
-0.310115765212
-0.310156082678
-0.310204696176
-0.310261794438
-0.310327563179
-0.310402185052
-0.310485839611
-0.310578703262
-0.310680949231
-0.310792747517
-0.310914264856
-0.311045664678
-0.311187107065
-0.311338748714
-0.311500742895
-0.311673239407
-0.311856384537
-0.312050321022
-0.312255187999
-0.312471120969
-0.312698251746
-0.312936708421
-0.31318661531
-0.31344809291
-0.313721257855
-0.314006222868
-0.314303096714
-0.314611984152
-0.314932985887
-0.315266198523
-0.315611714511
-0.315969622103
-0.316340005303
-0.316722943817
-0.317118513002
-0.317526783822
-0.317947822798
-0.318381691956
-0.318828448786
-0.319288146193
-0.319760832449
-0.320246551155
-0.320745341189
-0.321257236675
-0.321782266932
-0.322320456446
-0.322871824824
-0.32343638677
-0.324014152044
-0.324605125438
-0.325209306748
-0.325826690751
-0.326457267182
-0.32710102072
-0.32775793097
-0.328427972455
-0.329111114608
-0.329807321771
-0.330516553192
-0.331238763033
-0.331973900377
-0.332721909244
-0.333482728609
-0.33425629242
-0.335042529633
-0.335841364236
-0.336652715292
-0.337476496977
-0.338312618629
-0.339160984798
-0.340021495302
-0.340894045291
-0.341778525312
-0.342674821379
-0.343582815054
-0.344502383523
-0.345433399686
-0.346375732246
-0.347329245807
-0.348293800972
-0.34926925445
-0.350255459166
-0.351252264374
-0.352259515773
-0.353277055634
-0.354304722923
-0.355342353434
-0.356389779918
-0.357446832226
-0.358513337447
-0.359589120049
-0.360674002034
-0.361767803077
-0.362870340688
-0.36398143036
-0.36510088573
-0.366228518733
-0.367364139769
-0.368507557858
-0.369658580811
-0.370817015387
-0.371982667466
-0.373155342208
-0.374334844226
-0.375520977748
-0.376713546788
-0.377912355311
-0.3791172074
-0.380327907421
-0.381544260191
-0.382766071141
-0.383993146476
-0.385225293345
-0.386462319991
-0.387704035921
-0.388950252053
-0.390200780877
-0.391455436606
-0.392714035326
-0.393976395148
-0.395242336344
-0.396511681503
-0.397784255658
-0.399059886431
-0.400338404167
-0.401619642057
-0.402903436275
-0.404189626096
-0.405478054019
-0.40676856588
-0.408061010973
-0.409355242153
-0.410651115942
-0.411948492637
-0.413247236402
-0.414547215366
-0.415848301711
-0.417150371761
-0.418453306062
-0.419756989462
-0.421061311185
-0.422366164899
-0.423671448787
-0.424977065604
-0.426282922736
-0.427588932257
-0.428895010975
-0.430201080476
-0.431507067171
-0.432812902326
-0.434118522101
-0.435423867573
-0.436728884765
-0.438033524664
-0.439337743237
-0.440641501442
-0.44194476524
-0.44324750559
-0.444549698459
-0.445851324805
-0.447152370581
-0.448452826708
-0.449752689067
-0.451051958476
-0.452350640658
-0.453648746217
-0.4549462906
-0.456243294061
-0.457539781615
-0.458835782993
-0.46013133259
-0.461426469407
-0.462721236996
-0.464015683393
-0.465309861047
-0.466603826755
-0.467897641576
-0.469191370759
-0.470485083651
-0.471778853613
-0.473072757922
-0.474366877678
-0.4756612977
-0.476956106421
-0.47825139578
-0.479547261104
-0.480843800999
-0.482141117219
-0.48343931455
-0.484738500675
-0.486038786045
-0.487340283742
-0.488643109341
-0.489947380764
-0.491253218138
-0.492560743644
-0.493870081365
-0.495181357127
-0.49649469835
-0.497810233876
-0.499128093813
-0.500448409368
-0.501771312677
-0.503096936634
-0.504425414721
-0.505756880832
-0.5070914691
-0.508429313715
-0.509770548748
-0.511115307972
-0.512463724679
-0.5138159315
-0.515172060223
-0.516532241611
-0.517896605215
-0.5192652792
-0.520638390154
-0.522016062912
-0.523398420373
-0.524785583319
-0.526177670239
-0.527574797146
-0.528977077408
-0.530384621566
-0.531797537168
-0.533215928594
-0.534639896891
-0.536069539608
-0.537504950631
-0.538946220025
-0.540393433878
-0.541846674147
-0.543306018511
-0.544771540224
-0.54624330797
-0.547721385733
-0.549205832656
-0.55069670292
-0.552194045611
-0.553697904607
-0.555208318463
-0.556725320299
-0.558248937695
-0.559779192596
-0.561316101215
-0.562859673944
-0.564409915275
-0.56596682372
-0.567530391741
-0.569100605682
-0.570677445714
-0.572260885779
-0.573850893541
-0.575447430347
-0.57705045119
-0.578659904678
-0.580275733016
-0.581897871983
-0.583526250924
-0.585160792744
-0.58680141391
-0.588448024456
-0.590100527999
-0.591758821756
-0.593422796571
-0.595092336945
-0.596767321071
-0.598447620882
-0.600133102092
-0.601823624258
-0.603519040833
-0.605219199236
-0.606923940917
-0.608633101441
-0.61034651056
-0.612063992305
-0.613785365077
-0.615510441739
-0.617239029721
-0.618970931124
-0.620705942831
-0.622443856618
-0.62418445928
-0.625927532745
-0.627672854211
-0.629420196268
-0.631169327042
-0.632920010325
-0.634672005726
-0.63642506881
-0.638178951252
-0.639933400987
-0.641688162368
-0.643442976323
-0.645197580518
-0.646951709522
-0.648705094971
-0.650457465743
-0.652208548127
-0.653958066
-0.655705740999
-0.657451292707
-0.659194438832
-0.660934895387
-0.662672376878
-0.664406596492
-0.666137266283
-0.667864097365
-0.6695868001
-0.671305084294
-0.673018659391
-0.674727234671
-0.67643051944
-0.678128223236
-0.679820056025
-0.681505728397
-0.683184951776
-0.684857438612
-0.68652290259
-0.68818105883
-0.689831624093
-0.691474316982
-0.693108858148
-0.694734970497
-0.696352379391
-0.697960812857
-0.699560001791
-0.701149680163
-0.702729585224
-0.704299457708
-0.705859042041
-0.707408086545
-0.708946343639
-0.710473570048
-0.711989527
-0.713493980436
-0.714986701204
-0.716467465267
-0.717936053896
-0.719392253875
-0.720835857693
-0.722266663743
-0.723684476516
-0.725089106793
-0.726480371836
-0.727858095577
-0.729222108807
-0.730572249357
-0.731908362282
-0.733230300041
-0.734537922673
-0.735831097973
-0.737109701659
-0.738373617543
-0.739622737694
-0.740856962596
-0.74207620131
-0.743280371621
-0.744469400188
-0.745643222689
-0.746801783959
-0.747945038124
-0.74907294873
-0.750185488867
-0.751282641286
-0.752364398514
-0.753430762956
-0.754481747001
-0.755517373109
-0.756537673903
-0.757542692249
-0.758532481324
-0.759507104689
-0.760466636341
-0.761411160767
-0.762340772984
-0.763255578579
-0.764155693725
-0.765041245209
-0.765912370433
-0.766769217421
-0.7676119448
-0.768440721793
-0.769255728182
-0.770057154275
-0.770845200858
-0.771620079138
-0.772382010677
-0.773131227314
-0.773867971079
-0.774592494094
-0.775305058471
-0.776005936186
-0.776695408959
-0.77737376811
-0.778041314414
-0.778698357939
-0.779345217878
-0.77998222237
-0.780609708308
-0.78122802114
-0.781837514658
-0.782438550779
-0.783031499313
-0.783616737723
-0.784194650879
-0.784765630795
-0.785330076361
-0.785888393068
-0.786440992722
-0.786988293147
-0.787530717885
-0.788068695885
-0.788602661179
-0.789133052566
-0.789660313269
-0.790184890602
-0.79070723562
-0.791227802768
-0.791747049522
-0.792265436029
-0.792783424732
-0.793301480005
-0.793820067771
-0.794339655124
-0.794860709945
-0.795383700513
-0.795909095121
-0.796437361683
-0.796968967341
-0.797504378076
-0.79804405831
-0.798588470519
-0.799138074834
-0.799693328655
-0.80025468626
-0.800822598414
-0.801397511989
-0.801979869578
-0.802570109116
-0.803168663509
-0.803775960259
-0.804392421102
-0.805018461647
-0.805654491021
-0.806300911519
-0.806958118268
-0.807626498889
-0.808306433168
-0.808998292743
-0.809702440789
-0.810419231718
-0.811149010882
-0.811892114299
-0.812648868368
-0.813419589611
-0.814204584423
-0.815004148819
-0.815818568213
-0.816648117191
-0.817493059302
-0.818353646861
-0.819230120766
-0.820122710318
-0.821031633063
-0.821957094643
-0.822899288657
-0.823858396534
-0.824834587429
-0.825828018113
-0.826838832895
-0.827867163545
-0.82891312923
-0.829976836471
-0.831058379104
-0.832157838258
-0.833275282347
-0.834410767067
-0.835564335418
-0.836736017726
-0.837925831685
-0.839133782408
-0.840359862494
-0.841604052097
-0.842866319021
-0.844146618813
-0.845444894874
-0.846761078585
-0.84809508943
-0.849446835146
-0.850816211872
-0.852203104313
-0.853607385908
-0.85502891902
-0.856467555117
-0.857923134978
-0.8593954889
-0.860884436913
-0.862389789001
-0.863911345342
-0.865448896536
-0.867002223857
-0.868571099504
-0.870155286855
-0.871754540735
-0.87336860768
-0.874997226214
-0.876640127125
-0.878297033748
-0.87996766225
-0.881651721922
-0.883348915466
-0.885058939297
-0.886781483833
-0.888516233799
-0.890262868527
-0.892021062254
-0.89379048443
-0.895570800017
-0.897361669794
-0.899162750658
-0.900973695926
-0.90279415564
-0.904623776861
-0.90646220397
-0.908309078967
-0.910164041757
-0.912026730451
-0.913896781647
-0.915773830719
-0.917657512097
-0.919547459549
-0.921443306448
-0.923344686051
-0.92525123176
-0.92716257738
-0.929078357384
-0.930998207156
-0.93292176324
-0.934848663584
-0.93677854777
-0.938711057245
-0.940645835546
-0.942582528517
-0.944520784519
-0.94646025464
-0.948400592887
-0.950341456384
-0.952282505557
-0.954223404315
-0.956163820219
-0.958103424656
-0.960041892993
-0.961978904733
-0.963914143663
-0.965847297994
-0.967778060495
-0.969706128621
-0.971631204633
-0.973552995713
-0.975471214075
-0.977385577063
-0.979295807252
-0.981201632532
-0.983102786197
-0.984999007018
-0.986890039321
-0.988775633048
-0.990655543819
-0.992529532991
-0.994397367701
-0.996258820917
-0.998113671474
-0.999961704108
-1.00180270949
-1.00363648424
-1.00546283097
-1.00728155826
-1.00909248072
-1.01089541895
-1.01269019957
-1.01447665523
-1.01625462456
-1.0180239522
-1.01978448879
-1.02153609092
-1.02327862114
-1.02501194794
-1.0267359457
-1.02845049469
-1.03015548101
-1.03185079658
-1.03353633909
-1.03521201196
-1.03687772429
-1.03853339086
-1.040178932
-1.04181427363
-1.04343934714
-1.04505408937
-1.04665844254
-1.0482523542
-1.04983577716
-1.05140866942
-1.05297099413
-1.0545227195
-1.05606381875
-1.05759427
-1.05911405625
-1.06062316527
-1.06212158951
-1.06360932606
-1.06508637655
-1.06655274706
-1.06800844803
-1.06945349421
-1.07088790453
-1.07231170201
-1.07372491371
-1.07512757059
-1.07651970742
-1.07790136273
-1.07927257863
-1.08063340078
-1.08198387824
-1.0833240634
-1.08465401183
-1.08597378222
-1.08728343624
-1.08858303843
-1.08987265609
-1.09115235917
-1.09242222014
-1.09368231389
-1.0949327176
-1.09617351062
-1.09740477435
-1.09862659211
-1.09983904902
-1.10104223189
-1.10223622907
-1.10342113033
-1.10459702674
-1.10576401055
-1.10692217501
-1.10807161433
-1.10921242347
-1.11034469803
-1.11146853416
-1.11258402838
-1.11369127748
-1.11479037838
-1.115881428
-1.11696452316
-1.11803976039
-1.11910723587
-1.12016704529
-1.12121928368
-1.12226404534
-1.12330142372
-1.12433151126
-1.1253543993
-1.12637017797
-1.12737893604
-1.12838076088
-1.12937573827
-1.13036395235
-1.1313454855
-1.13232041824
-1.13328882912
-1.13425079465
-1.13520638919
-1.13615568488
-1.13709875152
-1.13803565656
-1.13896646492
-1.13989123904
-1.14081003869
-1.141722921
-1.14262994035
-1.1435311483
-1.14442659361
-1.14531632211
-1.14620037669
-1.14707879728
-1.14795162077
-1.14881888104
-1.14968060886
-1.15053683194
-1.15138757486
-1.1522328591
-1.153072703
-1.15390712175
-1.15473612745
-1.15555972903
-1.15637793234
-1.15719074012
-1.15799815203
-1.15880016466
-1.15959677159
-1.16038796338
-1.16117372765
-1.16195404909
-1.16272890951
-1.16349828789
-1.16426216044
-1.16502050062
-1.16577327925
-1.16652046455
-1.16726202219
-1.16799791537
-1.16872810489
-1.16945254924
-1.17017120465
-1.1708840252
-1.17159096288
-1.17229196766
-1.17298698763
-1.17367596904
-1.17435885639
-1.17503559257
-1.17570611892
-1.17637037529
-1.17702830022
-1.17767983096
-1.17832490362
-1.17896345325
-1.17959541391
-1.18022071883
-1.18083930047
-1.18145109061
-1.18205602051
-1.18265402092
-1.18324502227
-1.1838289547
-1.1844057482
-1.18497533269
-1.18553763812
-1.18609259456
-1.1866401323
-1.18718018195
-1.18771267452
-1.18823754149
-1.18875471495
-1.18926412763
-1.18976571301
-1.19025940543
-1.19074514009
-1.1912228532
-1.19169248203
-1.19215396498
-1.19260724162
-1.19305225283
-1.19348894077
-1.19391724903
-1.19433712261
-1.19474850803
-1.19515135335
-1.19554560823
-1.19593122398
-1.19630815358
-1.19667635173
-1.19703577491
-1.19738638137
-1.19772813117
-1.19806098623
-1.19838491032
-1.1986998691
-1.19900583012
-1.19930276283
-1.19959063861
-1.19986943076
-1.20013911449
-1.20039966694
-1.20065106715
-1.20089329609
-1.20112633661
-1.20135017346
-1.20156479323
-1.20177018437
-1.20196633715
-1.20215324365
-1.20233089769
-1.20249929486
-1.20265843244
-1.20280830937
-1.20294892623
-1.2030802852
-1.20320239
-1.20331524584
-1.20341885941
-1.2035132388
-1.20359839346
-1.20367433415
-1.20374107289
-1.20379862288
-1.2038469985
-1.2038862152
-1.20391628946
-1.20393723875
-1.20394908143
-1.20395183675
-1.20394552472
-1.20393016611
-1.20390578236
-1.20387239551
-1.20383002819
-1.20377870347
-1.2037184449
-1.20364927637
-1.20357122211
-1.20348430657
-1.20338855444
-1.2032839905
-1.20317063965
-1.20304852679
-1.20291767681
-1.20277811451
-1.20262986455
-1.20247295141
-1.20230739935
-1.20213323232
-1.20195047395
-1.20175914753
-1.20155927588
-1.2013508814
-1.20113398599
-1.200908611
-1.20067477722
-1.20043250485
-1.20018181342
-1.19992272184
-1.19965524829
-1.19937941026
-1.19909522448
-1.19880270694
-1.19850187281
-1.19819273651
-1.19787531162
-1.19754961088
-1.19721564622
-1.19687342872
-1.19652296859
-1.1961642752
-1.19579735704
-1.19542222177
-1.19503887617
-1.19464732615
-1.1942475768
-1.19383963234
-1.19342349617
-1.19299917084
-1.19256665811
-1.19212595893
-1.19167707346
-1.1912200011
-1.19075474047
-1.1902812895
-1.18979964537
-1.18930980458
-1.18881176298
-1.18830551574
-1.18779105745
-1.18726838207
-1.18673748301
-1.18619835315
-1.18565098483
-1.18509536994
-1.18453149988
-1.18395936566
-1.18337895788
-1.18279026677
-1.18219328224
-1.18158799388
-1.18097439104
-1.18035246281
-1.17972219806
-1.17908358552
-1.17843661373
-1.17778127116
-1.17711754615
-1.17644542702
-1.17576490205
-1.17507595952
-1.17437858777
-1.17367277518
-1.17295851021
-1.17223578147
-1.17150457768
-1.17076488776
-1.1700167008
-1.16926000612
-1.16849479328
-1.16772105212
-1.16693877274
-1.16614794556
-1.16534856133
-1.16454061115
-1.16372408646
-1.1628989791
-1.1620652813
-1.16122298571
-1.16037208538
-1.15951257382
-1.15864444496
-1.15776769323
-1.15688231347
-1.15598830104
-1.15508565176
-1.15417436194
-1.15325442839
-1.15232584838
-1.15138861972
-1.1504427407
-1.1494882101
-1.1485250272
-1.14755319179
-1.14657270413
-1.14558356498
-1.14458577559
-1.14357933767
-1.14256425342
-1.14154052548
-1.14050815697
-1.13946715143
-1.13841751285
-1.13735924564
-1.13629235462
-1.13521684502
-1.13413272243
-1.13303999285
-1.13193866261
-1.1308287384
-1.12971022724
-1.12858313645
-1.12744747366
-1.12630324678
-1.12515046399
-1.12398913371
-1.12281926459
-1.12164086552
-1.12045394557
-1.11925851399
-1.11805458021
-1.11684215378
-1.11562124443
-1.11439186196
-1.11315401631
-1.11190771747
-1.11065297553
-1.10938980061
-1.10811820291
-1.10683819261
-1.10554977995
-1.10425297514
-1.10294778841
-1.10163422995
-1.10031230994
-1.09898203851
-1.09764342576
-1.09629648172
-1.09494121638
-1.09357763966
-1.09220576142
-1.09082559144
-1.08943713944
-1.08804041508
-1.08663542793
-1.08522218751
-1.08380070327
-1.08237098461
-1.08093304085
-1.07948688131
-1.07803251524
-1.07656995188
-1.07509920044
-1.07362027016
-1.07213317025
-1.07063790999
-1.06913449867
-1.06762294567
-1.06610326042
-1.06457545249
-1.06303953155
-1.06149550742
-1.05994339009
-1.05838318975
-1.05681491681
-1.05523858194
-1.05365419606
-1.05206177043
-1.05046131663
-1.0488528466
-1.04723637269
-1.04561190769
-1.04397946483
-1.04233905787
-1.04069070108
-1.0390344093
-1.03737019798
-1.0356980832
-1.03401808171
-1.03233021097
-1.0306344892
-1.02893093536
-1.02721956927
-1.02550041157
-1.02377348379
-1.02203880838
-1.02029640875
-1.01854630929
-1.01678853541
-1.01502311357
-1.01325007132
-1.01146943732
-1.00968124138
-1.00788551447
-1.00608228878
-1.0042715977
-1.00245347591
-1.00062795934
-0.998795085218
-0.996954892109
-0.99510741991
-0.993252709879
-0.99139080465
-0.989521748249
-0.987645586105
-0.985762365065
-0.983872133402
-0.981974940825
-0.980070838482
-0.978159878968
-0.976242116326
-0.974317606048
-0.972386405072
-0.970448571784
-0.968504166007
-0.966553248998
-0.964595883436
-0.962632133414
-0.960662064424
-0.958685743343
-0.956703238418
-0.954714619244
-0.952719956747
-0.950719323158
-0.948712791994
-0.946700438027
-0.944682337261
-0.942658566899
-0.940629205314
-0.938594332017
-0.936554027623
-0.934508373814
-0.932457453304
-0.930401349799
-0.928340147958
-0.926273933355
-0.924202792432
-0.92212681246
-0.920046081493
-0.917960688325
-0.91587072244
-0.91377627397
-0.911677433644
-0.909574292743
-0.907466943046
-0.905355476789
-0.903239986607
-0.901120565489
-0.898997306725
-0.896870303859
-0.894739650632
-0.89260544094
-0.890467768775
-0.888326728179
-0.886182413195
-0.88403491781
-0.881884335914
-0.879730761241
-0.87757428733
-0.875415007468
-0.873253014647
-0.871088401514
-0.868921260325
-0.866751682902
-0.864579760582
-0.862405584179
-0.860229243935
-0.858050829484
-0.855870429804
-0.853688133182
-0.85150402717
-0.849318198553
-0.847130733308
-0.844941716566
-0.842751232585
-0.84055936471
-0.838366195346
-0.836171805923
-0.833976276872
-0.831779687592
-0.82958211643
-0.827383640649
-0.825184336411
-0.822984278752
-0.820783541561
-0.818582197562
-0.8163803183
-0.814177974117
-0.811975234146
-0.809772166295
-0.807568837233
-0.805365312385
-0.803161655922
-0.800957930752
-0.798754198519
-0.796550519598
-0.794346953092
-0.792143556831
-0.789940387378
-0.787737500025
-0.785534948804
-0.783332786486
-0.781131064596
-0.778929833413
-0.776729141991
-0.774529038159
-0.772329568547
-0.770130778588
-0.767932712547
-0.765735413529
-0.763538923503
-0.761343283323
-0.759148532748
-0.756954710468
-0.754761854127
-0.752570000349
-0.750379184769
-0.748189442059
-0.746000805959
-0.743813309311
-0.741626984088
-0.73944186143
-0.737257971681
-0.735075344424
-0.73289400852
-0.730713992143
-0.728535322825
-0.726358027494
-0.724182132519
-0.722007663748
-0.719834646557
-0.71766310589
-0.71549306631
-0.713324552042
-0.711157587019
-0.708992194934
-0.706828399284
-0.704666223422
-0.702505690604
-0.700346824043
-0.698189646954
-0.696034182608
-0.693880454381
-0.691728485806
-0.689578300624
-0.687429922833
-0.68528337674
-0.683138687012
-0.680995878726
-0.678854977417
-0.67671600913
-0.674579000467
-0.672443978635
-0.670310971494
-0.668180007604
-0.666051116268
-0.663924327578
-0.661799672458
-0.659677182704
-0.657556891029
-0.655438831094
-0.653323037553
-0.651209546083
-0.649098393418
-0.646989617385
-0.644883256926
-0.642779352131
-0.640677944262
-0.638579075772
-0.636482790327
-0.634389132826
-0.63229814941
-0.630209887477
-0.628124395691
-0.626041723985
-0.623961923568
-0.621885046918
-0.619811147786
-0.617740281181
-0.615672503365
-0.613607871836
-0.611546445311
-0.609488283704
-0.607433448103
-0.605382000739
-0.603334004954
-0.601289525167
-0.599248626831
-0.597211376391
-0.595177841236
-0.593148089649
-0.591122190747
-0.58910021443
-0.587082231311
-0.585068312653
-0.583058530299
-0.581052956597
-0.579051664324
-0.577054726605
-0.575062216828
-0.573074208558
-0.571090775444
-0.569111991129
-0.567137929149
-0.565168662837
-0.563204265217
-0.561244808904
-0.55929036599
-0.557341007943
-0.555396805486
-0.55345782849
-0.551524145857
-0.5495958254
-0.54767293373
-0.545755536133
-0.543843696451
-0.541937476959
-0.540036938249
-0.538142139101
-0.536253136369
-0.534369984853
-0.532492737184
-0.5306214437
-0.528756152329
-0.526896908472
-0.525043754884
-0.523196731566
-0.521355875646
-0.519521221275
-0.517692799515
-0.515870638242
-0.51405476204
-0.512245192104
-0.510441946151
-0.508645038326
-0.506854479119
-0.505070275288
-0.503292429777
-0.50152094165
-0.499755806027
-0.497997014021
-0.496244552687
-0.494498404976
-0.49275854969
-0.491024961451
-0.489297610673
-0.487576463538
-0.485861481987
-0.484152623712
-0.482449842155
-0.480753086522
-0.479062301793
-0.477377428754
-0.475698404025
-0.474025160103
-0.472357625411
-0.470695724356
-0.469039377394
-0.467388501107
-0.465743008285
-0.464102808018
-0.462467805796
-0.460837903621
-0.459213000122
-0.45759299068
-0.455977767568
-0.454367220089
-0.452761234733
-0.45115969533
-0.449562483226
-0.447969477454
-0.446380554918
-0.44479559059
-0.443214457702
-0.441637027959
-0.44006317175
-0.43849275837
-0.436925656246
-0.435361733172
-0.433800856551
-0.432242893638
-0.430687711795
-0.429135178745
-0.427585162835
-0.426037533306
-0.424492160559
-0.422948916433
-0.421407674482
-0.41986831026
-0.4183307016
-0.416794728909
-0.415260275447
-0.413727227626
-0.412195475298
-0.410664912049
-0.409135435491
-0.407606947552
-0.406079354774
-0.404552568599
-0.40302650566
-0.401501088071
-0.399976243706
-0.398451906489
-0.396928016666
-0.395404521084
-0.393881373459
-0.392358534646
-0.390835972894
-0.389313664107
-0.387791592089
-0.386269748786
-0.384748134524
-0.383226758236
-0.381705637681
-0.380184799654
-0.378664280193
-0.377144124771
-0.375624388477
-0.374105136194
-0.372586442763
-0.371068393134
-0.369551082508
-0.368034616469
-0.366519111103
-0.365004693106
-0.363491499875
-0.361979679594
-0.360469391302
-0.358960804946
-0.357454101428
-0.355949472634
-0.354447121444
-0.352947261737
-0.351450118381
-0.3499559272
-0.348464934933
-0.346977399183
-0.34549358834
-0.3440137815
-0.342538268361
-0.34106734911
-0.339601334292
-0.338140544665
-0.336685311043
-0.335235974117
-0.333792884271
-0.332356401375
-0.330926894567
-0.329504742023
-0.328090330708
-0.326684056118
-0.325286322002
-0.323897540077
-0.322518129728
-0.321148517686
-0.319789137712
-0.318440430245
-0.31710284206
-0.315776825898
-0.314462840091
-0.313161348178
-0.311872818503
-0.310597723809
-0.30933654082
-0.308089749813
-0.30685783418
-0.305641279982
-0.304440575496
-0.303256210754
-0.302088677069
-0.300938466568
-0.299806071699
-0.298691984754
-0.297596697368
-0.296520700026
-0.29546448156
-0.294428528643
-0.293413325283
-0.292419352314
-0.291447086879
-0.290497001922
-0.289569565675
-0.288665241139
-0.287784485577
-0.286927750002
-0.286095478665
-0.285288108551
-0.284506068872
-0.283749780573
-0.283019655831
-0.282316097567
-0.281639498964
-0.280990242981
-0.28036870189
-0.279775236806
-0.279210197233
-0.278673920617
-0.278166731906
-0.277688943119
-0.277240852934
-0.276822746274
-0.276434893914
-0.276077552093
-0.275750962147
-0.275455350146
-0.275190926546
-0.274957885864
-0.274756406352
-0.274586649697
-0.274448760734
-0.274342867172
-0.274269079337
-0.274227489931
-0.274218173809
-0.27424118777
-0.27429657037
-0.274384341747
-0.274504503467
-0.274657038388
-0.274841910542
-0.275059065033
-0.275308427958
-0.275589906344
-0.275903388102
-0.276248742007
-0.27662581769
-0.27703444565
-0.277474437291
-0.277945584974
-0.278447662084
-0.278980423129
-0.279543603842
-0.280136921316
-0.280760074151
-0.28141274262
-0.282094588856
-0.282805257061
-0.283544373722
-0.284311547858
-0.285106371279
-0.285928418863
-0.286777248849
-0.287652403154
-0.2885534077
-0.289479772759
-0.290430993316
-0.291406549449
-0.292405906718
-0.293428516581
-0.294473816809
-0.295541231932
-0.296630173683
-0.297740041469
-0.298870222845
-0.300020094003
-0.301189020279
-0.30237635666
-0.303581448309
-0.304803631104
-0.306042232173
-0.307296570454
-0.30856595725
-0.309849696801
-0.311147086859
-0.31245741927
-0.313779980561
-0.315114052538
-0.316458912878
-0.317813835737
-0.319178092351
-0.320550951647
-0.321931680856
-0.323319546117
-0.324713813099
-0.326113747606
-0.327518616197
-0.328927686789
-0.330340229272
-0.331755516114
-0.333172822965
-0.334591429255
-0.336010618794
-0.337429680359
-0.338847908278
-0.340264603013
-0.341679071729
-0.34309062886
-0.344498596663
-0.345902305768
-0.347301095718
-0.348694315496
-0.350081324045
-0.351461490776
-0.352834196066
-0.354198831742
-0.355554801556
-0.356901521643
-0.358238420972
-0.359564941777
-0.36088053998
-0.362184685593
-0.363476863114
-0.364756571898
-0.366023326522
-0.367276657129
-0.368516109754
-0.369741246641
-0.370951646539
-0.372146904977
-0.373326634534
-0.374490465076
-0.375638043993
-0.376769036401
-0.377883125342
-0.378980011954
-0.380059415633
-0.381121074167
-0.382164743862
-0.383190199644
-0.384197235145
-0.385185662767
-0.386155313735
-0.38710603813
-0.388037704896
-0.388950201843
-0.389843435621
-0.390717331682
-0.391571834223
-0.39240690611
-0.393222528793
-0.39401870219
-0.394795444568
-0.395552792403
-0.396290800217
-0.39700954041
-0.397709103073
-0.398389595778
-0.399051143365
-0.399693887706
-0.40031798746
-0.400923617808
-0.40151097018
-0.402080251968
-0.402631686222
-0.403165511339
-0.403681980739
-0.404181362524
-0.404663939134
-0.405130006988
-0.405579876114
-0.406013869772
-0.406432324065
-0.406835587546
-0.407224020809
-0.407597996081
-0.407957896799
-0.408304117184
-0.408637061813
-0.408957145173
-0.409264791222
-0.40956043294
-0.409844511874
-0.410117477684
-0.410379787681
-0.410631906365
-0.41087430496
-0.411107460947
-0.411331857594
-0.411547983493
-0.411756332083
-0.411957401187
-0.41215169254
-0.412339711324
-0.412521965701
-0.41269896635
-0.412871226003
-0.413039258994
-0.413203580796
-0.413364707574
-0.413523155739
-0.413679441503
-0.413834080443
-0.413987587071
-0.414140474404
-0.414293253549
-0.414446433284
-0.414600519658
-0.414756015584
-0.414913420454
-0.415073229751
-0.415235934674
-0.415402021769
-0.415571972572
-0.415746263255
-0.415925364291
-0.416109740114
-0.416299848805
-0.416496141771
-0.41669906345
-0.416909051013
-0.417126534081
-0.417351934458
-0.417585665864
-0.417828133686
-0.418079734739
-0.418340857032
-0.418611879553
-0.418893172061
-0.419185094884
-0.419487998739
-0.419802224552
-0.420128103298
-0.420465955843
-0.420816092804
-0.421178814418
-0.421554410419
-0.42194315993
-0.422345331361
-0.422761182325
-0.423190959553
-0.423634898831
-0.42409322494
-0.424566151611
-0.425053881483
-0.425556606079
-0.426074505786
-0.426607749845
-0.427156496356
-0.427720892285
-0.428301073481
-0.428897164706
-0.429509279672
-0.430137521081
-0.430781980681
-0.431442739328
-0.432119867047
-0.432813423114
-0.433523456137
-0.434250004143
-0.434993094675
-0.435752744899
-0.436528961706
-0.437321741829
-0.438131071968
-0.438956928908
-0.439799279656
-0.440658081574
-0.441533282521
-0.442424820994
-0.443332626284
-0.444256618623
-0.445196709341
-0.446152801029
-0.447124787699
-0.448112554951
-0.449115980142
-0.450134932556
-0.451169273575
-0.45221885686
-0.453283528521
-0.454363127297
-0.455457484736
-0.456566425378
-0.457689766931
-0.458827320453
-0.45997889054
-0.461144275503
-0.46232326755
-0.463515652973
-0.464721212324
-0.465939720601
-0.467170947428
-0.468414657233
-0.469670609428
-0.470938558588
-0.472218254625
-0.473509442968
-0.474811864734
-0.476125256897
-0.477449352467
-0.478783880652
-0.480128567028
-0.481483133703
-0.482847299482
-0.484220780025
-0.48560328801
-0.486994533287
-0.488394223033
-0.489802061904
-0.491217752186
-0.492640993944
-0.494071485164
-0.495508921897
-0.496952998402
-0.498403407281
-0.499859839619
-0.501321985114
-0.502789532208
-0.504262168221
-0.505739579471
-0.507221451405
-0.508707468715
-0.510197315464
-0.5116906752
-0.513187231074
-0.514686665952
-0.516188662532
-0.517692903445
-0.519199071373
-0.52070684915
-0.522215919867
-0.523725966976
-0.525236674394
-0.526747726599
-0.528258808728
-0.529769606681
-0.53127980721
-0.532789098015
-0.534297167841
-0.535803706568
-0.5373084053
-0.538810956461
-0.540311053881
-0.541808392885
-0.543302670384
-0.544793584958
-0.546280836946
-0.547764128531
-0.549243163827
-0.550717648962
-0.552187292166
-0.553651803853
-0.555110896707
-0.556564285762
-0.558011688492
-0.559452824891
-0.560887417556
-0.562315191769
-0.563735875584
-0.565149199907
-0.566554898579
-0.567952708459
-0.569342369505
-0.570723624861
-0.572096220931
-0.573459907472
-0.574814437663
-0.576159568198
-0.577495059362
-0.578820675111
-0.580136183155
-0.581441355039
-0.58273596622
-0.58401979615
-0.585292628351
-0.586554250497
-0.587804454488
-0.589043036531
-0.59026979721
-0.591484541568
-0.592687079174
-0.593877224202
-0.595054795498
-0.596219616652
-0.597371516067
-0.598510327026
-0.599635887758
-0.600748041499
-0.601846636561
-0.602931526382
-0.604002569593
-0.605059630068
-0.60610257698
-0.607131284849
-0.608145633592
-0.60914550857
-0.610130800628
-0.611101406132
-0.612057227014
-0.612998170794
-0.61392415062
-0.614835085287
-0.615730899264
-0.61661152271
-0.617476891491
-0.618326947191
-0.61916163712
-0.619980914315
-0.620784737537
-0.621573071272
-0.622345885715
-0.623103156757
-0.623844865966
-0.624571000563
-0.625281553394
-0.625976522894
-0.626655913052
