-0.672441595579
-0.654645891424
-0.654610301574
-0.654551148473
-0.65446867612
-0.654363224169
-0.654235226013
-0.654085206334
-0.653913778159
-0.653721639436
-0.653509569162
-0.65327842309
-0.653029129056
-0.652762681956
-0.652480138422
-0.652182611229
-0.651871263486
-0.651547302651
-0.651211974411
-0.650866556491
-0.650512352407
-0.650150685244
-0.649782891475
-0.649410314876
-0.64903430058
-0.648656189304
-0.648277311779
-0.647898983439
-0.647522499365
-0.647149129549
-0.646780114466
-0.646416661003
-0.646059938732
-0.645711076574
-0.645371159823
-0.645041227563
-0.64472227047
-0.644415228982
-0.644120991852
-0.643840395059
-0.643574221058
-0.64332319837
-0.643088001476
-0.642869250996
-0.642667514138
-0.64248330538
-0.642317087355
-0.642169271927
-0.642040221411
-0.64193024992
-0.641839624794
-0.641768568105
-0.641717258183
-0.641685831163
-0.641674382498
-0.64168296844
-0.641711607451
-0.641760281526
-0.641828937416
-0.641917487729
-0.642025811898
-0.627658604209
-0.627667036787
-0.62770225228
-0.627764027866
-0.627852045969
-0.627965895919
-0.628105075994
-0.628268995824
-0.628456979143
-0.628668266862
-0.628902020461
-0.629157325655
-0.629433196326
-0.629728578698
-0.630042355716
-0.630373351614
-0.630720336638
-0.6310820319
-0.63145711433
-0.631844221706
-0.632241957715
-0.632648897037
-0.633063590412
-0.633484569656
-0.633910352618
-0.634339448027
-0.634770360222
-0.635201593728
-0.635631657664
-0.636059069948
-0.636482361293
-0.636900078962
-0.637310790271
-0.637713085818
-0.638105582438
-0.638486925849
-0.638855792998
-0.639210894092
-0.639550974307
-0.639874815164
-0.640181235591
-0.64046909264
-0.640737281891
-0.640984737522
-0.641210432068
-0.641413375868
-0.641592616211
-0.641747236191
-0.641876353283
-0.641979117666
-0.642054710285
-0.642102340692
-0.642121244674
-0.642110681688
-0.642069932123
-0.641998294419
-0.641895082049
-0.641759620405
-0.641591243598
-0.641389291208
-0.638473977356
-0.638474926662
-0.638448082161
-0.638391587157
-0.638303561521
-0.638182104994
-0.6380253006
-0.637831218132
-0.637597917729
-0.6373234535
-0.637005877198
-0.63664324192
-0.636233605825
-0.635775035846
-0.63526561139
-0.634703428002
-0.634086600993
-0.633413268997
-0.632681597467
-0.63188978208
-0.631036052046
-0.630118673313
-0.629135951651
-0.62808623561
-0.626967919341
-0.62577944528
-0.624519306677
-0.623186049975
-0.621778277025
-0.620294647149
-0.618733879029
-0.61709475244
-0.61537610981
-0.613576857623
-0.611695967652
-0.609732478038
-0.607685494209
-0.605554189647
-0.603337806504
-0.601035656075
-0.59864711914
-0.596171646162
-0.59360875737
-0.590958042719
-0.588219161738
-0.585391843272
-0.582475885127
-0.579471153625
-0.576377583071
-0.573195175142
-0.569923998205
-0.566564186567
-0.563115939666
-0.559579521204
-0.555955258226
-0.552243540158
-0.548444817793
-0.544559602243
-0.540588463844
-0.536532031032
-0.537368806183
-0.532767214397
-0.528086630767
-0.523328846531
-0.51849569702
-0.513589057961
-0.508610841707
-0.503562993381
-0.498447486951
-0.493266321246
-0.488021515921
-0.482715107377
-0.477349144656
-0.471925685313
-0.466446791274
-0.460914524701
-0.455330943868
-0.449698099062
-0.444018028513
-0.438292754382
-0.432524278796
-0.426714579957
-0.420865608335
-0.414979282946
-0.409057487736
-0.403102068079
-0.397114827393
-0.391097523895
-0.385051867493
-0.378979516831
-0.372882076493
-0.366761094376
-0.360618059231
-0.354454398395
-0.348271475702
-0.342070589592
-0.335852971411
-0.329619783922
-0.323372120013
-0.317111001617
-0.310837378838
-0.304552129296
-0.298256057674
-0.291949895485
-0.285634301047
-0.279309859668
-0.27297708404
-0.266636414838
-0.260288221522
-0.253932803335
-0.247570390501
-0.241201145604
-0.234825165161
-0.228442481359
-0.222053063982
-0.215656822485
-0.209253608236
-0.202843216904
-0.196425390995
-0.189999822511
-0.182971524395
-0.17639827398
-0.169813494808
-0.163216645717
-0.156607141441
-0.149984357277
-0.143347633858
-0.136696282017
-0.130029587725
-0.123346817086
-0.11664722137
-0.109930042069
-0.103194515951
-0.0964398801066
-0.0896653769642
-0.082870259251
-0.0760537948949
-0.0692152718425
-0.0623540027788
-0.0554693297342
-0.0485606285613
-0.041627313268
-0.0346688401913
-0.0276847119991
-0.0206744815048
-0.0136377552844
-0.00657419708064
0.000516469013267
0.00763445560462
0.0147799092946
0.021952908224
0.02915345988
0.0363814991699
0.043636886771
0.0509194077595
0.0582287705254
0.0655646059755
0.0729264670292
0.0803138284063
0.0877260867107
0.0951625608074
0.102622492493
0.110105047456
0.117609316527
0.125134317209
0.132678995486
0.140242227907
0.147822823932
0.155419528531
0.163031025034
0.170655938218
0.178292837618
0.185940241051
0.193596618344
0.20126039525
0.208929957536
0.216603655229
0.224279807014
0.231956704747
0.239632618093
0.245617850026
0.253411955483
0.261198340076
0.268975433771
0.276741647677
0.284495374815
0.292234991081
0.299958856438
0.307665316324
0.315352703311
0.323019338998
0.330663536169
0.338283601206
0.34587783677
0.353444544741
0.360982029432
0.368488601063
0.375962579495
0.38340229822
0.390806108596
0.398172384324
0.405499526144
0.412785966745
0.420030175876
0.427230665624
0.434385995866
0.441494779851
0.448555689896
0.455567463184
0.462528907621
0.469438907738
0.476296430603
0.483100531716
0.489850360868
0.496545167909
0.503184308422
0.509767249255
0.51629357388
0.522762987557
0.529175322258
0.535530541336
0.541828743891
0.548070168814
0.554255198476
0.560384362033
0.566458338319
0.572477958303
0.578444207084
0.584358225392
0.590221310594
0.596034917162
0.601800656598
0.607520296796
0.613195760835
0.618829125172
0.624422617256
0.629978612521
0.635499630788
0.640988332055
0.646447511671
0.645345569535
0.651790091157
0.65820648707
0.664594145445
0.670952779624
0.677282443954
0.683583546578
0.689856859006
0.696103522373
0.702325050287
0.708523328206
0.714700609323
0.720859506951
0.727002983458
0.733134335786
0.739257177682
0.745375418728
0.751493240345
0.757615068936
0.763745546377
0.769889498068
0.776051898815
0.782237836794
0.788452475887
0.794701016694
0.800988656539
0.807320548788
0.813701761809
0.820137237928
0.826631752695
0.833189874825
0.839815927121
0.846513948732
0.853287659047
0.860140423533
0.867075221822
0.874094618302
0.881200735476
0.888395230327
0.895679273888
0.903053534203
0.910518162843
0.918072785094
0.925716493924
0.933447847791
0.941264872337
0.949165065961
0.957145409264
0.965202378289
0.97333196148
0.98152968025
0.989790612984
0.998109422339
1.00648038561
1.01489742796
1.02335415824
1.03184390715
1.04035976744
1.04889463592
1.05744125677
1.07168782966
1.08096864454
1.09020939345
1.09939991417
1.10853025524
1.11759072968
1.12657196734
1.13546496543
1.14426113696
1.15295235684
1.16153100526
1.16999000813
1.17832287436
1.1865237297
1.1945873469
1.20250917215
1.21028534744
1.21791272888
1.22538890077
1.2327121854
1.23988164842
1.24689709994
1.25375909118
1.26046890682
1.26702855305
1.27344074146
1.27970886882
1.28583699297
1.29182980491
1.29769259734
1.30343122982
1.30905209087
1.31456205711
1.31996844987
1.32527898946
1.33050174748
1.33564509739
1.34071766371
1.34572827023
1.35068588748
1.35559957982
1.36047845254
1.3653315992
1.37016804971
1.37499671925
1.37982635852
1.38466550558
1.3895224395
1.39440513617
1.39932122654
1.40427795742
1.40928215517
1.41434019245
1.41945795812
1.4246408306
1.42989365463
1.43522072166
1.44062575394
1.44611189223
1.45168168734
1.45909761439
1.4648238749
1.47056561315
1.47632474899
1.4821030751
1.48790225311
1.49372381016
1.49956913583
1.50543947947
1.51133594785
1.51725950308
1.52321096089
1.52919098913
1.53520010648
1.54123868146
1.54730693155
1.55340492253
1.55953256801
1.56568962909
1.57187571413
1.5780902788
1.58433262607
1.59060190655
1.59689711885
1.60321711014
1.60956057687
1.6159260657
1.62231197463
1.6287165543
1.63513790957
1.64157400143
1.64802264905
1.65448153229
1.66094819448
1.6674200456
1.67389436584
1.68036830957
1.68683890982
1.69330308317
1.69975763516
1.70619926621
1.71262457811
1.71903008097
1.72541220084
1.73176728781
1.73809162468
1.74438143628
1.75063289923
1.75684215237
1.7630053076
1.76911846135
1.77517770648
1.7811791446
1.78711889891
1.7929931273
1.79879803589
1.80452989281
1.81018504218
1.81575991829
1.8212510599
1.8135529579
1.818225038
1.82283474345
1.82738070633
1.83186165786
1.83627643726
1.84062400027
1.84490342737
1.8491139315
1.85325486538
1.8573257283
1.86132617235
1.86525600803
1.86911520916
1.87290391726
1.87662244501
1.88027127912
1.88385108232
1.88736269465
1.89080713389
1.89418559518
1.89749944985
1.90075024342
1.9039396928
1.9070696827
1.91014226123
1.91315963485
1.91612416247
1.91903834891
1.92190483774
1.92472640348
1.92750594315
1.93024646744
1.93295109128
1.93562302406
1.93826555943
1.94088206481
1.94347597068
1.94605075956
1.94860995502
1.95115711043
1.95369579783
1.95622959678
1.95876208324
1.96129681878
1.96383733977
1.96638714704
1.96894969568
1.97152838533
1.97412655078
1.9767474531
1.97939427118
1.9820700939
1.98477791279
1.98752061528
1.99030097868
1.99312166468
1.99598521465
1.99889404555
2.0018504466
2.00760283537
2.01043417722
2.01331105631
2.01623796396
2.01921927925
2.02225924658
2.02536195396
2.02853131231
2.03177103593
2.03508462423
2.03847534487
2.04194621863
2.04550000581
2.04913919462
2.05286599143
2.05668231307
2.06058978123
2.06458971907
2.06868314997
2.07287079859
2.07715309415
2.08153017598
2.08600190127
2.09056785508
2.0952273624
2.09997950234
2.1048231243
2.10975686597
2.11477917318
2.11988832127
2.12508243807
2.13035952812
2.13571749813
2.14115418334
2.14666737482
2.15225484727
2.15791438727
2.16364382177
2.16944104658
2.17530405461
2.18123096379
2.18722004431
2.19326974503
2.19937871895
2.20554584737
2.21177026272
2.21805136978
2.22438886511
2.23078275468
2.23723336931
2.24374137801
2.25030779896
2.25693400811
2.26362174521
2.27037311735
2.27719059978
2.2840770341
2.29103562374
2.29806992674
2.30518384584
2.32144529233
2.32852210296
2.33568253643
2.34293349311
2.35028211612
2.35773575321
2.36530191745
2.37298824699
2.38080246405
2.38875233349
2.39684562098
2.40509005124
2.41349326628
2.42206278407
2.43080595771
2.43972993536
2.44884162112
2.45814763694
2.46765428591
2.47736751694
2.48729289109
2.4974355496
2.50780018389
2.51839100754
2.52921173048
2.54026553541
2.55155505659
2.56308236111
2.57484893275
2.58685565837
2.59910281707
2.61159007205
2.6243164652
2.63728041459
2.65047971468
2.66391153936
2.67757244787
2.69145839346
2.70556473477
2.71988624997
2.73441715358
2.74915111579
2.76408128436
2.77920030886
2.79450036722
2.80997319454
2.82561011377
2.84140206849
2.85733965724
2.87341316961
2.8896126236
2.90592780425
2.9223483033
2.93886355965
2.95546290045
2.97213558255
2.9888708342
3.0056578966
3.02248606523
3.03934473069
3.0608130985
3.07969931806
3.09870914564
3.11782414418
3.13702503991
3.15629181621
3.1756038145
3.19493984134
3.21427828115
3.23359721379
3.2528745362
3.27208808728
3.29121577508
3.31023570554
3.32912631157
3.34786648182
3.36643568787
3.38481410903
3.40298275376
3.42092357652
3.43861958943
3.45605496742
3.47321514621
3.49008691221
3.50665848329
3.52291958007
3.53886148651
3.55447709962
3.5697609674
3.58470931472
3.59932005659
3.61359279876
3.62752882515
3.64113107225
3.65440409039
3.66735399206
3.6799883874
3.69231630732
3.70434811465
3.71609540381
3.7275708897
3.73878828669
3.74976217826
3.76050787859
3.77104128685
3.78137873539
3.79153683313
3.80153230511
3.81138182971
3.82110187479
3.830708534
3.84021736483
3.84964322952
3.85900014039
3.86830111079
3.87755801307
3.88678144474
3.8959806041
3.90516317641
3.91433523167
3.92242699495
3.93748394317
3.9524812144
3.96738360477
3.98215404814
3.99675380253
4.01114266019
4.02527917996
4.03912094062
4.0526248133
4.06574725091
4.07844459207
4.09067337691
4.10239067177
4.11355439963
4.12412367291
4.13405912513
4.14332323789
4.15188065942
4.15969851103
4.16674667782
4.1729980801
4.17842892195
4.18301891371
4.18675146523
4.18961384714
4.19159731748
4.19269721157
4.1929129932
4.19224826572
4.19071074203
4.18831217279
4.1850682328
4.1809983659
4.1761255891
4.1704762574
4.16407979089
4.15696836653
4.14917657712
4.14074106063
4.13170010341
4.12209322102
4.11196072088
4.10134325123
4.09028134105
4.07881493569
4.06698293342
4.05482272777
4.04236976085
4.02965709274
4.0167149917
4.00357055041
3.99024733234
3.97676505304
3.96313930011
3.94938129551
3.93549770365
3.92149048775
3.907356817
3.89308902619
3.86999169257
3.85182795016
3.83319641334
3.81406235618
3.79439098064
3.77414793708
3.75329983323
3.73181472445
3.70966257907
3.68681571239
3.66324918407
3.63894115373
3.61387319064
3.5880305338
3.56140229978
3.53398163617
3.50576581947
3.47675629713
3.44695867404
3.41638264471
3.38504187317
3.35295382308
3.32013954154
3.28662340043
3.25243279976
3.21759783785
3.18215095372
3.14612654721
3.10956058258
3.07249018155
3.03495321158
2.99698787543
2.95863230761
2.91992418331
2.88090034497
2.84159645156
2.80204665476
2.76228330631
2.72233669984
2.6822348502
2.64200331251
2.6016650429
2.56124030175
2.52074660025
2.48019868994
2.43960859458
2.39898568316
2.35833678198
2.31766632374
2.27697653044
2.23626762719
2.19553808299
2.15478487464
2.1140037696
2.07318962316
2.03233668556
1.99143891426
1.95049028666
1.90948510876
1.86841831506
1.84506199288
1.80662541056
1.76818592998
1.72977984714
1.69144086871
1.65319903783
1.61507976002
1.57710295535
1.53928235964
1.50162499422
1.46413081924
1.42679258165
1.3895958638
1.35251933392
1.31553519498
1.27860982333
1.24170458401
1.20477680522
1.16778089049
1.13066954351
1.09339507763
1.05591077993
1.01817229787
0.980139015811
0.941775388519
0.903052199364
0.863947712281
0.824448688635
0.784551242863
0.744261514132
0.703596135089
0.662582483161
0.621258704503
0.57967350564
0.537885712912
0.495963604921
0.453984028185
0.412031311013
0.370195995092
0.328573408401
0.287262106631
0.246362213324
0.205973691314
0.166194579737
0.127119231811
0.0888365888211
0.0514285251272
0.0149682977831
-0.0204808677147
-0.0548670266707
-0.0881505738501
-0.120305089788
-0.15131795726
-0.181190735036
-0.209939280932
-0.237593621206
-0.264197568391
-0.28980809469
-0.314494472874
-0.338337201157
-0.35856458594
-0.38240972162
-0.405914784281
-0.429151752934
-0.452192742941
-0.475109203042
-0.497971131134
-0.520846320947
-0.543799650903
-0.56689242528
-0.590181776522
-0.613720135941
-0.637554778433
-0.661727445025
-0.686274045292
-0.711224439854
-0.736602301439
-0.762425051356
-0.788703866746
-0.815443752712
-0.842643672355
-0.870296726982
-0.898390378215
-0.926906703534
-0.955822676817
-0.985110465829
-1.01473773919
-1.04466797618
-1.07486077391
-1.10527214733
-1.1358548192
-1.16655849823
-1.19733014526
-1.22811422837
-1.2588529694
-1.28948658523
-1.31995352817
-1.35019073043
-1.38013385817
-1.40971758067
-1.43887585999
-1.46754226621
-1.49565032236
-1.52313388246
-1.54992754451
-1.57596709932
-1.60119001401
-1.62553594776
-1.64894729547
-1.67136975353
-1.69275290009
-1.71305078108
-1.73222249168
-1.75023274246
-1.76705239814
-1.78265897712
-1.79703709963
-1.81017887279
-1.8220842017
-1.83276101663
-1.83851242642
-1.8406853162
-1.84194283354
-1.84240259847
-1.84218410091
-1.84140739512
-1.84019181504
-1.83865472409
-1.836910313
-1.83506845791
-1.83323365073
-1.83150401241
-1.82997039906
-1.82871560953
-1.82781370202
-1.82732942612
-1.82731777519
-1.82782366286
-1.82888172589
-1.83051625425
-1.83274124796
-1.83556059859
-1.83896839209
-1.84294932793
-1.84747924854
-1.85252577116
-1.85804901354
-1.86400240318
-1.87033355913
-1.87698523404
-1.88389630367
-1.89100279002
-1.89823890398
-1.90553809288
-1.91283407832
-1.92006186952
-1.9271587379
-1.93406513895
-1.94072556802
-1.94708933797
-1.95311126716
-1.95875226805
-1.96397982783
-1.96876837428
-1.97309952184
-1.9769621946
-1.98035262506
-1.98327422932
-1.98573736161
-1.98775895276
-1.98936203944
-1.99057519268
-1.99143185584
-1.99196960395
-1.9922293375
-1.992254425
-1.99208980947
-1.9917810947
-1.99137362741
-1.99091159151
-1.97052302741
-1.9705912817
-1.97046964619
-1.97016501618
-1.96968456114
-1.96903562579
-1.96822563854
-1.96726202655
-1.96615213673
-1.9649031616
-1.96352206907
-1.96201553523
-1.96038987929
-1.95865099995
-1.95680431279
-1.95485468855
-1.95280639231
-1.95066302413
-1.94842746189
-1.94610180726
-1.94368733643
-1.94118445696
-1.93859267267
-1.93591055841
-1.93313574676
-1.93026492852
-1.92729386896
-1.92421744123
-1.92102967863
-1.91772384641
-1.91429253401
-1.91072776767
-1.90702114306
-1.90316397703
-1.89914747687
-1.8949629251
-1.8906018771
-1.88605636843
-1.88131912832
-1.87638379531
-1.87124513085
-1.86589922627
-1.86034369874
-1.85457787157
-1.84860293449
-1.84242207978
-1.83604061041
-1.82946601704
-1.82270802081
-1.81577858017
-1.8086918601
-1.80146416309
-1.79411382213
-1.78666105652
-1.77912779228
-1.7715374495
-1.76391470001
-1.75628519885
-1.74867529413
-1.74111171993
-1.71473692677
-1.70888592265
-1.70316015953
-1.69755946838
-1.69208219868
-1.68672526121
-1.6814841892
-1.67635321708
-1.67132537605
-1.6663926053
-1.66154587737
-1.65677533606
-1.65207044481
-1.64742014352
-1.64281301143
-1.6382374337
-1.63368176903
-1.62913451597
-1.62458447517
-1.62002090512
-1.61543366916
-1.61081337115
-1.60615147808
-1.60144042751
-1.59667371838
-1.59184598379
-1.58695304479
-1.58199194449
-1.57696096208
-1.57185960689
-1.56668859262
-1.56144979265
-1.55614617723
-1.55078173388
-1.54536137268
-1.53989081811
-1.53437648952
-1.52882537252
-1.52324488342
-1.51764272935
-1.51202676647
-1.50640485871
-1.50078473957
-1.49517387927
-1.48957935971
-1.48400775912
-1.47846504854
-1.4729565018
-1.46748662039
-1.46205907475
-1.45667666256
-1.45134128506
-1.44605394154
-1.44081474215
-1.43562293884
-1.43047697381
-1.42537454465
-1.42031268505
-1.41528785972
-1.41029607178
-1.42593107679
-1.42533227693
-1.42466654253
-1.42390806697
-1.42303194526
-1.422014342
-1.42083265376
-1.41946566485
-1.41789369526
-1.4160987394
-1.41406459471
-1.41177697848
-1.40922363202
-1.40639441073
-1.40328135899
-1.39987876885
-1.39618322137
-1.39219361002
-1.38791114522
-1.38333933964
-1.37848397395
-1.37335304289
-1.36795668186
-1.36230707452
-1.35641834197
-1.35030641446
-1.343988887
-1.33748486011
-1.33081476749
-1.32400019246
-1.31706367528
-1.31002851334
-1.30291855677
-1.29575800158
-1.28857118269
-1.28138236929
-1.2742155646
-1.26709431214
-1.26004151057
-1.25307923875
-1.24622859252
-1.2395095346
-1.23294075865
-1.22653956819
-1.22032177101
-1.21430158938
-1.20849158605
-1.20290260601
-1.19754373362
-1.19242226464
-1.18754369259
-1.18291170874
-1.17852821496
-1.17439334862
-1.17050551877
-1.16686145279
-1.16345625274
-1.16028346071
-1.15733513251
-1.15460191905
-1.15434900678
-1.15125787204
-1.14827151649
-1.1453868704
-1.14260050791
-1.13990864483
-1.1373071388
-1.13479149246
-1.13235685965
-1.12999805499
-1.12770956687
-1.12548557368
-1.12331996329
-1.12120635545
-1.11913812688
-1.11710843852
-1.11511026482
-1.11313642428
-1.11117961123
-1.10923242801
-1.10728741762
-1.10533709617
-1.10337398512
-1.10139064294
-1.09937969636
-1.09733387082
-1.09524602048
-1.09310915771
-1.09091648226
-1.08866141031
-1.08633760351
-1.08393899826
-1.0814598354
-1.0788946903
-1.07623850354
-1.07348661197
-1.0706347802
-1.06767923202
-1.06461668169
-1.06144436439
-1.05816006541
-1.0547621474
-1.05124957494
-1.04762193566
-1.04387945718
-1.04002301904
-1.03605415877
-1.03197507167
-1.02778860342
-1.02349823525
-1.01910806124
-1.01462275769
-1.01004754451
-1.00538813893
-1.00065070195
-0.995841778124
-0.990968229556
-0.986037165042
-0.981055865544
-0.976031707222
-0.962635377647
-0.958886203134
-0.955103900034
-0.951286259279
-0.947431176715
-0.94353664914
-0.939600770672
-0.935621729868
-0.931597807999
-0.927527378835
-0.923408910253
-0.919240967922
-0.915022221258
-0.910751451747
-0.906427563703
-0.902049597392
-0.897616744418
-0.89312836518
-0.888584008102
-0.88398343032
-0.879326619408
-0.874613815674
-0.869845534557
-0.865022588542
-0.860146108087
-0.855217560964
-0.850238769482
-0.845211925036
-0.840139599505
-0.835024753006
-0.82987073763
-0.824681296801
-0.819460559996
-0.814213032647
-0.808943581099
-0.803657412634
-0.798360050606
-0.793057304859
-0.787755237647
-0.782460125373
-0.777178416547
-0.771916686363
-0.76668158843
-0.761479804177
-0.756317990476
-0.751202726115
-0.746140457672
-0.741137445402
-0.73619970973
-0.731332978897
-0.726542638294
-0.721833682019
-0.717210667068
-0.712677670653
-0.708238250959
-0.70389541173
-0.699651570959
-0.695508533911
-0.691467470741
-0.687528898825
-0.686801868685
-0.683570756246
-0.68038298204
-0.677231328134
-0.674108666852
-0.67100803005
-0.667922675639
-0.664846150625
-0.661772349936
-0.658695570365
-0.655610558998
-0.652512555574
-0.649397328275
-0.646261202538
-0.643101082537
-0.639914465112
-0.63669944596
-0.633454718049
-0.630179562284
-0.626873830552
-0.623537921387
-0.620172748578
-0.616779703139
-0.613360609143
-0.609917674021
-0.606453433979
-0.602970695272
-0.59947247212
-0.595961922115
-0.592442279979
-0.588916790589
-0.585388642187
-0.581860900678
-0.578336445944
-0.574817911049
-0.571307625187
-0.567807561184
-0.564319288288
-0.560843930947
-0.557382134143
-0.553934035835
-0.550499246894
-0.547076838874
-0.543665339824
-0.540262738247
-0.536866495201
-0.533473564437
-0.53008042034
-0.526683093349
-0.523277212425
-0.519858054047
-0.516420597108
-0.512959583033
-0.50946958034
-0.505945052835
-0.502380430555
-0.498770182564
-0.495108890666
-0.491391323083
-0.487612507193
-0.483218304149
-0.478875766102
-0.474495333414
-0.470082280479
-0.465641941023
-0.461179677457
-0.456700850998
-0.452210792715
-0.447714775656
-0.44321798819
-0.438725508714
-0.434242281845
-0.429773096204
-0.425322563918
-0.420895101909
-0.416494915072
-0.412125981393
-0.407792039071
-0.403496575676
-0.399242819367
-0.395033732183
-0.390872005394
-0.386760056884
-0.382700030539
-0.378693797568
-0.374742959701
-0.370848854163
-0.367012560336
-0.36323490799
-0.359516486956
-0.355857658107
-0.3522585655
-0.348719149529
-0.345239160917
-0.341818175405
-0.338455608941
-0.335150733235
-0.331902691488
-0.328710514147
-0.325573134532
-0.322489404173
-0.31945810773
-0.316477977368
-0.313547706461
-0.310665962534
-0.30783139935
-0.305042668076
-0.302298427472
-0.299597353065
-0.296938145295
-0.294319536619
-0.291740297602
-0.289199242019
-0.286695231012
-0.284227176369
-0.281794042991
-0.279394850637
-0.277028675043
-0.274694648506
-0.272391960049
