-0.597506540572
-0.597538856545
-0.597603439295
-0.597700215132
-0.597829085969
-0.597989929452
-0.598182599105
-0.598406924511
-0.598662711504
-0.598949742392
-0.599267776202
-0.599616548941
-0.599995773888
-0.600405141898
-0.60084432173
-0.601312960394
-0.601810683515
-0.602337095717
-0.602891781022
-0.603474303263
-0.604084206518
-0.60472101555
-0.605384236268
-0.606073356193
-0.60678784494
-0.607527154709
-0.608290720784
-0.609077962037
-0.609888281449
-0.610721066627
-0.611575690327
-0.612451510986
-0.613347873257
-0.614264108535
-0.615199535499
-0.616153460643
-0.61712517881
-0.618113973723
-0.619119118515
-0.62013987625
-0.621175500444
-0.62222523558
-0.623288317612
-0.624363974468
-0.625451426537
-0.626549887158
-0.627658563086
-0.628776654961
-0.629903357754
-0.631037861214
-0.632179350293
-0.633327005562
-0.634480003617
-0.635637517467
-0.63679871691
-0.637962768901
-0.639128837893
-0.640296086179
-0.641463674207
-0.642630760887
-0.643796503882
-0.644960059884
-0.646120584876
-0.647277234378
-0.648429163682
-0.649575528068
-0.650715483011
-0.651848184371
-0.652972788571
-0.654088452761
-0.655194334973
-0.656289594255
-0.657373390806
-0.65844488609
-0.65950324294
-0.660547625659
-0.661577200103
-0.662591133763
-0.663588595828
-0.664568757254
-0.665530790815
-0.666473871155
-0.667397174827
-0.668299880337
-0.669181168176
-0.670040220852
-0.67087622292
-0.671688361009
-0.672475823848
-0.673237802294
-0.673973489358
-0.674682080234
-0.675362772329
-0.676014765297
-0.676637261074
-0.677229463924
-0.677790580479
-0.678319819796
-0.678816393413
-0.679279515412
-0.679708402497
-0.680102274068
-0.680460352316
-0.680781862317
-0.681066032141
-0.681312092974
-0.68151927924
-0.681686828744
-0.681813982823
-0.681899986503
-0.681944088679
-0.681945542296
-0.681903604548
-0.681817537087
-0.681686606243
-0.681510083263
-0.681287244554
-0.681017371941
-0.68069975294
-0.68033368104
-0.679918455997
-0.679453384141
-0.678937778696
-0.678370960104
-0.677752256366
-0.677081003396
-0.676356545373
-0.675578235118
-0.674745434464
-0.673857514651
-0.67291385671
-0.671913851874
-0.670856901979
-0.66974241988
-0.668569829871
-0.667338568104
-0.666048083023
-0.664697835787
-0.663287300706
-0.66181596567
-0.660283332591
-0.658688917825
-0.657032252616
-0.655312883516
-0.653530372819
-0.651684298979
-0.649774257034
-0.647799859013
-0.645760734348
-0.643656530267
-0.64148691219
-0.639251564107
-0.636950188951
-0.634582508957
-0.632148266012
-0.629647221992
-0.627079159083
-0.62444388009
-0.621741208734
-0.618970989925
-0.616133090028
-0.613227397107
-0.61025382115
-0.607212294282
-0.60410277095
-0.600925228098
-0.597679665315
-0.594366104965
-0.590984592298
-0.587535195536
-0.58401800594
-0.580433137853
-0.576780728723
-0.573060939104
-0.569273952628
-0.565419975961
-0.561499238735
-0.557511993452
-0.553458515374
-0.549339102376
-0.545154074792
-0.540903775227
-0.536588568348
-0.532208840657
-0.527765000237
-0.523257476478
-0.518686719781
-0.514053201238
-0.509357412299
-0.504599864407
-0.499781088623
-0.494901635226
-0.489962073295
-0.484962990274
-0.479904991519
-0.474788699826
-0.469614754942
-0.464383813069
-0.459096546339
-0.453753642285
-0.448355803295
-0.442903746058
-0.437398200987
-0.431839911646
-0.426229634153
-0.420568136585
-0.414856198368
-0.409094609661
-0.403284170735
-0.397425691346
-0.391519990102
-0.385567893827
-0.379570236925
-0.373527860735
-0.367441612894
-0.361312346691
-0.355140920432
-0.348928196796
-0.3426750422
-0.336382326168
-0.3300509207
-0.323681699648
-0.317275538103
-0.310833311777
-0.304355896407
-0.297844167153
-0.291298998019
-0.284721261269
-0.278111826868
-0.271471561919
-0.264801330128
-0.258101991266
-0.251374400652
-0.244619408647
-0.237837860164
-0.231030594188
-0.224198443313
-0.217342233295
-0.210462782618
-0.203560902075
-0.196637394368
-0.189693053723
-0.182728665518
-0.175745005933
-0.168742841612
-0.161722929342
-0.154686015753
-0.14763283703
-0.140564118645
-0.1334805751
-0.126382909696
-0.119271814312
-0.112147969198
-0.105012042794
-0.0978646915528
-0.0907065597898
-0.0835382795407
-0.0763604704376
-0.0691737395999
-0.0619786815392
-0.0547758780789
-0.047565898288
-0.040349298428
-0.0331266219128
-0.0258983992824
-0.0186651481876
-0.0114273733877
-0.00418556675863
0.00305979268705
0.0103082387704
0.0175593181057
0.0248125900512
0.0320676266506
0.0393240125653
0.046581345
0.0538392336196
0.0610973004594
0.0683551798293
0.0756125182106
0.0828689741489
0.0901242181406
0.0973779325152
0.104629811313
0.111879560161
0.119126896142
0.126371547662
0.133613254321
0.140851766769
0.148086846574
0.155318266079
0.162545808262
0.169769266595
0.176988444905
0.184203157227
0.191413227665
0.198618490252
0.205818788807
0.213013976798
0.220203917201
0.227388482362
0.234567553866
0.241741022395
0.248908787602
0.256070757974
0.263226850707
0.270376991574
0.277521114805
0.284659162957
0.291791086795
0.298916845172
0.306036404907
0.313149740674
0.320256834881
0.327357677561
0.334452266257
0.341540605912
0.34862270876
0.355698594216
0.362768288771
0.369831825883
0.376889245871
0.383940595811
0.390985929429
0.398025306994
0.405058795216
0.412086467135
0.419108402022
0.426124685261
0.433135408251
0.440140668289
0.447140568463
0.454135217538
0.461124729841
0.468109225145
0.47508882855
0.482063670365
0.489033885977
0.495999615732
0.5029610048
0.509918203047
0.516871364895
0.523820649184
0.530766219029
0.537708241676
0.544646888346
0.551582334084
0.558514757601
0.565444341109
0.572371270156
0.579295733455
0.586217922706
0.593138032421
0.600056259734
0.606972804217
0.613887867688
0.620801654007
0.627714368885
0.634626219668
0.641537415135
0.64844816528
0.655358681092
0.662269174341
0.669179857343
0.676090942736
0.683002643245
0.689915171446
0.696828739526
0.70374355904
0.710659840666
0.717577793954
0.724497627076
0.731419546574
0.738343757102
0.745270461169
0.75219985888
0.759132147672
0.766067522058
0.773006173356
0.779948289431
0.786894054428
0.793843648506
0.800797247574
0.807755023027
0.814717141478
0.821683764501
0.82865504836
0.835631143754
0.842612195553
0.849598342543
0.856589717165
0.863586445266
0.870588645842
0.877596430793
0.884609904674
0.891629164455
0.898654299278
0.905685390223
0.912722510075
0.919765723097
0.926815084803
0.933870641743
0.940932431284
0.948000481403
0.955074810478
0.962155427093
0.969242329839
0.976335507128
0.983434937007
0.990540586982
0.997652413844
1.00477036351
1.01189437084
1.01902435954
1.02616024192
1.03330191887
1.04044927961
1.04760220166
1.05476055066
1.06192418027
1.06909293206
1.07626663544
1.08344510751
1.09062815302
1.09781556429
1.10500712108
1.11220259062
1.11940172744
1.12660427343
1.13380995769
1.14101849659
1.14822959365
1.15544293959
1.16265821226
1.16987507665
1.17709318491
1.1843121763
1.19153167725
1.19875130135
1.20597064939
1.21318930938
1.22040685657
1.22762285353
1.23483685019
1.24204838387
1.24925697937
1.25646214903
1.26366339282
1.27086019837
1.27805204113
1.28523838442
1.29241867954
1.29959236586
1.30675887097
1.31391761076
1.32106798956
1.32820940026
1.33534122447
1.34246283262
1.34957358415
1.35667282762
1.36375990091
1.37083413134
1.37789483588
1.3849413213
1.39197288434
1.39898881192
1.40598838133
1.4129708604
1.41993550773
1.4268815729
1.43380829665
1.44071491114
1.44760064013
1.45446469927
1.46130629629
1.46812463126
1.47491889683
1.48168827851
1.4884319549
1.495149098
1.50183887343
1.50850044076
1.51513295378
1.5217355608
1.52830740496
1.53484762453
1.54135535322
1.54782972056
1.55426985217
1.56067487015
1.5670438934
1.57337603803
1.57967041767
1.58592614393
1.5921423267
1.59831807465
1.60445249555
1.61054469677
1.61659378568
1.62259887009
1.62855905874
1.63447346175
1.64034119111
1.64616136119
1.65193308923
1.65765549588
1.66332770576
1.66894884799
1.67451805675
1.6800344719
1.68549723957
1.69090551278
1.69625845206
1.70155522614
1.70679501258
1.71197699847
1.71710038116
1.72216436897
1.72716818192
1.73211105252
1.73699222651
1.74181096371
1.74656653883
1.75125824227
1.75588538105
1.76044727962
1.76494328082
1.76937274675
1.77373505976
1.77802962338
1.78225586332
1.78641322845
1.79050119185
1.79451925181
1.79846693295
1.80234378724
1.80614939512
1.80988336665
1.81354534256
1.8171349955
1.82065203113
1.82409618933
1.8274672454
1.83076501129
1.83398933675
1.83714011068
1.84021726227
1.84322076232
1.84615062449
1.84900690659
1.85178971181
1.85449919008
1.85713553929
1.85969900665
1.86218988991
1.8646085387
1.86695535581
1.86923079845
1.87143537957
1.87356966907
1.8756342951
1.87762994531
1.87955736805
1.88141737359
1.88321083533
1.88493869095
1.8866019436
1.88820166296
1.88973898638
1.89121511993
1.89263133945
1.89398899147
1.89528949427
1.8965343387
1.89772508911
1.89886338412
1.89995093746
1.90098953861
1.90198105353
1.90292742523
1.90383067434
1.90469289959
1.90551627822
1.90630306634
1.9070555992
1.90777629144
1.90846763717
1.90913221003
1.9097726632
1.91039172928
1.91099222005
1.91157702627
1.91214911723
1.91271154034
1.91326742054
1.91381995966
1.9143724357
1.91492820192
1.91549068596
1.91606338873
1.91664988328
1.91725381357
1.91787889304
1.91852890321
1.91920769204
1.91991917228
1.92066731968
1.92145617105
1.92228982226
1.92317242615
1.92410819024
1.92510137443
1.92615628855
1.92727728976
1.92846877994
1.92973520287
1.9310810414
1.9325108144
1.93402907377
1.93564040118
1.9373494048
1.93916071597
1.94107898565
1.94310888091
1.94525508126
1.94752227487
1.94991515482
1.95243841509
1.95509674665
1.95789483337
1.96083734789
1.96392894741
1.96717426942
1.9705779274
1.97414450644
1.97787855875
1.98178459928
1.9858671011
1.99013049091
1.99457914442
1.99921738175
2.00404946273
2.00907958234
2.01431186592
2.01975036458
2.02539905048
2.03126181213
2.03734244975
2.04364467059
2.05017208431
2.05692819834
2.06391641332
2.07114001851
2.07860218735
2.08630597294
2.09425430366
2.1024499788
2.11089566434
2.11959388862
2.12854703833
2.13775735433
2.14722692778
2.15695769618
2.1669514396
2.17720977705
2.1877341628
2.198525883
2.20958605229
2.22091561056
2.23251531985
2.24438576139
2.25652733274
2.26894024508
2.28162452066
2.29457999039
2.30780629155
2.32130286569
2.33506895666
2.34910360885
2.36340566549
2.37797376726
2.39280635092
2.4079016482
2.42325768488
2.43887227995
2.45474304503
2.47086738395
2.48724249248
2.50386535828
2.520732761
2.53784127257
2.5551872577
2.57276687454
2.59057607547
2.60861060822
2.626866017
2.64533764393
2.6640206306
2.68290991985
2.70200025767
2.72128619532
2.74076209164
2.76042211547
2.78026024835
2.80027028724
2.82044584756
2.8407803663
2.86126710532
2.88189915484
2.90266943698
2.92357070963
2.9445955703
2.96573646019
2.98698566843
3.00833533641
3.02977746223
3.05130390538
3.07290639139
3.09457651677
3.1163057539
3.1380854562
3.15990686327
3.1817611062
3.20363921294
3.22553211385
3.24743064718
3.26932556481
3.29120753791
3.3130671628
3.33489496678
3.35668141407
3.37841691177
3.40009181592
3.42169643758
3.4432210489
3.46465588929
3.48599117162
3.50721708834
3.52832381776
3.54930153021
3.5701403943
3.59083058313
3.61136228049
3.63172568706
3.6519110266
3.67190855211
3.69170855196
3.71130135597
3.73067734146
3.74982693929
3.7687406398
3.78740899872
3.80582264299
3.8239722766
3.84184868622
3.85944274689
3.87674542758
3.89374779663
3.91044102713
3.92681640226
3.94286532044
3.95857930043
3.97394998634
3.98896915249
4.00362870818
4.01792070236
4.03183732815
4.04537092724
4.05851399417
4.07125918053
4.08359929893
4.09552732691
4.10703641069
4.11811986877
4.12877119543
4.13898406401
4.1487523301
4.15807003461
4.16693140659
4.17533086597
4.18326302618
4.19072269651
4.19770488439
4.20420479754
4.21021784585
4.21573964322
4.22076600917
4.22529297033
4.22931676175
4.23283382805
4.23584082441
4.23833461744
4.2403122858
4.24177112081
4.24270862671
4.24312252096
4.24301073425
4.24237141039
4.24120290609
4.23950379054
4.23727284484
4.23450906132
4.2312116427
4.22738000107
4.22301375677
4.21811273713
4.21267697504
4.20670670744
4.20020237359
4.1931646133
4.18559426502
4.17749236372
4.16886013878
4.15969901166
4.15001059351
4.13979668266
4.12905926197
4.11780049613
4.10602272883
4.09372847983
4.08092044197
4.06760147802
4.05377461756
4.03944305367
4.02461013959
4.00927938532
3.99345445415
3.97713915908
3.96033745926
3.94305345628
3.92529139052
3.90705563732
3.88835070327
3.86918122228
3.84955195179
3.82946776881
3.80893366604
3.78795474789
3.76653622655
3.74468341799
3.72240173799
3.69969669816
3.67657390196
3.65303904068
3.62909788952
3.6047563036
3.58002021405
3.55489562402
3.52938860485
3.50350529219
3.47725188212
3.45063462737
3.42365983358
3.39633385552
3.36866309347
3.34065398955
3.31231302412
3.28364671234
3.25466160059
3.22536426315
3.19576129879
3.16585932754
3.13566498741
3.10518493129
3.07442582388
3.04339433863
3.01209715487
2.98054095492
2.94873242132
2.91667823415
2.8843850684
2.85185959144
2.81910846054
2.78613832056
2.75295580159
2.71956751683
2.68598006039
2.65220000531
2.61823390161
2.5840882744
2.54976962213
2.51528441486
2.48063909271
2.44584006427
2.41089370519
2.37580635681
2.34058432487
2.30523387834
2.26976124825
2.23417262668
2.19847416575
2.16267197679
2.12677212944
2.09078065094
2.05470352544
2.0185466934
1.982316051
1.94601744967
1.90965669568
1.87323954975
1.83677172674
1.80025889543
1.76370667824
1.72712065116
1.69050634358
1.65386923826
1.61721477131
1.58054833216
1.54387526369
1.50720086228
1.47053037793
1.43386901442
1.39722192949
1.36059423506
1.32399099742
1.2874172375
1.25087793113
1.21437800932
1.17792235853
1.14151582098
1.10516319496
1.06886923511
1.0326386528
0.996476116359
0.960386251436
0.924373641297
0.888442827124
0.852598308305
0.816844542724
0.781185947024
0.745626896874
0.710171727204
0.674824732439
0.639590166702
0.604472244008
0.569475138428
0.534602984238
0.499859876044
0.465249868876
0.430776978269
0.396445180306
0.362258411644
0.328220569503
0.29433551164
0.260607056278
0.227038982027
0.193635027752
0.160398892436
0.127334234993
0.094444674068
0.0617337877956
0.0292051135385
-0.00313785240777
-0.0352916551368
-0.0672528814809
-0.0990181603889
-0.13058416333
-0.161947604722
-0.193105242391
-0.224053878048
-0.254790357793
-0.285311572641
-0.31561445907
-0.345695999593
-0.375553223337
-0.40518320666
-0.434583073765
-0.463749997344
-0.492681199229
-0.521373951059
-0.549825574956
-0.578033444217
-0.605994984004
-0.633707672056
-0.661169039392
-0.688376671028
-0.715328206691
-0.742021341539
-0.768453826879
-0.794623470877
-0.820528139273
-0.846165756088
-0.87153430432
-0.89663182664
-0.921456426066
-0.946006266641
-0.970279574085
-0.994274636441
-1.0179898047
-1.04142349341
-1.06457418126
-1.08744041168
-1.11002079336
-1.13231400079
-1.15431877474
-1.1760339228
-1.19745831976
-1.21859090808
-1.23943069827
-1.25997676925
-1.28022826872
-1.30018441342
-1.31984448944
-1.33920785241
-1.35827392778
-1.37704221092
-1.39551226731
-1.41368373259
-1.43155631267
-1.44912978373
-1.4664039922
-1.48337885474
-1.50005435816
-1.51643055924
-1.53250758464
-1.54828563063
-1.56376496292
-1.5789459163
-1.59382889442
-1.60841436934
-1.62270288121
-1.63669503778
-1.65039151399
-1.66379305141
-1.67690045773
-1.68971460616
-1.70223643482
-1.7144669461
-1.72640720594
-1.73805834315
-1.74942154862
-1.76049807455
-1.77128923362
-1.78179639813
-1.79202099913
-1.80196452552
-1.81162852306
-1.82101459344
-1.83012439328
-1.83895963308
-1.84752207618
-1.85581353772
-1.86383588349
-1.87159102885
-1.87908093758
-1.88630762072
-1.89327313538
-1.89997958358
-1.90642911099
-1.91262390576
-1.91856619723
-1.92425825471
-1.9297023862
-1.93490093712
-1.93985628904
-1.94457085837
-1.94904709506
-1.95328748134
-1.95729453034
-1.96107078487
-1.96461881603
-1.96794122194
-1.97104062643
-1.9739196777
-1.97658104707
-1.97902742761
-1.98126153291
-1.98328609575
-1.98510386681
-1.98671761343
-1.98813011834
-1.98934417839
-1.9903626033
-1.99118821446
-1.99182384372
-1.99227233215
-1.99253652887
-1.99261928992
-1.99252347704
-1.9922519566
-1.99180759844
-1.99119327481
-1.99041185925
-1.98946622558
-1.98835924685
-1.98709379432
-1.98567273648
-1.98409893809
-1.98237525922
-1.98050455435
-1.97848967146
-1.97633345119
-1.97403872597
-1.9716083192
-1.96904504449
-1.96635170484
-1.96353109196
-1.96058598552
-1.95751915247
-1.95433334637
-1.95103130676
-1.94761575858
-1.94408941155
-1.9404549596
-1.93671508041
-1.93287243483
-1.92892966645
-1.92488940112
-1.92075424654
-1.91652679184
-1.9122096072
-1.90780524353
-1.90331623208
-1.89874508419
-1.89409429096
-1.88936632301
-1.88456363022
-1.87968864152
-1.87474376469
-1.86973138618
-1.86465387093
-1.85951356223
-1.85431278162
-1.84905382873
-1.84373898122
-1.83837049472
-1.83295060269
-1.82748151646
-1.82196542511
-1.8164044955
-1.81080087223
-1.80515667763
-1.79947401178
-1.79375495251
-1.7880015554
-1.78221585385
-1.77639985908
-1.77055556018
-1.76468492413
-1.75878989586
-1.7528723983
-1.7469343324
-1.74097757722
-1.73500398994
-1.72901540589
-1.72301363867
-1.71700048009
-1.71097770028
-1.70494704769
-1.69891024911
-1.69286900973
-1.6868250131
-1.68077992117
-1.67473537428
-1.66869299115
-1.66265436885
-1.6566210828
-1.65059468667
-1.64457671242
-1.63856867014
-1.63257204804
-1.62658831235
-1.62061890721
-1.61466525457
-1.60872875406
-1.60281078284
-1.59691269549
-1.59103582381
-1.58518147663
-1.57935093968
-1.57354547531
-1.56776632234
-1.56201469577
-1.55629178657
-1.55059876143
-1.54493676246
-1.53930690692
-1.53371028693
-1.52814796918
-1.52262099455
-1.51713037787
-1.51167710752
-1.50626214508
-1.50088642503
-1.49555085431
-1.490256312
-1.48500364893
-1.47979368729
-1.47462722021
-1.46950501142
-1.46442779482
-1.45939627408
-1.45441112224
-1.4494729813
-1.44458246184
-1.43974014259
-1.43494657007
-1.43020225813
-1.42550768766
-1.42086330609
-1.41626952712
-1.41172673029
-1.40723526062
-1.40279542832
-1.39840750838
-1.3940717403
-1.38978832779
-1.38555743841
-1.38137920339
-1.3772537173
-1.37318103785
-1.36916118565
-1.36519414406
-1.36127985894
-1.35741823861
-1.35360915361
-1.34985243671
-1.34614788276
-1.34249524869
-1.33889425352
-1.3353445783
-1.33184586627
-1.32839772283
-1.32499971575
-1.32165137526
-1.31835219426
-1.31510162853
-1.31189909699
-1.308743982
-1.30563562966
-1.30257335021
-1.29955641841
-1.296584074
-1.29365552216
-1.29076993407
-1.28792644741
-1.28512416701
-1.28236216546
-1.27963948379
-1.27695513221
-1.27430809081
-1.27169731041
-1.26912171336
-1.26658019442
-1.26407162164
-1.26159483734
-1.25914865908
-1.25673188065
-1.25434327314
-1.25198158603
-1.24964554828
-1.2473338695
-1.24504524111
-1.24277833757
-1.24053181762
-1.23830432549
-1.23609449227
-1.23390093716
-1.23172226885
-1.22955708687
-1.22740398293
-1.22526154239
-1.22312834563
-1.22100296946
-1.21888398862
-1.21676997721
-1.21465951014
-1.2125511646
-1.2104435216
-1.20833516735
-1.20622469484
-1.20411070528
-1.20199180957
-1.19986662981
-1.19773380075
-1.19559197128
-1.19343980583
-1.19127598587
-1.1890992113
-1.18690820188
-1.1847016986
-1.18247846506
-1.18023728882
-1.17797698271
-1.17569638614
-1.17339436635
-1.17106981967
-1.16872167267
-1.16634888338
-1.16395044241
-1.16152537402
-1.15907273718
-1.15659162659
-1.15408117364
-1.15154054732
-1.14896895511
-1.1463656438
-1.14372990027
-1.14106105221
-1.13835846879
-1.13562156128
-1.13284978363
-1.13004263298
-1.12719965007
-1.1243204197
-1.12140457104
-1.11845177789
-1.11546175893
-1.11243427788
-1.10936914357
-1.10626621001
-1.10312537638
-1.09994658692
-1.09672983077
-1.09347514186
-1.09018259852
-1.08685232328
-1.08348448239
-1.08007928544
-1.07663698484
-1.07315787526
-1.06964229301
-1.06609061539
-1.06250325995
-1.05888068369
-1.05522338228
-1.05153188913
-1.04780677444
-1.04404864428
-1.04025813951
-1.03643593468
-1.03258273699
-1.02869928504
-1.02478634767
-1.02084472271
-1.01687523568
-1.01287873851
-1.00885610816
-1.00480824524
-1.00073607264
-0.996640534026
-0.992522592472
-0.988383228906
-0.984223440646
-0.980044239877
-0.975846652121
-0.971631714691
-0.967400475147
-0.963153989727
-0.95889332179
-0.95461954025
-0.950333718004
-0.946036930375
-0.941730253552
-0.937414763039
-0.933091532117
-0.928761630314
-0.924426121897
-0.920086064371
-0.91574250701
-0.911396489398
-0.907049040004
-0.90270117478
-0.898353895785
-0.894008189842
-0.889665027231
-0.885325360412
-0.880990122787
-0.876660227502
-0.872336566288
-0.868020008342
-0.86371139926
-0.859411560005
-0.855121285931
-0.850841345848
-0.846572481147
-0.842315404963
-0.838070801401
-0.833839324811
-0.829621599118
-0.825418217207
-0.821229740362
-0.817056697769
-0.812899586064
-0.808758868954
-0.804634976882
-0.800528306759
-0.796439221756
-0.792368051143
-0.788315090205
-0.7842806002
-0.780264808387
-0.776267908105
-0.772290058914
-0.768331386793
-0.764391984395
-0.760471911353
-0.756571194653
-0.752689829048
-0.748827777536
-0.744984971886
-0.741161313216
-0.737356672624
-0.733570891863
-0.729803784069
-0.726055134534
-0.722324701522
-0.718612217128
-0.714917388187
-0.711239897208
-0.707579403362
-0.703935543496
-0.700307933186
-0.696696167826
-0.693099823737
-0.68951845932
-0.685951616224
-0.682398820543
-0.678859584039
-0.675333405382
-0.671819771408
-0.668318158397
-0.664828033361
-0.661348855351
-0.657880076766
-0.654421144675
-0.650971502142
-0.647530589556
-0.644097845965
-0.6406727104
-0.637254623205
-0.63384302736
-0.630437369792
-0.627037102684
-0.623641684762
-0.62025058258
-0.616863271782
-0.61347923835
-0.610097979827
-0.606719006526
-0.603341842712
-0.599966027756
-0.596591117267
-0.593216684196
-0.589842319901
-0.586467635192
-0.583092261334
-0.579715851016
-0.57633807929
-0.572958644464
-0.569577268958
-0.566193700128
-0.562807711032
-0.55941910117
-0.556027697172
-0.552633353439
-0.549235952746
-0.545835406793
-0.542431656711
-0.539024673516
-0.535614458525
-0.53220104371
-0.528784492013
-0.525364897603
-0.52194238609
-0.518517114685
-0.515089272307
-0.511659079646
-0.508226789168
-0.504792685077
-0.501357083218
-0.497920330937
-0.494482806888
-0.49104492079
-0.487607113135
-0.484169854846
-0.480733646892
-0.477299019849
-0.473866533416
-0.470436775888
-0.467010363578
-0.4635879402
-0.460170176202
-0.456757768065
-0.453351437552
-0.44995193092
-0.446560018095
-0.443176491803
-0.439802166668
-0.436437878275
-0.433084482196
-0.429742852981
-0.426413883129
-0.423098482008
-0.419797574771
