-0.566232581822
-0.56625747807
-0.566307246513
-0.566381851083
-0.566481243709
-0.566605364335
-0.566754140931
-0.566927489521
-0.567125314203
-0.567347507177
-0.567593948772
-0.567864507485
-0.56815904001
-0.56847739128
-0.568819394506
-0.569184871226
-0.569573631348
-0.569985473201
-0.570420183589
-0.570877537847
-0.571357299899
-0.571859222319
-0.572383046398
-0.57292850221
-0.573495308679
-0.574083173658
-0.574691793998
-0.575320855633
-0.575970033655
-0.576638992401
-0.577327385541
-0.578034856162
-0.578761036867
-0.579505549863
-0.58026800706
-0.581048010174
-0.581845150825
-0.582659010644
-0.583489161379
-0.584335165007
-0.585196573844
-0.586072930661
-0.5869637688
-0.587868612296
-0.588786975997
-0.589718365687
-0.590662278217
-0.591618201628
-0.592585615288
-0.593563990022
-0.594552788246
-0.595551464109
-0.596559463631
-0.597576224842
-0.598601177931
-0.599633745388
-0.600673342155
-0.601719375772
-0.602771246535
-0.603828347642
-0.604890065357
-0.605955779159
-0.607024861909
-0.608096680005
-0.609170593549
-0.610245956506
-0.611322116878
-0.612398416864
-0.613474193031
-0.61454877649
-0.615621493058
-0.616691663441
-0.617758603405
-0.61882162395
-0.619880031492
-0.620933128038
-0.62198021137
-0.62302057522
-0.62405350946
-0.625078300279
-0.626094230372
-0.627100579122
-0.628096622789
-0.629081634695
-0.630054885414
-0.631015642962
-0.631963172984
-0.632896738946
-0.633815602325
-0.634719022806
-0.635606258466
-0.636476565974
-0.637329200784
-0.638163417323
-0.638978469194
-0.639773609365
-0.640548090364
-0.64130116448
-0.642032083953
-0.642740101172
-0.643424468872
-0.644084440327
-0.644719269552
-0.645328211492
-0.645910522225
-0.646465459153
-0.646992281202
-0.647490249015
-0.647958625147
-0.648396674265
-0.648803663339
-0.649178861838
-0.649521541923
-0.649830978645
-0.650106450133
-0.650347237792
-0.650552626492
-0.65072190476
-0.650854364974
-0.650949303552
-0.651006021138
-0.651023822798
-0.651002018202
-0.650939921814
-0.65083685308
-0.65069213661
-0.650505102364
-0.650275085834
-0.650001428232
-0.649683476664
-0.649320584313
-0.648912110619
-0.648457421457
-0.64795588931
-0.647406893449
-0.646809820102
-0.646164062631
-0.645469021698
-0.64472410544
-0.643928729632
-0.643082317858
-0.642184301671
-0.641234120762
-0.640231223117
-0.639175065178
-0.638065112004
-0.636900837424
-0.635681724193
-0.634407264147
-0.63307695835
-0.631690317246
-0.630246860804
-0.628746118667
-0.62718763029
-0.625570945086
-0.623895622561
-0.622161232455
-0.620367354871
-0.618513580416
-0.616599510321
-0.614624756579
-0.612588942065
-0.610491700659
-0.608332677374
-0.606111528465
-0.603827921552
-0.601481535734
-0.599072061695
-0.59659920182
-0.594062670296
-0.591462193217
-0.588797508688
-0.586068366919
-0.583274530325
-0.580415773615
-0.577491883886
-0.574502660709
-0.571447916214
-0.56832747517
-0.565141175068
-0.561888866196
-0.558570411708
-0.555185687699
-0.551734583274
-0.548217000604
-0.544632854996
-0.540982074947
-0.537264602199
-0.533480391792
-0.529629412113
-0.525711644939
-0.521727085484
-0.517675742433
-0.513557637982
-0.509372807868
-0.505121301399
-0.50080318148
-0.496418524636
-0.491967421028
-0.487449974474
-0.482866302458
-0.478216536136
-0.473500820348
-0.468719313615
-0.463872188136
-0.458959629787
-0.453981838109
-0.448939026297
-0.443831421182
-0.438659263213
-0.433422806431
-0.428122318445
-0.422758080399
-0.417330386938
-0.41183954617
-0.406285879623
-0.4006697222
-0.394991422127
-0.389251340905
-0.383449853248
-0.377587347022
-0.371664223183
-0.365680895708
-0.359637791519
-0.353535350412
-0.347374024971
-0.341154280489
-0.334876594877
-0.328541458575
-0.322149374454
-0.315700857717
-0.309196435796
-0.302636648245
-0.296022046632
-0.289353194416
-0.282630666837
-0.275855050791
-0.269026944699
-0.262146958383
-0.25521571293
-0.248233840554
-0.241201984452
-0.234120798664
-0.226990947921
-0.219813107491
-0.212587963026
-0.205316210399
-0.197998555541
-0.190635714276
-0.183228412146
-0.17577738424
-0.168283375013
-0.160747138107
-0.153169436164
-0.145551040639
-0.137892731606
-0.130195297567
-0.122459535246
-0.114686249394
-0.10687625258
-0.0990303649849
-0.0911494141876
-0.0832342349516
-0.075285669007
-0.0673045648297
-0.0592917774175
-0.0512481680636
-0.0431746041269
-0.0350719587995
-0.0269411108721
-0.0187829444957
-0.0105983489414
-0.0023882183574
0.00584654847638
0.0141050483964
0.0223863741056
0.030689614426
0.0390138545537
0.0473581763153
0.0557216584277
0.0641033767583
0.0725024045886
0.0809178128787
0.089348670534
0.0977940446735
0.106253000899
0.114724603569
0.123207916068
0.131702001082
0.140205920877
0.148718737571
0.157239513414
0.165767311069
0.174301193887
0.182840226192
0.191383473559
0.199930003098
0.208478883736
0.217029186501
0.225579984801
0.234130354714
0.242679375266
0.251226128719
0.259769700852
0.268309181247
0.276843663569
0.285372245854
0.293894030786
0.302408125984
0.310913644282
0.319409704007
0.327895429263
0.336369950208
0.344832403332
0.353281931735
0.361717685401
0.370138821472
0.378544504522
0.38693390683
0.395306208645
0.403660598458
0.411996273264
0.420312438832
0.428608309959
0.436883110738
0.445136074809
0.453366445618
0.461573476668
0.469756431769
0.477914585288
0.48604722239
0.494153639281
0.502233143451
0.510285053904
0.518308701393
0.526303428651
0.534268590615
0.54220355465
0.550107700767
0.557980421842
0.565821123822
0.57362922594
0.581404160913
0.589145375146
0.596852328929
0.604524496626
0.612161366865
0.619762442722
0.627327241898
0.634855296897
0.642346155194
0.649799379403
0.657214547435
0.664591252657
0.671929104042
0.679227726317
0.686486760103
0.693705862053
0.700884704986
0.708022978005
0.715120386631
0.722176652907
0.729191515516
0.736164729884
0.743096068282
0.749985319915
0.756832291019
0.763636804937
0.770398702201
0.777117840602
0.783794095261
0.790427358682
0.797017540814
0.803564569095
0.810068388498
0.816528961571
0.822946268461
0.829320306947
0.835651092454
0.841938658073
0.848183054562
0.854384350352
0.86054263154
0.866658001881
0.872730582769
0.878760513218
0.884747949828
0.890693066757
0.896596055673
0.902457125712
0.908276503427
0.914054432721
0.919791174789
0.925487008046
0.931142228045
0.936757147399
0.942332095691
0.947867419376
0.953363481682
0.958820662501
0.964239358277
0.96961998189
0.974962962524
0.980268745541
0.985537792344
0.990770580235
0.995967602263
1.00112936707
1.00625639875
1.01134923665
1.01640843522
1.02143456384
1.02642820663
1.03138996226
1.03632044377
1.04122027836
1.04609010718
1.05093058516
1.05574238074
1.0605261757
1.06528266489
1.07001255606
1.07471656958
1.07939543821
1.08404990686
1.08868073237
1.0932886832
1.09787453922
1.10243909144
1.10698314174
1.11150750258
1.11601299677
1.12050045714
1.12497072631
1.12942465637
1.13386310859
1.13828695315
1.14269706881
1.14709434266
1.15147966974
1.15585395282
1.16021810202
1.16457303453
1.16891967429
1.17325895164
1.17759180307
1.18191917082
1.18624200257
1.19056125115
1.19487787416
1.19919283367
1.20350709585
1.20782163065
1.21213741148
1.21645541482
1.22077661991
1.22510200841
1.22943256401
1.23376927215
1.23811311959
1.24246509413
1.24682618422
1.25119737862
1.25557966604
1.25997403479
1.26438147243
1.26880296541
1.27323949874
1.27769205557
1.28216161692
1.28664916126
1.29115566421
1.29568209813
1.30022943181
1.30479863009
1.30939065355
1.31400645811
1.3186469947
1.32331320894
1.32800604073
1.33272642397
1.3374752862
1.34225354822
1.34706212378
1.35190191926
1.3567738333
1.36167875649
1.366617571
1.37159115031
1.37660035883
1.38164605163
1.38672907404
1.39185026142
1.39701043879
1.40221042052
1.40745101005
1.41273299956
1.41805716968
1.42342428918
1.42883511469
1.4342903904
1.43979084777
1.44533720526
1.45093016802
1.45657042768
1.462258662
1.46799553465
1.47378169495
1.47961777759
1.48550440241
1.4914421741
1.49743168203
1.50347349993
1.50956818573
1.51571628129
1.5219183122
1.52817478752
1.53448619964
1.54085302399
1.54727571893
1.55375472545
1.56029046709
1.56688334966
1.57353376111
1.58024207136
1.58700863212
1.59383377671
1.60071781994
1.60766105795
1.61466376804
1.62172620858
1.62884861881
1.6360312188
1.64327420926
1.65057777146
1.65794206711
1.66536723827
1.67285340726
1.68040067653
1.68800912865
1.69567882616
1.70340981156
1.71120210721
1.71905571527
1.72697061769
1.73494677611
1.74298413188
1.75108260597
1.75924209901
1.76746249118
1.77574364231
1.78408539177
1.79248755853
1.80094994114
1.80947231777
1.81805444619
1.82669606382
1.83539688774
1.84415661475
1.85297492139
1.86185146401
1.8707858788
1.87977778186
1.88882676927
1.89793241716
1.90709428177
1.91631189957
1.9255847873
1.93491244209
1.94429434157
1.95372994394
1.96321868812
1.97275999384
1.98235326174
1.99199787355
2.00169319217
2.01143856184
2.02123330824
2.03107673868
2.04096814221
2.0509067898
2.06089193448
2.07092281153
2.0809986386
2.09111861594
2.10128192651
2.11148773622
2.12173519407
2.13202343237
2.1423515669
2.15271869712
2.16312390637
2.17356626208
2.18404481593
2.19455860411
2.20510664753
2.21568795197
2.22630150838
2.23694629303
2.2476212678
2.25832538034
2.26905756433
2.27981673971
2.29060181291
2.30141167707
2.31224521229
2.32310128587
2.33397875254
2.34487645472
2.35579322272
2.36672787505
2.37767921859
2.3886460489
2.39962715045
2.41062129684
2.4216272511
2.4326437659
2.44366958381
2.45470343758
2.46574405035
2.47679013594
2.48784039908
2.49889353567
2.50994823305
2.52100317023
2.53205701814
2.54310843993
2.55415609115
2.56519862008
2.57623466791
2.58726286906
2.59828185138
2.60929023641
2.62028663966
2.63126967082
2.64223793402
2.6531900281
2.66412454681
2.67504007911
2.68593520934
2.69680851755
2.70765857965
2.71848396772
2.72928325022
2.7400549922
2.75079775557
2.76151009932
2.77219057975
2.78283775067
2.79345016369
2.80402636837
2.81456491249
2.82506434226
2.83552320253
2.84594003701
2.85631338846
2.86664179895
2.87692381003
2.88715796295
2.89734279883
2.90747685893
2.9175586848
2.92758681846
2.93755980265
2.94747618098
2.95733449812
2.9671333
2.97687113401
2.98654654912
2.99615809613
3.00570432781
3.01518379907
3.02459506716
3.03393669178
3.04320723533
3.05240526299
3.06152934294
3.07057804648
3.07954994823
3.08844362622
3.09725766211
3.10599064128
3.11464115302
3.12320779065
3.13168915166
3.14008383786
3.14839045553
3.1566076155
3.16473393336
3.17276802954
3.18070852942
3.18855406353
3.1963032676
3.20395478272
3.21150725546
3.21895933796
3.22630968808
3.2335569695
3.24069985184
3.24773701077
3.25466712809
3.2614888919
3.26820099665
3.27480214327
3.28129103928
3.28766639887
3.29392694304
3.30007139965
3.30609850356
3.31200699673
3.31779562827
3.32346315459
3.32900833949
3.33442995421
3.33972677757
3.34489759606
3.34994120391
3.35485640321
3.35964200398
3.36429682428
3.36881969029
3.37320943641
3.37746490535
3.38158494823
3.38556842466
3.38941420284
3.39312115966
3.39668818076
3.40011416068
3.4033980029
3.40653861998
3.40953493361
3.41238587476
3.41509038372
3.41764741023
3.4200559136
3.42231486276
3.42442323638
3.42638002299
3.42818422108
3.42983483918
3.43133089599
3.43267142045
3.43385545193
3.43488204023
3.43575024579
3.43645913974
3.43700780404
3.4373953316
3.43762082639
3.43768340355
3.43758218952
3.4373163222
3.436884951
3.43628723704
3.43552235323
3.43458948444
3.4334878276
3.43221659186
3.4307749987
3.42916228211
3.42737768871
3.42542047787
3.42328992191
3.4209853062
3.41850592934
3.4158511033
3.41302015358
3.41001241935
3.40682725365
3.40346402351
3.39992211014
3.39620090907
3.39229983035
3.38821829871
3.38395575371
3.37951164995
3.3748854572
3.37007666065
3.36508476101
3.35990927475
3.35454973426
3.34900568804
3.3432767009
3.33736235413
3.33126224571
3.32497599048
3.31850322037
3.31184358456
3.30499674972
3.29796240016
3.29074023808
3.28332998373
3.27573137564
3.26794417082
3.25996814497
3.25180309267
3.24344882759
3.23490518274
3.22617201061
3.21724918345
3.20813659341
3.19883415282
3.18934179436
3.17965947127
3.16978715758
3.15972484832
3.14947255972
3.13903032943
3.12839821673
3.11757630272
3.10656469057
3.0953635057
3.083972896
3.07239303202
3.0606241072
3.04866633807
3.03651996444
3.02418524962
3.01166248059
2.99895196825
2.98605404757
2.97296907781
2.95969744269
2.94623955061
2.93259583483
2.91876675363
2.90475279053
2.89055445444
2.87617227985
2.861606827
2.84685868207
2.8319284573
2.8168167912
2.80152434869
2.78605182124
2.77039992705
2.75456941119
2.73856104572
2.72237562986
2.70601399009
2.68947698031
2.67276548194
2.65588040405
2.63882268347
2.62159328491
2.60419320102
2.58662345253
2.56888508835
2.55097918558
2.53290684969
2.5146692145
2.4962674423
2.47770272391
2.45897627868
2.44008935461
2.42104322832
2.40183920512
2.38247861902
2.36296283278
2.34329323784
2.32347125442
2.30349833142
2.2833759465
2.26310560596
2.2426888448
2.22212722662
2.2014223436
2.18057581643
2.15958929427
2.13846445466
2.11720300344
2.09580667467
2.07427723053
2.05261646119
2.03082618474
2.00890824702
1.98686452151
1.96469690918
1.94240733835
1.9199977645
1.89747017012
1.87482656454
1.8520689837
1.82919948999
1.80622017202
1.78313314441
1.75994054756
1.7366445474
1.71324733517
1.68975112713
1.66615816431
1.64247071224
1.61869106064
1.59482152314
1.570864437
1.54682216273
1.52269708382
1.49849160639
1.47420815882
1.44984919144
1.42541717614
1.40091460599
1.37634399487
1.35170787709
1.32700880696
1.3022493584
1.2774321245
1.25255971711
1.22763476641
1.20265992042
1.17763784459
1.15257122131
1.12746274944
1.10231514382
1.07713113481
1.05191346773
1.02666490242
1.00138821267
0.976086185739
0.950761621772
0.925417333304
0.900056144689
0.874680891549
0.849294420211
0.823899587133
0.79849925833
0.773096308785
0.74769362186
0.722294088694
0.696900607601
0.671516083455
0.646143427074
0.620785554596
0.595445386846
0.570125848706
0.544829868471
0.519560377201
0.494320308073
0.469112595722
0.443940175582
0.41880598322
0.393712953668
0.368664020745
0.343662116385
0.318710169951
0.293811107555
0.268967851366
0.244183318925
0.219460422446
0.194802068123
0.170211155434
0.145690576437
0.121243215073
0.0968719464585
0.0725796361844
0.0483691396089
0.0242433011525
0.000204953590479
-0.0237430826534
-0.0475980002138
-0.0713570054907
-0.0950173193551
-0.118576177855
-0.142030832917
-0.165378553055
-0.188616624066
-0.21174234973
-0.234753052514
-0.257646074257
-0.280418776873
-0.303068543033
-0.325592776855
-0.347988904586
-0.370254375283
-0.392386661489
-0.4143832599
-0.436241692038
-0.457959504909
-0.479534271664
-0.500963592245
-0.52224509404
-0.543376432516
-0.56435529186
-0.585179385601
-0.605846457241
-0.626354280862
-0.646700661737
-0.666883436934
-0.686900475905
-0.706749681076
-0.726428988421
-0.745936368033
-0.765269824686
-0.784427398386
-0.803407164915
-0.822207236365
-0.840825761662
-0.859260927083
-0.877510956759
-0.895574113171
-0.913448697637
-0.931133050782
-0.948625553005
-0.965924624931
-0.983028727853
-0.99993636416
-1.01664607776
-1.03315645448
-1.04946612247
-1.06557375258
-1.08147805872
-1.09717779827
-1.11267177234
-1.12795882617
-1.14303784943
-1.15790777653
-1.17256758691
-1.18701630531
-1.20125300206
-1.21527679331
-1.2290868413
-1.24268235454
-1.25606258807
-1.26922684362
-1.28217446983
-1.29490486237
-1.30741746414
-1.31971176539
-1.33178730384
-1.34364366481
-1.35528048128
-1.36669743403
-1.37789425163
-1.38887071056
-1.39962663521
-1.4101618979
-1.42047641891
-1.43057016644
-1.4404431566
-1.45009545339
-1.4595271686
-1.46873846178
-1.47772954014
-1.48650065845
-1.49505211891
-1.50338427106
-1.51149751157
-1.51939228415
-1.52706907932
-1.53452843424
-1.5417709325
-1.54879720391
-1.55560792424
-1.56220381499
-1.5685856431
-1.5747542207
-1.58071040481
-1.58645509698
-1.59198924305
-1.59731383273
-1.60242989931
-1.60733851924
-1.61204081181
-1.61653793868
-1.62083110353
-1.62492155163
-1.62881056937
-1.63249948386
-1.6359896624
-1.63928251209
-1.64237947928
-1.64528204907
-1.64799174485
-1.6505101277
-1.65283879591
-1.65497938441
-1.6569335642
-1.65870304179
-1.66028955862
-1.66169489043
-1.6629208467
-1.66396927
-1.66484203539
-1.66554104974
-1.66606825113
-1.66642560816
-1.66661511928
-1.66663881216
-1.66649874293
-1.66619699555
-1.66573568107
-1.66511693695
-1.6643429263
-1.66341583719
-1.66233788189
-1.66111129614
-1.65973833841
-1.65822128911
-1.65656244989
-1.65476414281
-1.65282870958
-1.65075851083
-1.64855592526
-1.64622334888
-1.64376319422
-1.64117788955
-1.63846987801
-1.63564161688
-1.63269557674
-1.62963424064
-1.62646010333
-1.62317567038
-1.61978345743
-1.6162859893
-1.61268579923
-1.60898542801
-1.60518742318
-1.60129433817
-1.59730873153
-1.59323316604
-1.58907020794
-1.58482242608
-1.58049239107
-1.57608267449
-1.57159584809
-1.56703448289
-1.56240114846
-1.55769841201
-1.55292883767
-1.54809498559
-1.54319941121
-1.53824466442
-1.53323328875
-1.52816782061
-1.52305078847
-1.5178847121
-1.51267210178
-1.50741545751
-1.50211726826
-1.49678001121
-1.49140615099
-1.48599813891
-1.48055841225
-1.4750893935
-1.46959348965
-1.46407309144
-1.4585305727
-1.45296828957
-1.44738857989
-1.44179376243
-1.43618613627
-1.43056798012
-1.42494155163
-1.41930908676
-1.41367279916
-1.4080348795
-1.40239749488
-1.3967627882
-1.39113287759
-1.38550985577
-1.37989578953
-1.37429271915
-1.3687026578
-1.36312759107
-1.3575694764
-1.35203024254
-1.3465117891
-1.34101598601
-1.33554467307
-1.33009965946
-1.32468272329
-1.31929561116
-1.31394003776
-1.30861768539
-1.30333020362
-1.29807920885
-1.292866284
-1.28769297808
-1.28256080588
-1.27747124764
-1.27242574871
-1.26742571926
-1.26247253399
-1.25756753185
-1.25271201578
-1.24790725245
-1.24315447204
-1.23845486803
-1.23380959699
-1.22921977837
-1.22468649435
-1.22021078968
-1.21579367152
-1.21143610934
-1.20713903475
-1.20290334147
-1.19872988518
-1.19461948349
-1.19057291588
-1.18659092362
-1.18267420982
-1.17882343932
-1.17503923878
-1.17132219665
-1.1676728632
-1.1640917506
-1.16057933295
-1.15713604636
-1.15376228905
-1.15045842143
-1.14722476627
-1.14406160875
-1.14096919668
-1.13794774062
-1.13499741407
-1.13211835364
-1.12931065926
-1.12657439439
-1.12390958624
-1.12131622604
-1.11879426925
-1.11634363585
-1.1139642106
-1.11165584336
-1.10941834937
-1.10725150956
-1.10515507088
-1.10312874666
-1.10117221694
-1.09928512882
-1.09746709687
-1.09571770347
-1.09403649923
-1.0924230034
-1.09087670426
-1.08939705959
-1.08798349704
-1.08663541465
-1.08535218125
-1.08413313695
-1.0829775936
-1.08188483529
-1.08085411882
-1.07988467424
-1.0789757053
-1.07812639002
-1.07733588118
-1.07660330687
-1.07592777102
-1.07530835394
-1.07474411289
-1.07423408263
-1.07377727599
-1.07337268443
-1.07301927863
-1.07271600905
-1.07246180657
-1.07225558302
-1.07209623182
-1.07198262855
-1.07191363161
-1.07188808275
-1.07190480777
-1.07196261707
-1.0720603063
-1.07219665699
-1.07237043716
-1.07258040194
-1.07282529423
-1.07310384531
-1.07341477548
-1.07375679468
-1.07412860314
-1.07452889204
-1.07495634408
-1.07540963418
-1.07588743008
-1.07638839302
-1.07691117829
-1.07745443597
-1.07801681148
-1.07859694626
-1.07919347836
-1.07980504312
-1.08043027375
-1.08106780197
-1.08171625864
-1.08237427434
-1.08304048006
-1.08371350772
-1.08439199084
-1.08507456511
-1.08575986903
-1.08644654445
-1.08713323719
-1.08781859762
-1.08850128126
-1.0891799493
-1.08985326924
-1.0905199154
-1.09117856949
-1.09182792117
-1.09246666858
-1.09309351891
-1.09370718887
-1.09430640528
-1.09488990556
-1.0954564382
-1.09600476335
-1.09653365321
-1.09704189261
-1.09752827941
-1.09799162503
-1.09843075487
-1.09884450878
-1.09923174151
-1.09959132313
-1.09992213944
-1.10022309245
-1.1004931007
-1.10073109972
-1.1009360424
-1.10110689937
-1.10124265935
-1.10134232952
-1.1014049359
-1.10142952363
-1.10141515733
-1.10136092142
-1.10126592041
-1.10112927922
-1.10095014344
-1.10072767962
-1.10046107553
-1.1001495404
-1.0997923052
-1.09938862282
-1.09893776834
-1.0984390392
-1.09789175541
-1.09729525976
-1.09664891797
-1.09595211885
-1.09520427447
-1.09440482031
-1.09355321536
-1.09264894228
-1.09169150747
-1.09068044118
-1.08961529763
-1.08849565502
-1.08732111566
-1.08609130597
-1.08480587657
-1.08346450227
-1.08206688211
-1.08061273936
-1.07910182153
-1.07753390035
-1.07590877175
-1.07422625581
-1.07248619674
-1.07068846281
-1.06883294629
-1.06691956335
-1.06494825401
-1.06291898205
-1.06083173482
-1.05868652325
-1.0564833816
-1.05422236743
-1.05190356135
-1.04952706697
-1.04709301064
-1.04460154135
-1.0420528305
-1.03944707172
-1.03678448066
-1.03406529483
-1.0312897733
-1.02845819652
-1.02557086611
-1.02262810453
-1.01963025494
-1.01657768083
-1.01347076586
-1.01030991348
-1.00709554672
-1.00382810789
-1.00050805826
-0.997135877767
-0.993712064719
-0.990237135462
-0.986711624065
-0.98313608199
-0.97951107776
-0.975837196616
-0.972115040173
-0.968345226068
-0.964528387609
-0.960665173406
-0.956756247013
-0.952802286555
-0.948803984353
-0.944762046548
-0.940677192716
-0.936550155484
-0.93238168014
-0.928172524243
-0.923923457221
-0.91963525998
-0.915308724496
-0.910944653417
-0.906543859654
-0.902107165973
-0.897635404587
-0.893129416743
-0.888590052312
-0.88401816937
-0.879414633791
-0.874780318823
-0.870116104677
-0.86542287811
-0.860701532008
-0.855952964967
-0.85117808088
-0.84637778852
-0.841553001126
-0.836704635983
-0.831833614019
-0.826940859382
-0.822027299039
-0.817093862359
-0.812141480712
-0.807171087063
-0.802183615565
-0.797180001164
-0.7921611792
-0.787128085009
-0.782081653535
-0.777022818939
-0.771952514214
-0.766871670805
-0.761781218225
-0.756682083689
-0.751575191737
-0.746461463868
-0.741341818184
-0.736217169026
-0.731088426623
-0.725956496746
-0.720822280365
-0.715686673306
-0.710550565925
-0.705414842778
-0.700280382296
-0.695148056475
-0.690018730559
-0.684893262741
-0.679772503862
-0.674657297118
-0.669548477775
-0.664446872888
-0.659353301032
-0.654268572029
-0.649193486691
-0.644128836568
-0.639075403699
-0.634033960375
-0.629005268905
-0.623990081391
-0.618989139511
-0.614003174304
-0.609032905974
-0.604079043687
-0.599142285384
-0.594223317603
-0.589322815302
-0.584441441694
-0.579579848089
-0.574738673743
-0.569918545715
-0.565120078733
-0.560343875065
-0.5555905244
-0.550860603738
-0.546154677283
-0.541473296347
-0.536816999268
-0.532186311321
-0.527581744651
-0.523003798206
-0.518452957682
-0.513929695475
-0.509434470633
-0.504967728833
-0.500529902347
-0.496121410027
-0.491742657296
-0.487394036144
-0.483075925132
-0.478788689409
-0.474532680724
-0.470308237464
-0.466115684678
-0.461955334129
-0.457827484336
-0.453732420635
-0.449670415241
-0.445641727321
-0.441646603068
-0.437685275788
-0.433757965993
-0.429864881495
-0.426006217514
-0.422182156788
-0.418392869693
-0.414638514361
-0.410919236815
-0.407235171107
-0.403586439452
-0.399973152384
-0.396395408907
-0.392853296651
-0.389346892042
-0.385876260469
-0.38244145646
-0.379042523859
-0.375679496019
-0.372352395985
-0.369061236691
-0.365806021158
-0.362586742702
-0.359403385136
-0.356255922986
-0.353144321704
-0.35006853789
-0.347028519512
-0.344024206137
-0.341055529157
-0.338122412023
-0.335224770483
-0.332362512817
-0.329535540081
-0.326743746352
-0.323987018972
-0.321265238795
-0.318578280441
-0.315926012547
-0.313308298017
-0.310724994284
-0.308175953559
-0.305661023095
-0.303180045441
-0.300732858702
-0.298319296803
-0.295939189744
-0.293592363861
-0.29127864209
-0.288997844226
-0.286749787181
-0.284534285247
-0.282351150353
-0.280200192323
-0.278081219135
-0.275994037177
-0.273938451502
-0.271914266078
-0.269921284045
-0.267959307961
-0.266028140055
-0.264127582465
-0.262257437488
-0.26041750782
-0.258607596793
-0.25682750861
-0.255077048581
-0.253356023349
-0.25166424112
-0.250001511882
-0.248367647628
-0.24676246257
-0.245185773352
-0.243637399255
-0.242117162406
-0.240624887972
-0.23916040436
-0.237723543404
-0.236314140553
-0.234932035051
-0.233577070116
-0.232249093107
-0.230947955693
-0.229673514014
-0.228425628836
-0.227204165698
-0.226008995064
-0.224839992453
-0.223697038578
-0.22258001947
-0.221488826601
-0.220423356998
-0.219383513353
-0.218369204123
-0.217380343631
-0.216416852149
-0.215478655991
-0.214565687582
-0.213677885531
-0.212815194697
-0.211977566243
-0.21116495769
-0.210377332955
-0.209614662397
-0.208876922835
-0.208164097583
-0.207476176458
-0.206813155793
-0.206175038438
-0.205561833756
-0.204973557612
-0.204410232352
-0.203871886779
-0.203358556123
-0.202870281994
-0.202407112344
-0.201969101407
-0.201556309642
-0.201168803666
-0.200806656176
-0.200469945871
-0.200158757363
-0.199873181084
-0.199613313181
-0.19937925541
-0.199171115021
-0.198989004639
-0.19883304213
-0.198703350473
-0.198600057616
-0.19852329633
-0.198473204055
-0.198449922741
-0.198453598684
-0.198484382354
-0.198542428215
-0.198627894547
-0.198740943254
-0.19888173967
-0.199050452363
-0.199247252926
-0.199472315767
-0.199725817897
-0.200007938709
-0.200318859752
-0.200658764502
-0.201027838128
-0.201426267254
-0.201854239714
-0.20231194431
-0.202799570557
-0.203317308429
-0.203865348103
-0.204443879695
-0.205053092997
-0.205693177205
-0.206364320655
-0.20706671054
-0.207800532642
-0.208565971046
-0.209363207864
-0.210192422948
-0.211053793605
-0.211947494312
-0.212873696425
-0.213832567891
-0.214824272954
-0.215848971866
-0.216906820592
-0.217997970515
-0.219122568147
-0.220280754828
-0.221472666439
-0.2226984331
-0.223958178885
-0.22525202152
-0.2265800721
-0.227942434788
-0.229339206534
-0.23077047678
-0.232236327176
-0.233736831293
-0.23527205434
-0.236842052886
-0.238446874577
-0.240086557861
-0.241761131718
-0.243470615386
-0.245215018094
-0.246994338803
-0.24880856594
-0.250657677146
-0.252541639023
-0.254460406884
-0.256413924514
-0.258402123924
-0.260424925124
-0.262482235891
-0.264573951542
-0.26669995472
-0.268860115179
-0.271054289573
-0.273282321261
-0.275544040106
-0.277839262289
-0.28016779012
-0.282529411872
-0.284923901601
-0.287351018988
-0.289810509183
-0.292302102655
-0.294825515053
-0.297380447068
-0.29996658431
-0.302583597191
-0.30523114081
-0.307908854852
-0.310616363498
-0.313353275331
-0.316119183265
-0.318913664474
-0.321736280329
-0.324586576349
-0.327464082158
-0.330368311449
-0.333298761962
-0.336254915463
-0.339236237745
-0.342242178624
-0.345272171954
-0.348325635647
-0.351401971707
-0.354500566266
-0.357620789639
-0.360761996378
-0.363923525347
-0.367104699798
-0.370304827462
-0.373523200646
-0.37675909634
-0.38001177634
-0.383280487374
-0.38656446124
-0.389862914951
-0.393175050901
-0.396500057022
-0.399837106972
-0.403185360314
-0.406543962717
-0.409912046163
-0.413288729162
-0.416673116979
-0.420064301871
-0.423461363329
-0.426863368335
-0.430269371627
-0.433678415972
-0.437089532446
-0.440501740732
-0.443914049414
-0.447325456293
-0.450734948704
-0.454141503841
-0.457544089099
-0.460941662415
-0.464333172623
-0.467717559814
-0.471093755709
-0.474460684036
-0.477817260914
-0.481162395249
-0.484494989134
-0.487813938258
-0.491118132324
-0.494406455468
-0.497677786693
-0.500931000304
-0.504164966351
-0.507378551079
-0.510570617385
-0.51374002528
-0.516885632355
-0.520006294255
-0.52310086516
-0.526168198264
-0.52920714627
-0.532216561879
-0.53519529829
-0.538142209701
-0.541056151819
-0.543935982366
-0.546780561594
-0.549588752805
-0.552359422867
-0.555091442741
-0.557783688003
-0.560435039378
-0.563044383262
-0.565610612261
-0.56813262572
-0.570609330263
-0.573039640322
-0.575422478681
-0.577756777007
-0.580041476393
-0.58227552789
-0.58445789305
-0.586587544457
-0.588663466266
-0.590684654738
-0.592650118773
-0.594558880437
-0.5964099755
-0.598202453957
-0.599935380553
-0.601607835309
-0.60321891404
-0.604767728866
-0.60625340873
-0.607675099904
-0.609031966492
-0.610323190931
-0.611547974484
-0.612705537733
-0.61379512106
-0.614815985128
-0.615767411355
-0.616648702379
-0.61745918252
-0.618198198234
-0.61886511856
-0.619459335562
-0.619980264759
-0.620427345551
-0.620800041639
-0.62109784143
-0.621320258441
-0.62146683169
-0.621537126076
-0.621530732761
-0.621447269527
-0.621286381134
-0.621047739669
-0.620731044875
-0.62033602448
-0.619862434512
-0.619310059603
-0.61867871328
-0.61796823825
-0.617178506669
-0.616309420402
-0.615360911272
-0.614332941294
-0.613225502902
-0.612038619159
-0.610772343955
-0.609426762197
-0.608001989984
-0.606498174765
-0.604915495491
-0.60325416275
-0.601514418888
-0.599696538122
-0.597800826631
-0.595827622642
-0.593777296497
-0.591650250708
-0.589446919998
-0.587167771328
-0.584813303911
-0.582384049209
-0.579880570921
-0.57730346495
-0.574653359362
-0.571930914326
-0.569136822043
-0.566271806661
-0.563336624169
-0.560332062285
-0.557258940326
-0.554118109062
-0.550910450558
-0.547636878002
-0.544298335512
-0.540895797941
-0.537430270654
-0.533902789302
-0.530314419573
-0.526666256934
-0.52295942636
-0.51919508204
-0.515374407081
-0.51149861319
-0.507568940342
-0.503586656442
-0.499553056962
-0.495469464575
-0.491337228765
-0.487157725438
-0.482932356501
-0.478662549446
-0.474349756911
-0.469995456227
-0.465601148962
-0.46116836044
-0.456698639257
-0.452193556782
-0.447654706645
-0.443083704214
-0.438482186062
-0.433851809419
-0.429194251613
-0.424511209511
-0.419804398927
-0.415075554045
-0.41032642681
-0.405558786326
-0.400774418231
-0.395975124068
-0.391162720653
-0.386339039419
-0.381505925765
-0.376665238391
-0.371818848623
-0.366968639733
-0.36211650625
-0.357264353264
-0.352414095723
-0.347567657721
-0.342726971784
-0.337893978146
-0.333070624018
-0.328258862856
-0.323460653621
-0.318677960031
-0.313912749817
-0.309166993961
-0.304442665947
-0.299741740991
-0.295066195284
-0.290418005215
-0.285799146606
-0.281211593938
-0.276657319573
-0.27213829298
-0.267656479954
-0.263213841836
-0.258812334738
-0.254453908755
-0.25014050719
-0.24587406577
-0.24165651187
-0.237489763732
-0.23337572969
-0.229316307391
-0.225313383026
-0.221368830557
-0.217484510948
-0.213662271405
-0.209903944606
-0.206211347952
-0.20258628281
-0.199030533762
-0.195545867864
-0.192134033909
-0.188796761686
-0.185535761262
-0.182352722253
-0.179249313116
-0.176227180435
-0.173287948224
-0.170433217234
-0.167664564265
-0.164983541493
-0.162391675798
-0.159890468106
-0.157481392735
-0.155165896759
-0.152945399374
-0.150821291274
-0.148794934041
-0.146867659549
-0.145040769365
-0.143315534178
-0.141693193228
-0.140174953753
-0.138761990442
-0.137455444905
-0.136256425154
-0.135166005098
-0.134185224048
-0.133315086238
-0.132556560356
-0.131910579095
-0.13137803871
-0.130959798595
-0.130656680872
-0.130469469995
-0.130398912367
-0.130445715976
-0.130610550041
-0.130894044676
-0.13129679057
-0.131819338683
-0.132462199953
-0.133225845023
-0.134110703989
-0.135117166149
-0.136245579785
-0.137496251952
-0.138869448285
-0.140365392825
-0.141984267858
-0.143726213773
-0.145591328941
-0.147579669599
-0.149691249767
-0.151926041167
-0.154283973169
-0.156764932754
-0.159368764484
-0.162095270506
-0.164944210554
-0.167915301988
-0.17100821983
-0.174222596838
-0.177558023581
-0.181014048537
-0.184590178212
-0.18828587727
-0.192100568683
-0.196033633899
-0.200084413025
-0.204252205028
-0.208536267954
-0.212935819162
-0.217450035572
-0.222078053938
-0.226818971132
-0.23167184444
-0.236635691883
-0.241709492552
-0.246892186953
-0.252182677375
-0.257579828269
-0.263082466647
-0.268689382492
-0.274399329187
-0.280211023954
-0.286123148315
-0.292134348561
-0.29824323624
-0.304448388657
-0.310748349387
-0.317141628807
-0.323626704635
-0.330202022488
-0.336865996449
-0.343617009647
-0.350453414857
-0.357373535102
-0.364375664271
-0.371458067754
-0.378618983083
-0.385856620583
-0.39316916404
-0.400554771377
-0.408011575336
-0.41553768418
-0.423131182393
-0.430790131403
-0.4385125703
-0.446296516575
-0.454139966862
-0.462040897687
-0.469997266228
-0.478007011084
-0.486068053045
-0.494178295877
-0.502335627108
-0.510537918824
-0.518783028465
-0.527068799636
-0.535393062916
-0.543753636672
-0.552148327882
-0.560574932963
-0.569031238592
-0.577515022546
-0.586024054534
-0.594556097036
-0.603108906144
-0.611680232403
-0.620267821661
-0.62886941591
-0.637482754134
-0.646105573158
-0.654735608497
-0.6633705952
-0.672008268701
-0.680646365665
-0.689282624833
-0.697914787864
-0.70654060018
-0.715157811807
-0.723764178206
-0.732357461114
-0.740935429369
-0.749495859744
-0.758036537763
-0.766555258523
-0.775049827511
-0.783518061405
-0.791957788888
-0.800366851436
-0.808743104115
-0.817084416366
-0.825388672781
-0.833653773878
-0.841877636862
-0.850058196381
-0.858193405278
-0.866281235327
-0.874319677965
-0.882306745017
-0.890240469404
-0.898118905851
-0.90594013158
-0.91370224699
-0.921403376334
-0.929041668379
-0.936615297058
-0.944122462112
-0.951561389715
-0.958930333095
-0.966227573135
-0.973451418969
-0.980600208562
-0.987672309275
-0.994666118423
-1.00158006381
-1.00841260428
-1.01516223019
-1.02182746394
-1.02840686048
-1.03489900772
-1.04130252705
-1.04761607377
-1.05383833747
-1.05996804253
-1.06600394846
-1.07194485027
-1.07778957891
-1.08353700156
-1.08918602199
-1.0947355809
-1.10018465618
-1.10553226328
-1.11077745538
-1.11591932376
-1.12095699796
-1.12588964604
-1.13071647479
-1.13543672994
-1.14004969629
-1.14455469794
-1.14895109838
-1.15323830062
-1.15741574736
-1.16148292103
-1.16543934387
-1.16928457804
-1.17301822562
-1.17663992866
-1.1801493692
-1.18354626924
-1.18683039076
-1.19000153567
-1.19305954573
-1.19600430253
-1.19883572736
-1.20155378117
-1.20415846438
-1.20664981681
-1.20902791751
-1.21129288457
-1.21344487501
-1.21548408451
-1.21741074724
-1.21922513566
-1.22092756022
-1.22251836915
-1.22399794817
-1.22536672023
-1.22662514517
-1.22777371947
-1.22881297585
-1.22974348299
-1.23056584515
-1.23128070181
-1.23188872726
-1.23239063026
-1.23278715358
-1.23307907363
-1.23326719997
-1.23335237492
-1.23333547306
-1.2332174008
-1.23299909588
-1.23268152687
-1.23226569269
-1.23175262207
-1.23114337306
-1.23043903246
-1.22964071531
-1.22874956431
-1.22776674927
-1.22669346653
-1.22553093839
-1.2242804125
-1.2229431613
-1.22152048136
-1.2200136928
-1.21842413869
-1.21675318434
-1.21500221677
-1.21317264398
-1.21126589436
-1.20928341598
-1.207226676
-1.20509715993
-1.20289637101
-1.20062582953
-1.19828707211
-1.19588165107
-1.19341113371
-1.19087710161
-1.18828114997
-1.18562488688
-1.18290993265
-1.18013791907
-1.17731048874
-1.17442929435
-1.17149599796
-1.16851227032
-1.16547979016
-1.16240024343
-1.15927532267
-1.15610672623
-1.15289615762
-1.14964532475
-1.14635593928
-1.14302971585
-1.13966837144
-1.13627362464
-1.13284719494
-1.12939080207
-1.12590616528
-1.12239500264
-1.11885903042
-1.11529996231
-1.11171950883
-1.10811937662
-1.10450126777
-1.10086687915
-1.0972179018
-1.09355602021
-1.08988291173
-1.0862002459
-1.08250968382
-1.07881287754
-1.07511146943
-1.07140709154
-1.06770136506
-1.06399589964
-1.06029229289
-1.05659212971
-1.05289698178
-1.04920840697
-1.04552794877
-1.04185713578
-1.03819748115
-1.03455048203
-1.0309176191
-1.02730035601
-1.02370013893
-1.02011839602
-1.01655653695
-1.01301595248
-1.00949801393
-1.00600407281
-1.00253546033
-0.999093486966
-0.995679442106
-0.99229459359
-0.988940187344
-0.985617446996
-0.982327573506
-0.979071744814
-0.975851115492
-0.972666816412
-0.96951995443
-0.966411612073
-0.963342847246
-0.960314692948
-0.957328157004
-0.954384221803
-0.951483844053
-0.948627954551
-0.945817457959
-0.943053232598
-0.940336130253
-0.937666975989
-0.935046567987
-0.932475677379
-0.929955048111
-0.92748539681
-0.925067412664
-0.922701757318
-0.920389064783
-0.918129941351
-0.915924965535
-0.913774688008
-0.911679631564
-0.909640291089
-0.907657133545
-0.905730597963
-0.903861095453
-0.902049009227
-0.900294694627
-0.898598479174
-0.896960662625
-0.89538151704
-0.893861286867
-0.892400189032
-0.890998413044
-0.889656121117
-0.88837344829
-0.887150502573
-0.885987365095
-0.884884090268
-0.883840705957
-0.882857213667
-0.881933588737
-0.881069780546
-0.880265712725
-0.879521283389
-0.87883636537
-0.878210806464
-0.877644429685
-0.877137033535
-0.876688392276
-0.876298256215
-0.875966352
-0.875692382918
-0.875476029211
-0.875316948393
-0.87521477558
-0.875169123824
-0.87517958446
-0.875245727457
-0.875367101776
-0.87554323574
-0.875773637406
-0.876057794947
-0.876395177039
-0.876785233255
-0.877227394466
-0.877721073249
-0.878265664296
-0.878860544834
-0.879505075047
-0.880198598509
-0.880940442608
-0.881729918994
-0.882566324016
-0.883448939168
-0.884377031542
-0.885349854283
-0.886366647045
-0.887426636451
-0.88852903656
-0.889673049334
-0.890857865104
-0.892082663046
-0.893346611654
-0.894648869213
-0.89598858428
-0.897364896161
-0.898776935392
-0.90022382422
-0.901704677084
-0.903218601095
-0.904764696523
-0.906342057277
-0.907949771386
-0.909586921482
-0.91125258528
-0.912945836058
-0.914665743139
-0.916411372364
-0.91818178657
-0.919976046065
-0.921793209098
-0.923632332331
-0.925492471305
-0.927372680907
-0.929272015828
-0.931189531026
-0.933124282181
-0.935075326143
-0.937041721388
-0.939022528454
-0.94101681039
-0.943023633185
-0.945042066208
-0.947071182626
-0.949110059836
-0.951157779875
-0.953213429837
-0.955276102279
-0.957344895624
-0.959418914554
-0.961497270405
-0.963579081545
-0.96566347376
-0.967749580622
-0.969836543852
-0.971923513686
-0.974009649223
-0.97609411877
-0.978176100185
-0.980254781205
-0.982329359773
-0.984399044354
-0.986463054247
-0.988520619884
-0.990570983128
-0.99261339756
-0.994647128758
-0.996671454566
-0.998685665363
-1.00068906431
-1.00268096762
-1.00466070475
-1.00662761869
-1.00858106613
-1.01052041774
-1.01244505831
-1.01435438698
-1.01624781741
-1.01812477801
-1.01998471204
-1.02182707782
-1.02365134887
-1.02545701408
-1.02724357778
-1.02901055995
-1.03075749629
-1.03248393833
-1.03418945355
-1.03587362548
-1.03753605375
-1.03917635419
-1.04079415891
-1.0423891163
-1.04396089117
-1.04550916469
-1.04703363451
-1.04853401471
-1.05001003587
-1.05146144506
-1.05288800582
-1.05428949815
-1.05566571852
-1.05701647983
-1.05834161135
-1.05964095871
-1.06091438381
-1.0621617648
-1.063382996
-1.0645779878
-1.06574666661
-1.06688897473
-1.0680048703
-1.06909432715
-1.0701573347
-1.07119389785
-1.07220403683
-1.07318778708
-1.07414519911
-1.07507633833
-1.07598128491
-1.07686013361
-1.07771299363
-1.07853998838
-1.07934125536
-1.08011694594
-1.08086722516
-1.08159227154
-1.08229227689
-1.08296744604
-1.0836179967
-1.08424415916
-1.08484617614
-1.08542430249
-1.08597880496
-1.08650996202
-1.08701806353
-1.08750341052
-1.08796631495
-1.08840709944
-1.08882609699
-1.08922365071
-1.08960011358
-1.08995584814
-1.0902912262
-1.09060662863
-1.09090244498
-1.09117907324
-1.09143691956
-1.09167639791
-1.09189792985
-1.09210194415
-1.09228887656
-1.09245916945
-1.09261327157
-1.09275163768
-1.09287472827
-1.09298300924
-1.09307695163
-1.09315703125
-1.09322372839
-1.09327752754
-1.09331891702
-1.09334838871
-1.09336643772
-1.09337356206
-1.09337026238
-1.09335704158
-1.09333440456
-1.09330285788
-1.09326290946
-1.09321506824
-1.09315984391
-1.0930977466
-1.09302928652
-1.09295497373
-1.09287531778
-1.09279082743
-1.09270201035
-1.09260937281
-1.09251341941
-1.09241465276
-1.09231357321
-1.09221067853
-1.09210646368
-1.09200142047
-1.09189603732
-1.09179079896
-1.09168618617
-1.09158267551
-1.09148073906
-1.09138084413
-1.09128345303
-1.09118902283
-1.09109800505
-1.09101084546
-1.09092798386
-1.09084985376
-1.09077688224
-1.09070948965
-1.09064808941
-1.09059308783
-1.09054488382
-1.09050386874
-1.09047042615
-1.09044493167
-1.0904277527
-1.09041924833
-1.09041976906
-1.09042965668
-1.09044924409
-1.09047885511
-1.09051880433
-1.09056939694
-1.0906309286
-1.09070368529
-1.09078794315
-1.09088396835
-1.09099201698
-1.09111233491
-1.09124515768
-1.09139071038
-1.09154920754
-1.09172085307
-1.0919058401
-1.09210435095
-1.09231655703
-1.09254261874
-1.09278268543
-1.09303689533
-1.0933053755
-1.09358824174
-1.09388559859
-1.09419753928
-1.09452414566
-1.09486548823
-1.09522162608
-1.09559260687
-1.09597846686
-1.09637923084
-1.09679491222
-1.09722551295
-1.0976710236
-1.09813142333
-1.09860667997
-1.09909674999
-1.09960157857
-1.10012109967
-1.10065523601
-1.10120389918
-1.10176698967
-1.10234439696
-1.10293599957
-1.10354166512
-1.10416125045
-1.10479460169
-1.10544155434
-1.10610193337
-1.10677555333
-1.10746221845
-1.10816172275
-1.10887385016
-1.10959837462
-1.11033506025
-1.11108366143
-1.11184392297
-1.11261558023
-1.11339835925
-1.11419197693
-1.11499614117
-1.11581055099
-1.11663489675
-1.11746886025
-1.11831211496
-1.11916432613
-1.12002515098
-1.12089423893
-1.12177123168
-1.1226557635
-1.12354746132
-1.12444594501
-1.1253508275
-1.126261715
-1.12717820721
-1.12809989751
-1.12902637316
-1.12995721551
-1.1308920002
-1.13183029738
-1.13277167192
-1.13371568361
-1.13466188738
-1.13560983354
-1.13655906797
-1.13750913233
-1.13845956433
-1.1394098979
-1.14035966345
-1.14130838806
-1.14225559573
-1.14320080763
-1.14414354224
-1.14508331569
-1.14601964188
-1.14695203279
-1.14787999867
-1.14880304826
-1.14972068904
-1.15063242745
-1.15153776911
-1.15243621904
-1.15332728193
-1.15421046231
-1.15508526479
-1.15595119431
-1.15680775635
-1.15765445712
-1.15849080383
-1.15931630489
-1.16013047011
-1.16093281094
-1.16172284069
-1.16250007471
-1.16326403063
-1.16401422857
-1.16475019133
-1.16547144462
-1.16617751724
-1.1668679413
-1.16754225238
-1.16819998981
-1.16884069677
-1.16946392054
-1.17006921267
-1.17065612916
-1.17122423066
-1.17177308264
-1.17230225558
-1.17281132511
-1.17329987224
-1.17376748345
-1.17421375093
-1.17463827271
-1.17504065281
-1.17542050138
-1.17577743492
-1.17611107635
-1.1764210552
-1.17670700771
-1.17696857703
-1.17720541328
-1.17741717374
-1.17760352295
-1.1777641328
-1.1778986827
-1.17800685969
-1.17808835848
-1.17814288165
-1.17817013969
-1.17816985111
-1.17814174253
-1.1780855488
-1.17800101304
-1.17788788674
-1.17774592983
-1.17757491078
-1.17737460662
-1.17714480305
-1.17688529445
-1.17659588399
-1.17627638363
-1.17592661422
-1.17554640546
-1.17513559603
-1.17469403357
-1.17422157472
-1.17371808514
-1.17318343953
-1.17261752168
-1.17202022442
-1.17139144968
-1.17073110849
-1.17003912093
-1.1693154162
-1.16855993254
-1.16777261726
-1.16695342673
-1.16610232633
-1.16521929044
-1.16430430239
-1.16335735449
-1.1623784479
-1.16136759269
-1.16032480772
-1.15925012062
-1.15814356774
-1.15700519409
-1.15583505331
-1.15463320754
-1.15339972744
-1.15213469206
-1.15083818878
-1.14951031325
-1.1481511693
-1.14676086888
-1.14533953194
-1.14388728634
-1.14240426782
-1.14089061983
-1.13934649348
-1.13777204745
-1.13616744782
-1.13453286806
-1.13286848884
-1.13117449797
-1.12945109029
-1.12769846752
-1.12591683815
-1.12410641737
-1.12226742689
-1.12040009485
-1.11850465569
-1.11658135001
-1.11463042446
-1.1126521316
-1.11064672978
-1.10861448298
-1.10655566072
-1.10447053788
-1.10235939459
-1.10022251608
-1.09806019254
-1.09587271901
-1.09366039518
-1.09142352531
-1.08916241803
-1.08687738627
-1.08456874702
-1.08223682129
-1.07988193387
-1.07750441326
-1.07510459148
-1.07268280393
-1.07023938928
-1.06777468927
-1.0652890486
-1.06278281478
-1.06025633799
-1.05770997091
-1.0551440686
-1.05255898836
-1.04995508955
-1.04733273351
-1.04469228336
-1.04203410387
-1.03935856136
-1.03666602352
-1.03395685926
-1.03123143865
-1.02849013267
-1.02573331319
-1.02296135274
-1.02017462445
-1.01737350188
-1.0145583589
-1.01172956957
-1.00888750799
-1.00603254823
-1.00316506412
-1.00028542923
-0.997394016678
-0.994491199031
-0.991577348208
-0.988652835349
-0.98571803071
-0.982773303554
-0.979819022045
-0.97685555314
-0.973883262491
-0.97090251434
-0.967913671427
-0.96491709489
-0.961913144174
-0.958902176942
-0.955884548981
-0.952860614122
-0.949830724158
-0.946795228754
-0.943754475381
-0.940708809232
-0.937658573153
-0.934604107569
-0.931545750423
-0.928483837103
-0.925418700387
-0.922350670376
-0.919280074446
-0.916207237183
-0.913132480343
-0.910056122792
-0.90697848047
-0.903899866339
-0.900820590348
-0.897740959394
-0.894661277282
-0.891581844701
-0.888502959186
-0.885424915095
-0.882348003583
-0.879272512581
-0.876198726775
-0.873126927593
-0.870057393186
-0.86699039842
-0.863926214864
-0.860865110788
-0.857807351155
-0.854753197621
-0.851702908536
-0.848656738947
-0.845614940604
-0.842577761969
-0.839545448224
-0.836518241287
-0.833496379823
-0.830480099263
-0.827469631826
-0.824465206534
-0.821467049242
-0.818475382657
-0.815490426372
-0.81251239689
-0.809541507658
-0.806577969097
-0.803621988643
-0.800673770773
-0.797733517055
-0.794801426178
-0.791877694
-0.788962513584
-0.786056075249
-0.783158566611
-0.780270172633
-0.777391075668
-0.774521455513
-0.77166148946
-0.76881135234
-0.765971216586
-0.763141252278
-0.7603216272
-0.757512506896
-0.754714054724
-0.751926431915
-0.749149797625
-0.746384309
-0.743630121227
-0.740887387595
-0.738156259555
-0.735436886778
-0.732729417213
-0.730033997149
-0.727350771272
-0.724679882725
-0.722021473168
-0.719375682838
-0.716742650603
-0.714122514029
-0.711515409431
-0.708921471933
-0.706340835529
-0.703773633135
-0.701219996647
-0.698680056999
-0.696153944213
-0.69364178746
-0.691143715105
-0.688659854766
-0.686190333363
-0.683735277167
-0.681294811851
-0.678869062538
-0.676458153846
-0.674062209934
-0.671681354549
-0.669315711065
-0.666965402527
-0.664630551688
-0.66231128105
-0.6600077129
-0.657719969344
-0.655448172341
-0.653192443735
-0.650952905283
-0.648729678685
-0.646522885609
-0.644332647715
-0.642159086679
-0.640002324208
-0.637862482066
-0.635739682081
-0.633634046168
-0.631545696332
-0.629474754686
-0.627421343451
-0.625385584965
-0.623367601686
-0.621367516192
-0.619385451177
-0.617421529451
-0.615475873931
-0.613548607632
-0.611639853659
-0.609749735188
-0.607878375455
-0.606025897735
-0.604192425324
-0.60237808151
-0.600582989554
-0.598807272658
-0.597051053935
-0.595314456377
-0.593597602819
-0.591900615901
-0.590223618026
-0.588566731322
-0.586930077592
-0.585313778267
-0.58371795436
-0.582142726411
-0.580588214429
-0.579054537844
-0.577541815436
-0.576050165285
-0.574579704699
-0.573130550151
-0.57170281721
-0.570296620472
-0.568912073487
-0.567549288682
-0.566208377287
-0.564889449254
-0.563592613179
-0.562317976217
-0.561065643996
-0.559835720536
-0.558628308155
-0.55744350738
-0.556281416857
-0.555142133258
-0.554025751182
-0.552932363064
-0.551862059069
-0.550814927001
-0.549791052197
-0.548790517424
-0.547813402777
-0.546859785577
-0.545929740258
-0.545023338267
-0.544140647952
-0.543281734452
-0.542446659593
-0.541635481769
-0.540848255837
-0.540085033004
-0.539345860709
-0.538630782519
-0.537939838006
-0.537273062639
-0.536630487669
-0.536012140012
-0.535418042135
-0.534848211944
-0.534302662668
-0.533781402743
-0.533284435698
-0.532811760043
-0.532363369154
-0.531939251158
-0.531539388826
-0.531163759452
-0.53081233475
-0.530485080739
-0.530181957633
-0.529902919735
-0.529647915326
-0.52941688656
-0.529209769357
-0.529026493304
-0.528866981542
-0.528731150677
-0.528618910667
-0.528530164737
-0.528464809272
-0.528422733726
-0.52840382053
-0.528407945002
-0.528434975253
-0.528484772106
-0.528557189008
-0.528652071946
-0.528769259374
-0.528908582126
-0.52906986335
-0.529252918429
-0.529457554912
-0.529683572451
-0.529930762733
-0.530198909419
-0.530487788086
-0.530797166174
-0.531126802927
-0.531476449353
-0.531845848169
-0.532234733766
-0.532642832164
-0.53306986098
-0.533515529393
-0.533979538117
-0.534461579374
-0.534961336875
-0.535478485799
-0.536012692782
-0.536563615905
-0.537130904687
-0.537714200086
-0.538313134495
-0.538927331753
-0.539556407152
-0.540199967449
-0.540857610888
-0.541528927219
-0.542213497726
-0.542910895256
-0.543620684254
-0.544342420804
-0.545075652669
-0.545819919342
-0.546574752098
-0.547339674048
-0.548114200202
-0.548897837535
-0.549690085055
-0.55049043388
-0.551298367313
-0.552113360931
-0.552934882666
-0.553762392905
-0.55459534458
-0.555433183274
-0.556275347325
-0.557121267937
-0.557970369294
-0.55882206868
-0.559675776604
-0.560530896925
-0.561386826988
-0.56224295776
-0.563098673971
-0.56395335426
-0.564806371326
-0.565657092082
-0.566504877812
-0.567349084337
-0.568189062181
-0.569024156743
-0.569853708469
-0.570677053037
-0.571493521537
-0.57230244066
-0.573103132888
-0.573894916691
-0.574677106728
-0.575449014045
-0.576209946286
-0.576959207901
-0.577696100363
-0.578419922381
-0.579129970126
-0.579825537452
-0.580505916124
-0.581170396049
-0.581818265512
-0.582448811411
-0.583061319499
-0.583655074623
-0.584229360977
-0.584783462342
-0.585316662347
-0.585828244714
-0.58631749352
-0.586783693454
-0.587226130077
-0.587644090088
-0.588036861588
-0.588403734346
-0.58874400007
-0.58905695268
-0.589341888574
-0.589598106912
-0.589824909884
-0.590021602991
-0.590187495322
-0.590321899836
-0.590424133638
-0.590493518267
-0.590529379975
-0.590531050007
-0.590497864893
-0.590429166724
-0.590324303441
-0.590182629119
-0.590003504253
-0.58978629604
-0.589530378665
-0.589235133588
-0.588899949826
-0.588524224235
-0.588107361798
-0.587648775902
-0.587147888623
-0.586604131005
-0.586016943339
-0.585385775443
-0.584710086937
-0.58398934752
-0.583223037239
-0.582410646769
-0.581551677675
-0.580645642687
-0.579692065959
-0.578690483338
-0.577640442626
-0.576541503833
-0.575393239439
-0.574195234645
-0.572947087625
-0.571648409773
-0.570298825947
-0.568897974713
-0.567445508579
-0.565941094235
-0.564384412779
-0.562775159949
-0.561113046344
-0.559397797642
-0.557629154822
-0.555806874369
-0.553930728486
-0.552000505294
-0.550016009033
-0.547977060254
-0.545883496009
-0.543735170037
-0.541531952944
-0.539273732372
-0.536960413179
-0.534591917592
-0.532168185375
-0.529689173981
-0.527154858696
-0.524565232787
-0.521920307637
-0.519220112879
-0.516464696516
-0.513654125049
-0.510788483582
-0.50786787594
-0.504892424761
-0.501862271598
-0.498777577006
-0.495638520626
-0.49244530126
-0.489198136943
-0.485897265006
-0.482542942133
-0.479135444411
-0.475675067375
-0.472162126044
-0.468596954953
-0.464979908173
-0.461311359332
-0.45759170162
-0.453821347795
-0.45000073018
-0.446130300646
-0.442210530599
-0.438241910953
-0.434224952095
-0.430160183849
-0.426048155428
-0.421889435379
-0.417684611521
-0.41343429088
-0.409139099611
-0.404799682915
-0.40041670495
-0.395990848733
-0.391522816037
-0.387013327279
-0.382463121398
-0.377872955736
-0.373243605897
-0.368575865613
-0.363870546593
-0.359128478369
-0.354350508137
-0.349537500586
-0.344690337722
-0.339809918687
-0.334897159571
-0.32995299321
-0.32497836899
-0.319974252631
-0.314941625974
-0.309881486756
-0.304794848379
-0.299682739677
-0.294546204667
-0.289386302304
-0.284204106224
-0.27900070448
-0.273777199275
-0.268534706685
-0.263274356381
-0.257997291341
-0.252704667554
-0.247397653726
-0.242077430972
-0.236745192507
-0.231402143332
-0.226049499909
-0.220688489835
-0.215320351513
-0.209946333812
-0.204567695725
-0.199185706023
-0.193801642901
-0.188416793622
-0.183032454156
-0.177649928812
-0.17227052987
-0.166895577202
-0.161526397898
-0.156164325878
-0.15081070151
-0.145466871214
-0.140134187069
-0.134814006417
-0.12950769146
-0.124216608853
-0.1189421293
-0.113685627139
-0.108448479931
-0.103232068041
-0.098037774221
-0.0928669831855
-0.0877210811899
-0.082601455603
-0.0775094944785
-0.0724465861255
-0.0674141186762
-0.0624134796521
-0.0574460555295
-0.0525132313032
-0.0476163900486
-0.0427569124842
-0.0379361765313
-0.0331555568751
-0.0284164245237
-0.0237201463674
-0.0190680847379
-0.014461596967
-0.00990203494555
-0.00539074468314
-0.000929065867336
0.00348166857584
0.00784013292103
0.0121450090817
0.0163949870472
0.0205887653187
0.0247250513442
0.0288025619507
0.0328200237767
0.0367761737009
0.0406697592707
0.0444995391268
0.0482642834273
0.051962774268
0.0555938061008
0.059156186149
0.0626487348202
0.0660702861157
0.0694196880366
0.0726958029874
0.0758975081749
0.0790236960043
0.0820732744716
0.0850451675512
0.0879383155804
0.0907516756391
0.0934842219253
0.0961349461262
0.0987028577843
0.101186984659
0.103586373084
0.105900088318
0.10812721489
0.110266856945
0.112318138573
0.114280204144
0.116152218631
0.117933367929
0.119622859166
0.12121992101
0.122723803972
0.124133780696
0.12544914625
0.126669218404
0.127793337907
0.128820868753
0.129751198445
0.130583738243
0.131317923417
0.131953213481
0.132489092431
0.132925068966
0.133260676706
0.133495474405
0.133629046148
0.133661001553
0.13359097595
0.133418630566
0.133143652695
0.132765755856
0.132284679957
0.131700191435
0.131012083394
0.130220175742
0.129324315307
0.128324375952
0.12722025868
0.126011891734
0.12469923068
0.123282258488
0.121760985606
0.120135450018
0.1184057173
0.116571880662
0.114634060988
0.112592406859
0.110447094574
0.108198328157
0.105846339361
0.103391387655
0.10083376021
0.0981737718736
0.0954117651309
0.0925481100642
0.0895832042983
0.0865174729392
0.0833513685031
0.0800853708368
0.0767199870293
0.0732557513141
0.0696932249633
0.0660329961722
0.0622756799356
0.058421917915
0.0544723782974
0.0504277556449
0.0462887707364
0.0420561703997
0.0377307273356
0.0333132399336
0.0288045320789
0.0242054529507
0.0195168768125
0.014739702794
0.00987485466483
0.00492328059954
-0.000114047064667
-0.00523613207892
-0.0104419545414
-0.0157304711639
-0.0211006155466
-0.0265512984597
-0.032081408134
-0.0376898105579
-0.0433753497823
-0.0491368482333
-0.0549731070313
-0.0608829063182
-0.0668650055912
-0.0729181440434
-0.079041040912
-0.0852323958327
-0.0914908892005
-0.097815182538
-0.104203918869
-0.110655723101
-0.117169202408
-0.123742946626
-0.130375528653
-0.137065504851
-0.143811415455
-0.150611784994
-0.157465122707
-0.164369922973
-0.171324665739
-0.178327816963
-0.185377829048
-0.192473141293
-0.199612180342
-0.206793360642
-0.214015084899
-0.221275744544
-0.228573720201
-0.235907382156
-0.243275090836
-0.250675197284
-0.258106043646
-0.26556596365
-0.2730532831
-0.280566320365
-0.288103386874
-0.295662787611
-0.303242821615
-0.310841782482
-0.318457958868
-0.326089634992
-0.333735091148
-0.341392604208
-0.349060448135
-0.356736894495
-0.364420212967
-0.372108671857
-0.379800538612
-0.387494080335
-0.395187564298
-0.402879258459
-0.410567431976
-0.418250355723
-0.425926302801
-0.433593549058
-0.441250373596
-0.448895059288
-0.456525893287
-0.46414116754
-0.471739179292
-0.479318231597
-0.486876633822
-0.494412702152
-0.501924760093
-0.509411138967
-0.516870178416
-0.524300226891
-0.531699642146
-0.539066791728
-0.546400053462
-0.553697815936
-0.560958478977
-0.568180454128
-0.575362165122
-0.582502048351
-0.589598553324
-0.596650143135
-0.603655294917
-0.610612500287
-0.617520265801
-0.624377113392
-0.631181580805
-0.637932222033
-0.64462760774
-0.651266325685
-0.657846981134
-0.664368197273
-0.670828615611
-0.677226896375
-0.683561718909
-0.689831782052
-0.696035804523
-0.702172525289
-0.708240703935
-0.714239121021
-0.720166578436
-0.726021899742
-0.731803930514
-0.737511538669
-0.74314361479
-0.748699072445
-0.754176848491
-0.759575903379
-0.764895221444
-0.770133811192
-0.775290705578
-0.780364962272
-0.785355663922
-0.790261918405
-0.795082859074
-0.799817644992
-0.804465461156
-0.809025518723
-0.813497055212
-0.817879334709
-0.822171648059
-0.82637331305
-0.830483674583
-0.834502104844
-0.838428003452
-0.842260797614
-0.845999942256
-0.849644920158
-0.853195242066
-0.856650446806
-0.860010101386
-0.863273801083
-0.866441169525
