-0.672441595579
-0.672727455312
-0.672777484397
-0.672860185605
-0.672974542047
-0.673119138071
-0.67329216721
-0.673491442338
-0.673714407979
-0.673958154701
-0.674219435554
-0.674494684435
-0.674780036318
-0.675071349238
-0.675364227923
-0.675654048958
-0.675935987363
-0.676205044446
-0.676456076802
-0.676683826313
-0.676882950997
-0.677048056559
-0.677173728487
-0.677254564534
-0.677285207423
-0.677260377614
-0.677174905964
-0.67702376613
-0.676802106539
-0.67650528176
-0.676128883143
-0.675668768537
-0.675121090962
-0.674482326066
-0.673749298243
-0.672919205261
-0.671989641274
-0.670958618099
-0.669824584637
-0.668586444334
-0.667243570584
-0.665795819979
-0.664243543331
-0.662587594407
-0.66082933629
-0.658970645348
-0.657013912758
-0.654962043559
-0.652818453225
-0.650587061748
-0.648272285246
-0.64587902511
-0.643412654729
-0.64087900382
-0.638284340432
-0.635635350686
-0.632939116314
-0.6302030901
-0.627435069304
-0.624643167179
-0.621835782706
-0.603829192092
-0.603088107173
-0.602394500411
-0.601751872908
-0.601163624094
-0.60063303603
-0.600163257905
-0.599757290798
-0.59941797277
-0.599147964363
-0.598949734574
-0.598825547365
-0.598777448785
-0.598807254753
-0.598916539588
-0.599106625318
-0.599378571847
-0.599733168016
-0.600170923622
-0.600692062432
-0.601296516234
-0.601983919968
-0.602753607964
-0.603604611322
-0.604535656447
-0.605545164767
-0.606631253643
-0.607791738475
-0.609024136014
-0.610325668863
-0.61169327118
-0.613123595539
-0.614613020953
-0.616157662026
-0.617753379195
-0.619395790031
-0.62108028157
-0.622802023595
-0.624555982858
-0.626336938153
-0.628139496194
-0.629958108237
-0.631787087368
-0.633620626395
-0.635452816255
-0.637277664883
-0.639089116434
-0.640881070803
-0.642647403339
-0.644381984679
-0.646078700621
-0.647731471935
-0.649334274047
-0.65088115649
-0.652366262055
-0.653783845553
-0.655128292102
-0.656394134872
-0.657576072206
-0.658668984035
-0.623198202392
-0.621839670948
-0.620450942959
-0.619032322671
-0.61758410304
-0.616106564367
-0.614599972997
-0.613064580069
-0.611500620337
-0.60990831105
-0.608287850897
-0.606639419026
-0.604963174136
-0.603259253628
-0.601527772847
-0.59976882438
-0.597982477443
-0.596168777327
-0.594327744931
-0.592459376359
-0.590563642592
-0.588640489231
-0.586689836305
-0.584711578155
-0.582705583378
-0.580671694832
-0.578609729713
-0.576519479685
-0.574400711066
-0.572253165076
-0.570076558129
-0.56787058219
-0.565634905164
-0.563369171343
-0.561073001893
-0.558745995387
-0.55638772837
-0.553997755977
-0.551575612572
-0.549120812436
-0.546632850482
-0.544111203008
-0.541555328479
-0.538964668344
-0.536338647882
-0.533676677078
-0.530978151538
-0.52824245342
-0.525468952411
-0.522657006724
-0.519805964131
-0.516915163024
-0.513983933514
-0.511011598553
-0.507997475095
-0.504940875288
-0.501841107695
-0.498697478557
-0.495509293074
-0.492275856734
-0.490155928689
-0.487397160711
-0.484610586272
-0.481794047034
-0.478945338408
-0.476062215735
-0.473142400702
-0.470183587994
-0.467183452146
-0.464139654599
-0.461049850918
-0.457911698161
-0.454722862372
-0.45148102618
-0.448183896461
-0.444829212057
-0.441414751502
-0.437938340745
-0.434397860819
-0.430791255446
-0.427116538523
-0.423371801481
-0.419555220464
-0.415665063302
-0.411699696257
-0.407657590482
-0.403537328198
-0.399337608523
-0.395057252942
-0.390695210394
-0.38625056192
-0.381722524884
-0.377110456711
-0.372413858129
-0.367632375902
-0.362765805025
-0.357814090364
-0.352777327734
-0.347655764398
-0.342449798974
-0.337159980756
-0.331787008435
-0.326331728212
-0.320795131331
-0.315178351009
-0.309482658785
-0.303709460303
-0.297860290524
-0.291936808415
-0.285940791096
-0.279874127506
-0.273738811583
-0.267536935005
-0.261270679513
-0.254942308849
-0.24855416035
-0.242108636229
-0.235608194582
-0.229055340166
-0.222452614981
-0.202404677804
-0.196216200752
-0.189991061956
-0.183731582035
-0.17744006239
-0.171118773599
-0.164769943999
-0.158395748506
-0.151998297763
-0.14557962764
-0.139141689178
-0.132686339005
-0.126215330291
-0.119730304293
-0.113232782525
-0.106724159612
-0.100205696861
-0.0936785165726
-0.0871435971577
-0.0806017690507
-0.0740537114686
-0.0674999500241
-0.06094085521
-0.0543766417653
-0.0478073689276
-0.0412329415725
-0.0346531122364
-0.0280674840132
-0.0214755143105
-0.0148765194494
-0.00826968008175
-0.00165404740048
0.00497144989039
0.011607997881
0.0182568890758
0.0249195133726
0.0315973484463
0.0382919495881
0.0450049390534
0.0517379949739
0.0584928398915
0.0652712289755
0.0720749379841
0.0789057510341
0.0857654482431
0.0926557933103
0.0995785211001
0.106535325296
0.113527846191
0.120557658672
0.127626260479
0.134735060777
0.141885369127
0.1490783849
0.156315187188
0.163596725281
0.170923809749
0.178297104177
0.18571711761
0.193184197732
0.20139017668
0.208531181256
0.215681775756
0.222842423732
0.2300135797
0.237195687263
0.244389177274
0.25159446606
0.2588119537
0.266042022367
0.27328503473
0.28054133243
0.287811234621
0.295095036585
0.302393008426
0.309705393834
0.317032408935
0.324374241221
0.331731048557
0.339102958279
0.34649006637
0.353892436724
0.361310100497
0.368743055538
0.376191265912
0.383654661505
0.391133137712
0.398626555218
0.406134739851
0.413657482524
0.42119453926
0.428745631291
0.436310445243
0.443888633389
0.451479813984
0.459083571675
0.466699457972
0.474326991799
0.48196566011
0.489614918563
0.497274192268
0.504942876587
0.512620337998
0.520305915009
0.527998919135
0.53569863592
0.54340432601
0.551115226276
0.558830550979
0.566549492984
0.574271225009
0.581994900918
0.589719657047
0.597444613577
0.605168875923
0.612891536174
0.620611674549
0.628328360891
0.636040656185
0.643747614101
0.638419075888
0.645868273034
0.6533088706
0.660740259313
0.668161848119
0.675573065631
0.682973361523
0.690362207878
0.69773910046
0.705103559932
0.712455132987
0.719793393419
0.727117943104
0.734428412896
0.741724463446
0.749005785921
0.756272102637
0.7635231676
0.770758766948
0.777978719305
0.785182876031
0.792371121385
0.799543372591
0.806699579807
0.813839726011
0.820963826788
0.828071930042
0.835164115611
0.842240494812
0.849301209902
0.856346433471
0.863376367763
0.870391243932
0.877391321241
0.884376886199
0.891348251655
0.89830575584
0.905249761373
0.912180654222
0.919098842642
0.926004756083
0.932898844068
0.939781575064
0.946653435325
0.953514927732
0.96036657062
0.967208896602
0.974042451382
0.980867792582
0.98768548855
0.994496117184
1.00130026475
1.00809852472
1.01489149658
1.02167978466
1.028463997
1.03524474415
1.04202263801
1.04879829068
1.05557231331
1.05984747876
1.0672114649
1.07457503545
1.0819389794
1.08930405801
1.09667100113
1.10404050379
1.11141322282
1.11878977379
1.12617072801
1.13355660967
1.14094789326
1.14834500098
1.15574830037
1.16315810208
1.17057465768
1.17799815768
1.18542872959
1.19286643609
1.20031127331
1.20776316923
1.21522198213
1.22268749921
1.23015943533
1.23763743182
1.24512105549
1.25260979788
1.26010307456
1.2676002248
1.27510051142
1.28260312088
1.29010716377
1.29761167558
1.30511561779
1.31261787938
1.32011727871
1.32761256584
1.33510242516
1.34258547851
1.35006028868
1.35752536329
1.36497915899
1.37242008609
1.3798465134
1.38725677341
1.39464916766
1.4020219723
1.40937344375
1.41670182449
1.42400534885
1.43128224871
1.43853075924
1.44574912442
1.4529356024
1.46008847064
1.46720603084
1.47428661353
1.48132858235
1.48833033804
1.49529032203
1.46589619633
1.47258462223
1.47924496925
1.48587655229
1.49247870155
1.49905076313
1.5055920998
1.51210209158
1.51858013636
1.52502565036
1.53143806871
1.53781684579
1.5441614556
1.55047139206
1.55674616924
1.56298532151
1.56918840359
1.57535499059
1.5814846779
1.58757708107
1.59363183558
1.59964859652
1.60562703822
1.61156685383
1.61746775478
1.6233294702
1.62915174637
1.63493434595
1.64067704734
1.64637964396
1.65204194346
1.65766376698
1.66324494842
1.66878533375
1.67428478026
1.67974315597
1.68516033903
1.69053621724
1.69587068762
1.70116365609
1.70641503726
1.71162475436
1.71679273922
1.7219189325
1.72700328393
1.73204575281
1.73704630854
1.74200493136
1.7469216132
1.75179635871
1.75662918631
1.7614201295
1.76616923815
1.77087657997
1.77554224205
1.78016633245
1.78474898188
1.78929034539
1.7937906041
1.79824996698
1.78683993531
1.79134841735
1.79582149249
1.80025936333
1.80466225522
1.80903041686
1.81336412088
1.8176636644
1.82192936964
1.82616158447
1.83036068297
1.83452706601
1.83866116179
1.84276342632
1.84683434398
1.85087442795
1.85488422069
1.85886429435
1.86281525115
1.86673772376
1.87063237559
1.8744999011
1.87834102603
1.88215650762
1.88594713473
1.88971372805
1.89345714007
1.89717825523
1.90087798985
1.90455729208
1.90821714189
1.91185855086
1.91548256208
1.91909024993
1.92268271983
1.92626110799
1.92982658111
1.93338033602
1.93692359931
1.94045762698
1.94398370396
1.9475031437
1.95101728768
1.95452750491
1.95803519142
1.96154176972
1.96504868822
1.96855742069
1.97206946562
1.97558634562
1.97910960679
1.98264081807
1.98618157053
1.9897334767
1.99329816986
1.99687730328
2.00047254949
2.00408559944
2.00771816174
2.01137196179
2.01894252722
2.02312865168
2.02737170166
2.03167586843
2.03604525414
2.04048385443
2.04499554197
2.04958405096
2.05425296274
2.05900569251
2.06384547734
2.06877536537
2.07379820633
2.07891664342
2.08413310643
2.08944980619
2.09486873028
2.10039164001
2.10602006848
2.11175531984
2.11759846957
2.12355036565
2.12961163067
2.13578266471
2.14206364886
2.14845454934
2.15495512218
2.16156491826
2.1682832887
2.17510939051
2.18204219248
2.18908048121
2.19622286725
2.20346779136
2.21081353091
2.21825820631
2.22579978765
2.23343610151
2.24116483793
2.24898355781
2.25688970057
2.26488059235
2.27295345477
2.28110541429
2.28933351241
2.29763471669
2.30600593269
2.31444401694
2.32294579105
2.33150805689
2.34012761295
2.34880127189
2.35752587921
2.36629833304
2.37511560493
2.38397476156
2.39287298729
2.40180760717
2.41077611052
2.41977617461
2.38777511098
2.39512708469
2.40256577159
2.41010357903
2.4177530406
2.42552669064
2.43343693744
2.44149593629
2.44971546367
2.45810679388
2.4666805792
2.47544673499
2.48441433075
2.49359148832
2.50298528824
2.51260168532
2.52244543425
2.53252002611
2.54282763652
2.55336908599
2.564143813
2.57514986026
2.58638387434
2.59784111883
2.6095155011
2.62139961247
2.63348478168
2.64576114112
2.65821770541
2.67084246177
2.68362247125
2.69654398013
2.70959254039
2.72275313821
2.73601032926
2.74934837965
2.76275141099
2.7762035483
2.78968906931
2.80319255356
2.81669902987
2.83019412071
2.84366418185
2.85709643596
2.87047909867
2.88380149576
2.89705417021
2.91022897798
2.92331917137
2.93631946913
2.94922611242
2.96203690599
2.97475124413
2.98737012092
2.99989612468
3.01233341661
3.02468769362
3.03696613587
3.04917733926
3.06133123367
3.0597780638
3.07228343911
3.08486285044
3.09752845662
3.11029203534
3.12316480235
3.13615723858
3.14927892757
3.16253840531
3.17594302443
3.18949883453
3.20321047998
3.21708111649
3.23111234731
3.24530417967
3.25965500181
3.27416158054
3.28881907916
3.30362109505
3.31855971617
3.33362559536
3.34880804105
3.36409512285
3.37947379036
3.39493000311
3.4104488698
3.42601479455
3.44161162814
3.45722282178
3.4728315815
3.48842102072
3.50397430903
3.5194748152
3.53490624242
3.55025275423
3.56549908948
3.58063066501
3.59563366502
3.61049511612
3.62520294754
3.639746036
3.65411423522
3.66829839001
3.68229033543
3.69608288149
3.70966978423
3.72304570408
3.73620615281
3.74914743015
3.76186655183
3.77436117024
3.78662948959
3.79867017718
3.81048227235
3.82206509489
3.83341815444
3.8445410626
3.85543344891
3.86609488235
3.8765247993
3.88698826999
3.89805631516
3.90887989776
3.91944244314
3.92972583134
3.93971075819
3.94937717575
3.95870479646
3.96767364181
3.97626461353
3.98446006355
3.99224433794
3.99960427017
4.00652960044
4.01301329988
4.01905178188
4.02464498699
4.02979633255
4.03451252401
4.03880323036
4.04268063212
4.04615885618
4.04925331678
4.05197998689
4.05435462797
4.05639200862
4.0581051445
4.05950459181
4.06059782575
4.06138873253
4.06187724007
4.06205910732
4.06192588604
4.06146506236
4.06066037791
4.05949232268
4.0579387844
4.05597583192
4.05357860365
4.05072226653
4.04738300679
4.04353901077
4.03917139298
4.0342650288
4.02880925176
4.02279837888
4.01623203359
4.00911524225
4.001458289
3.99327632254
3.98458871848
3.97541821071
3.96578981537
3.95572958019
3.94526320051
3.93441455045
3.92320418314
3.91164785782
3.89975515313
3.88752822514
3.84369639638
3.83477438037
3.82514665785
3.8147524735
3.80353243268
3.79142894907
3.77838670652
3.76435313346
3.74927888702
3.73311834258
3.71583008349
3.69737738428
3.67772867992
3.65685801256
3.63474544694
3.61137744488
3.58674718955
3.56085485011
3.53370777814
3.50532062778
3.47571539277
3.44492135502
3.4129749406
3.37991948119
3.34580488077
3.31068718918
3.27462808659
3.23769428455
3.19995685151
3.16149047229
3.12237265268
3.08268288168
3.04250176492
3.0019101437
2.96098821432
2.91981466253
2.87846582776
2.83701491092
2.79553123882
2.75407959688
2.71271964027
2.67150539197
2.63048483412
2.58969959725
2.54918474954
2.50896868653
2.46907311926
2.42951315716
2.39029748011
2.3514285925
2.31290315081
2.27471235517
2.23684239465
2.19927493544
2.16198764105
2.12495471387
2.08814744757
2.05153478099
2.0150838445
1.97876049153
1.91593841731
1.87833011913
1.84110029055
1.80425521848
1.76779888114
1.731732989
1.69605702936
1.66076831403
1.62586202945
1.59133128884
1.55716718636
1.52335885346
1.48989351779
1.45675656533
1.42393160662
1.39140054799
1.35914366908
1.32713970779
1.29536595379
1.26379835212
1.23241161762
1.20117936156
1.17007423097
1.13906806144
1.10813204365
1.07723690353
1.04635309568
1.01545100944
0.984501186419
0.953474547932
0.922342630734
0.891077828718
0.85965363821
0.828044904159
0.7962280643
0.764181388253
0.731885208427
0.699322139556
0.66647728378
0.633338418254
0.599896162476
0.566144122738
0.532079011408
0.497700739086
0.463012478037
0.428020695746
0.392735157838
0.357168900052
0.321338169424
0.285262335229
0.248963770673
0.212467706706
0.175802059684
0.13899723491
0.102085908376
0.0651027892149
0.0280843655648
-0.0089313633445
-0.045905166016
-0.0827968655302
-0.180210881134
-0.220028874503
-0.259464885152
-0.298430717732
-0.336841539774
-0.374617025487
-0.411682396376
-0.44796933613
-0.483416761098
-0.517971432149
-0.551588398444
-0.584231268681
-0.615872310313
-0.646492382053
-0.676080709426
-0.704634517115
-0.732158535228
-0.758664399291
-0.784169965731
-0.80869856579
-0.832278221172
-0.854940844389
-0.876721445688
-0.897657366729
-0.917787558978
-0.937151922065
-0.955790714417
-0.97374404528
-0.991051454033
-1.00775157957
-1.0238819195
-1.03947867632
-1.05457668524
-1.06920941665
-1.08340904457
-1.09720657137
-1.11063199875
-1.1237145343
-1.13648282339
-1.14896519624
-1.16118992049
-1.17318545022
-1.18498066269
-1.19660507484
-1.20808903171
-1.21946385972
-1.23076197773
-1.24201695964
-1.25326354233
-1.26453757378
-1.27587589684
-1.28731616515
-1.29889658935
-1.31065561314
-1.32263152067
-1.33486197907
-1.34738352182
-1.36023098131
-1.37343688067
-1.38703079755
-1.44326456706
-1.46020399597
-1.47723122419
-1.49430265361
-1.51137031749
-1.52838253628
-1.54528463003
-1.56201967693
-1.5785293065
-1.59475451572
-1.61063649599
-1.62611745868
-1.64114144716
-1.65565512346
-1.66960851799
-1.6829557315
-1.69565557901
-1.70767216636
-1.718975391
-1.72954135971
-1.73935271701
-1.74839887956
-1.75667617287
-1.76418786828
-1.77094411951
-1.77696179977
-1.78226424149
-1.78688088289
-1.79084682644
-1.79420231615
-1.79699214174
-1.79926497917
-1.80107267793
-1.80246950669
-1.80351136952
-1.80425500557
-1.80475718552
-1.80507391804
-1.80525967958
-1.80536668036
-1.80544417866
-1.80553785483
-1.80568925509
-1.80593531399
-1.80630796274
-1.80683382906
-1.80753403211
-1.8084240745
-1.80951383112
-1.81080763277
-1.81230444076
-1.81399810662
-1.81587770979
-1.81792796445
-1.82012968562
-1.82246030357
-1.82489441501
-1.82740435901
-1.82996080556
-1.83253334469
-1.83859712166
-1.83921993383
-1.839650854
-1.83990131482
-1.83998285541
-1.83990703961
-1.83968537558
-1.83932923759
-1.83884979068
-1.83825791893
-1.83756415781
-1.83677863136
-1.83591099449
-1.83497038088
-1.83396535679
-1.83290388104
-1.83179327128
-1.83064017664
-1.82945055683
-1.82822966755
-1.82698205212
-1.82571153914
-1.82442124593
-1.82311358752
-1.82179029073
-1.82045241313
-1.8191003664
-1.81773394368
-1.81635235056
-1.81495423919
-1.81353774513
-1.81210052653
-1.81063980512
-1.80915240876
-1.80763481493
-1.80608319499
-1.80449345868
-1.80286129867
-1.8011822346
-1.79945165661
-1.79766486779
-1.79581712549
-1.7939036812
-1.79191981873
-1.78986089063
-1.7877223526
-1.78549979579
-1.7831889769
-1.780785846
-1.77828657199
-1.77568756566
-1.7729855004
-1.77017733053
-1.76726030723
-1.76423199216
-1.76109026894
-1.75783335227
-1.75445979511
-1.75096849377
-1.74735869107
-1.7197040551
-1.71195833361
-1.70421097194
-1.69648445777
-1.68880057632
-1.68118023887
-1.67364331901
-1.66620849823
-1.65889312238
-1.65171307032
-1.64468263613
-1.63781442604
-1.63111927107
-1.62460615633
-1.61828216772
-1.61215245655
-1.60622022252
-1.60048671534
-1.59495125492
-1.58961127003
-1.58446235517
-1.57949834504
-1.57471140588
-1.57009214299
-1.56562972308
-1.56131201051
-1.55712571583
-1.55305655532
-1.54908941961
-1.54520854994
-1.54139772002
-1.53764042159
-1.53392005183
-1.53022010055
-1.52652433517
-1.52281698155
-1.5190828987
-1.51530774552
-1.51147813782
-1.50758179385
-1.50360766695
-1.49954606374
-1.49538874678
-1.49112902061
-1.48676180019
-1.4822836613
-1.4776928723
-1.47298940707
-1.46817493912
-1.4632528171
-1.4582280221
-1.45310710734
-1.44789812109
-1.44261051389
-1.43725503102
-1.43184359182
-1.42638915704
-1.42090558597
-1.41540748486
-1.40991004847
-1.41555813566
-1.41104980663
-1.40655698866
-1.40207395978
-1.3975948597
-1.39311372799
-1.38862454255
-1.38412125834
-1.37959784577
-1.37504832889
-1.37046682335
-1.36584757431
-1.36118499486
-1.35647370518
-1.35170857319
-1.3468847573
-1.34199775167
-1.33704343478
-1.33201812147
-1.32691861899
-1.32174228682
-1.31648710039
-1.31115171801
-1.30573555038
-1.30023883159
-1.2946626903
-1.28900921945
-1.28328154256
-1.27748387466
-1.27162157541
-1.26570119221
-1.25973049084
-1.25371847122
-1.24767536625
-1.24161262156
-1.23554285444
-1.22947979068
-1.22343817833
-1.21743367779
-1.21148272846
-1.20560239246
-1.19981017657
-1.19412383431
-1.18856115028
-1.18313970988
-1.17787665757
-1.17278844762
-1.16789059153
-1.16319740645
-1.15872176948
-1.15447488247
-1.15046605208
-1.14670248982
-1.14318913647
-1.13992851495
-1.13692061531
-1.13416281516
-1.13164983791
-1.12937375093
-1.12732400474
-1.19575602706
-1.19050576038
-1.18517476823
-1.17976606991
-1.17428307506
-1.1687295817
-1.16310977047
-1.15742819493
-1.15168976764
-1.14589974212
-1.14006369068
-1.13418747824
-1.12827723245
-1.12233931052
-1.11638026306
-1.11040679557
-1.10442572808
-1.09844395362
-1.09246839612
-1.08650596844
-1.08056353114
-1.07464785266
-1.06876557148
-1.06292316088
-1.05712689656
-1.05138282777
-1.04569675206
-1.04007419389
-1.03452038724
-1.02904026221
-1.02363843537
-1.01831920394
-1.01308654315
-1.00794410673
-1.00289522999
-0.997942934883
-0.993089936773
-0.988338652234
-0.983691207371
-0.979149446187
-0.974714938484
-0.970388986882
-0.966172632573
-0.962066659495
-0.958071596714
-0.954187718848
-0.950415044497
-0.946753332696
-0.943202077511
-0.939760500997
-0.93642754477
-0.933201860565
-0.930081800167
-0.927065405164
-0.924150397002
-0.921334167821
-0.918613772581
-0.91598592293
-0.913446983282
-0.910992969487
-0.921347703131
-0.918750705726
-0.916194723365
-0.913681349309
-0.911211946626
-0.908787627238
-0.906409232662
-0.904077316582
-0.901792129373
-0.899553604684
-0.897361348176
-0.895214628477
-0.893112370424
-0.891053150631
-0.889035195401
-0.887056381004
-0.88511423629
-0.883205947639
-0.881328366184
-0.879478017268
-0.877651112052
-0.875843561202
-0.874050990542
-0.872268758585
-0.870491975805
-0.868715525528
-0.866934086304
-0.865142155612
-0.863334074748
-0.861504054742
-0.859646203127
-0.857754551427
-0.855823083156
-0.853845762206
-0.851816561421
-0.849729491214
-0.84757862806
-0.845358142702
-0.843062327919
-0.840685625711
-0.838222653746
-0.835668230948
-0.833017402084
-0.830265461234
-0.827407974032
-0.824440798576
-0.821360104903
-0.818162392954
-0.814844508955
-0.811403660139
-0.807837427766
-0.804143778389
-0.800321073343
-0.796368076421
-0.792283959735
-0.788068307764
-0.783721119581
-0.7792428093
-0.774634204747
-0.769896544424
-0.7216394773
-0.717804740443
-0.713958919504
-0.710101596731
-0.706232348697
-0.702350754011
-0.69845640125
-0.694548897088
-0.690627874551
-0.686693001385
-0.682743988468
-0.678780598218
-0.67480265293
-0.670810042978
-0.666802734838
-0.662780778853
-0.6587443167
-0.65469358847
-0.650628939284
-0.64655082535
-0.642459819396
-0.638356615406
-0.63424203259
-0.630117018537
-0.625982651468
-0.62184014152
-0.617690830995
-0.613536193534
-0.609377832189
-0.605217476387
-0.601056977785
-0.596898305007
-0.592743537274
-0.588594856943
-0.584454541014
-0.580324951674
-0.576208525983
-0.572107764786
-0.568025220953
-0.563963487046
-0.559925182533
-0.555912940687
-0.551929395312
-0.547977167478
-0.544058852382
-0.540177006487
-0.536334135051
-0.532532680184
-0.528775009552
-0.525063405855
-0.521400057198
-0.517787048428
-0.514226353503
-0.510719828934
-0.507269208321
-0.503876098022
-0.500541973943
-0.497268179445
-0.494055924336
-0.49090628486
-0.497870144401
-0.495002776558
-0.492162579463
-0.489350155122
-0.486566117262
-0.483811089109
-0.48108570095
-0.478390587523
-0.475726385228
-0.4730937292
-0.470493250245
-0.467925571671
-0.465391306036
-0.462891051833
-0.460425390137
-0.457994881229
-0.455600061234
-0.453241438776
-0.450919491704
-0.448634663894
-0.446387362167
-0.444177953347
-0.442006761484
-0.439874065271
-0.437780095693
-0.435725033911
-0.433709009442
-0.431732098616
-0.429794323352
-0.427895650246
-0.426035989977
-0.424215197038
-0.422433069764
-0.420689350651
-0.418983726939
-0.417315831414
-0.415685243385
-0.414091489816
-0.412534046525
-0.411012339444
-0.409525745854
-0.408073595569
-0.406655172016
-0.405269713182
-0.403916412394
-0.402594418928
-0.40130283844
-0.400040733226
-0.398807122339
-0.397600981594
-0.396421243508
-0.395266797246
-0.394136488624
-0.393029120271
-0.391943451994
-0.390878201465
-0.389832045275
-0.388803620455
-0.387791526527
-0.386794328148
