-0.592914022321
-0.592946861275
-0.593012481457
-0.593110796605
-0.593241692413
-0.593405027133
-0.593600632306
-0.593828313601
-0.594087851769
-0.594379003705
-0.594701503612
-0.595055064261
-0.595439378341
-0.595854119888
-0.596298945781
-0.5967734973
-0.597277401724
-0.597810273968
-0.598371718226
-0.598961329618
-0.599578695824
-0.600223398679
-0.600895015714
-0.601593121631
-0.602317289689
-0.603067092983
-0.603842105599
-0.60464190364
-0.605466066088
-0.606314175509
-0.60718581858
-0.608080586432
-0.608998074799
-0.60993788397
-0.61089961855
-0.611882887014
-0.612887301079
-0.613912474874
-0.614958023948
-0.616023564096
-0.61710871004
-0.618213073968
-0.619336263958
-0.620477882294
-0.621637523708
-0.622814773564
-0.624009206004
-0.625220382081
-0.626447847914
-0.62769113286
-0.628949747756
-0.63022318323
-0.631510908108
-0.63281236794
-0.634126983647
-0.635454150319
-0.636793236157
-0.638143581589
-0.639504498541
-0.640875269883
-0.642255149055
-0.643643359844
-0.645039096341
-0.646441523044
-0.647849775114
-0.649262958765
-0.650680151775
-0.652100404111
-0.653522738649
-0.65494615196
-0.65636961518
-0.657792074906
-0.659212454142
-0.660629653247
-0.662042550906
-0.663450005074
-0.664850853924
-0.666243916756
-0.667627994885
-0.669001872492
-0.670364317447
-0.671714082092
-0.673049904005
-0.674370506737
-0.675674600534
-0.676960883065
-0.678228040149
-0.679474746512
-0.680699666575
-0.681901455304
-0.683078759119
-0.684230216889
-0.685354461036
-0.686450118739
-0.687515813272
-0.688550147178
-0.689551758036
-0.690519266802
-0.691451297343
-0.692346478534
-0.693203446521
-0.694020847135
-0.694797338456
-0.69553159351
-0.696222303091
-0.69686817868
-0.697467955451
-0.69802039533
-0.69852429009
-0.698978464442
-0.699381779108
-0.699733133817
-0.700031470225
-0.700275774697
-0.700465080931
-0.700598472388
-0.700675084495
-0.700694106597
-0.700654783614
-0.7005564174
-0.700398367759
-0.700180053113
-0.699900950798
-0.699560596987
-0.699158586216
-0.69869457053
-0.69816825823
-0.69757941225
-0.696927848151
-0.696213431768
-0.695436076517
-0.694595740397
-0.693692422698
-0.692726160465
-0.691697024745
-0.690605116646
-0.689450563264
-0.688233513504
-0.686954133842
-0.685612604083
-0.684209113126
-0.682743854821
-0.681217023921
-0.679628812191
-0.677979404702
-0.676268976347
-0.674497688615
-0.672665686639
-0.670773096562
-0.668820023219
-0.666806548174
-0.664732728104
-0.662598593557
-0.660404148069
-0.658149367655
-0.65583420066
-0.653458567962
-0.651022363517
-0.648525455227
-0.64596768611
-0.643348875759
-0.640668822043
-0.637927303053
-0.635124079236
-0.6322588957
-0.629331484667
-0.626341568015
-0.623288859914
-0.620173069494
-0.616993903528
-0.613751069109
-0.610444276272
-0.607073240558
-0.603637685479
-0.600137344877
-0.596571965146
-0.592941307307
-0.589245148924
-0.585483285847
-0.581655533771
-0.577761729617
-0.573801732718
-0.569775425819
-0.565682715893
-0.561523534772
-0.557297839602
-0.553005613134
-0.548646863854
-0.54422162597
-0.53972995926
-0.535171948801
-0.530547704594
-0.525857361089
-0.521101076633
-0.51627903286
-0.511391434018
-0.506438506273
-0.501420496978
-0.496337673941
-0.491190324688
-0.485978755741
-0.480703291925
-0.475364275693
-0.469962066513
-0.464497040282
-0.458969588815
-0.453380119379
-0.447729054303
-0.442016830656
-0.436243899992
-0.430410728174
-0.424517795277
-0.418565595561
-0.412554637523
-0.406485444028
-0.400358552512
-0.394174515255
-0.387933899728
-0.381637289007
-0.375285282246
-0.368878495211
-0.362417560873
-0.35590313004
-0.349335872041
-0.342716475438
-0.336045648778
-0.329324121354
-0.322552643988
-0.315731989813
-0.308862955055
-0.301946359794
-0.294983048703
-0.287973891749
-0.280919784849
-0.273821650459
-0.2666804381
-0.259497124795
-0.252272715414
-0.245008242909
-0.237704768431
-0.230363381321
-0.222985198951
-0.21557136643
-0.208123056134
-0.200641467082
-0.193127824135
-0.185583377013
-0.178009399138
-0.170407186284
-0.162778055052
-0.155123341156
-0.147444397537
-0.139742592301
-0.132019306492
-0.124275931714
-0.116513867605
-0.108734519191
-0.100939294115
-0.0931295997787
-0.0853068404059
-0.0774724140465
-0.069627709547
-0.0617741035079
-0.0539129572513
-0.0460456138214
-0.0381733950427
-0.030297598658
-0.0224194955705
-0.0145403272101
-0.00666130304693
0.00121640172933
0.00909164834644
0.0169633363861
0.0248304055063
0.0326918369384
0.040546654748
0.0483939268555
0.0562327658105
0.0640623293195
0.0718818205295
0.0796904880708
0.0874876258671
0.0952725727227
0.103044711699
0.110803469296
0.118548314451
0.126278757382
0.133994348289
0.141694675934
0.149379366126
0.157048080134
0.164700513047
0.172336392112
0.179955475057
0.187557548445
0.195142426053
0.202709947319
0.210259975857
0.217792398065
0.225307121839
0.232804075396
0.24028320623
0.247744480185
0.255187880673
0.262613408015
0.270021078919
0.277410926077
0.284782997888
0.292137358278
0.299474086628
0.306793277776
0.314095042088
0.321379505574
0.328646810044
0.33589711327
0.343130589139
0.350347427786
0.357547835681
0.364732035646
0.371900266803
0.379052784417
0.386189859632
0.393311779085
0.400418844387
0.407511371464
0.41458968975
0.421654141239
0.428705079377
0.435742867825
0.442767879066
0.449780492895
0.456781094779
0.46377007412
0.470747822416
0.477714731358
0.48467119087
0.491617587115
0.498554300492
0.505481703647
0.512400159514
0.519310019422
0.526211621283
0.533105287879
0.539991325288
0.546870021448
0.553741644896
0.560606443681
0.567464644487
0.574316451961
0.581162048265
0.588001592856
0.5948352225
0.601663051523
0.608485172291
0.615301655925
0.622112553235
0.628917895865
0.635717697641
0.642511956102
0.649300654198
0.656083762138
0.66286123936
0.669633036612
0.676399098112
0.68315936376
0.689913771391
0.696662259025
0.703404767106
0.710141240695
0.716871631601
0.723595900421
0.730314018471
0.737025969589
0.743731751797
0.750431378791
0.75712488127
0.763812308069
0.770493727105
0.777169226118
0.78383891321
0.790502917186
0.797161387677
0.80381449508
0.810462430289
0.817105404248
0.823743647323
0.830377408508
0.837006954479
0.843632568504
0.85025454923
0.856873209362
0.86348887424
0.870101880345
0.876712573742
0.883321308471
0.88992844491
0.896534348125
0.903139386212
0.909743928654
0.916348344696
0.922953001757
0.929558263888
0.93616449027
0.942772033782
0.94938123963
0.955992444037
0.96260597301
0.969222141182
0.975841250722
0.982463590321
0.989089434251
0.995719041491
1.00235265492
1.0089905006
1.01563278706
1.0222797047
1.02893142523
1.03558810115
1.04224986527
1.04891683032
1.05558908853
1.06226671133
1.06894974903
1.07563823054
1.0823321632
1.08903153254
1.09573630215
1.10244641359
1.10916178632
1.11588231765
1.12260788283
1.12933833509
1.1360735058
1.14281320465
1.14955721996
1.15630531895
1.16305724818
1.16981273403
1.17657148321
1.18333318345
1.19009750416
1.19686409723
1.20363259792
1.21040262577
1.21717378566
1.22394566886
1.23071785423
1.23748990943
1.24426139217
1.25103185157
1.2578008295
1.26456786198
1.27133248062
1.27809421396
1.28485258898
1.29160713243
1.29835737227
1.30510283892
1.31184306662
1.31857759461
1.32530596828
1.33202774023
1.33874247123
1.34544973107
1.35214909928
1.35884016579
1.36552253135
1.37219580791
1.37885961885
1.38551359899
1.39215739455
1.39879066293
1.40541307231
1.41202430119
1.41862403773
1.42521197899
1.43178783006
1.43835130307
1.44490211606
1.45143999184
1.45796465671
1.46447583911
1.47097326827
1.47745667276
1.48392577908
1.49038031015
1.49681998392
1.50324451188
1.50965359765
1.51604693569
1.5224242099
1.52878509246
1.53512924264
1.54145630573
1.5477659121
1.55405767634
1.56033119649
1.56658605346
1.57282181053
1.57903801297
1.58523418783
1.59140984381
1.59756447135
1.60369754275
1.60980851246
1.61589681756
1.62196187823
1.62800309845
1.63401986676
1.64001155711
1.64597752985
1.65191713276
1.6578297022
1.66371456427
1.66957103612
1.67539842724
1.68119604079
1.68696317504
1.69269912473
1.69840318255
1.70407464056
1.70971279162
1.71531693085
1.72088635704
1.72642037403
1.73191829216
1.73737942953
1.74280311339
1.74818868136
1.7535354827
1.75884287949
1.76411024778
1.76933697865
1.77452247932
1.77966617412
1.7847675054
1.78982593451
1.79484094258
1.79981203138
1.80473872405
1.80962056584
1.81445712479
1.81924799236
1.82399278406
1.82869114001
1.8333427255
1.8379472315
1.84250437519
1.84701390041
1.85147557813
1.85588920694
1.86025461346
1.86457165279
1.86884020892
1.87306019524
1.87723155487
1.88135426119
1.88542831826
1.88945376125
1.89343065696
1.89735910426
1.90123923461
1.90507121256
1.90885523627
1.91259153809
1.91628038507
1.91992207957
1.92351695981
1.92706540056
1.93056781365
1.93402464868
1.93743639362
1.94080357548
1.94412676092
1.94740655694
1.9506436115
1.95383861415
1.95699229668
1.96010543369
1.96317884319
1.96621338716
1.96920997206
1.9721695493
1.97509311569
1.97798171381
1.98083643231
1.98365840623
1.98644881709
1.98920889309
1.99193990906
1.99464318645
1.99732009314
1.99997204319
2.00260049646
2.0052069582
2.00779297839
2.01036015114
2.01291011381
2.01544454613
2.01796516916
2.02047374415
2.02297207128
2.02546198826
2.02794536893
2.03042412161
2.03290018747
2.03537553877
2.03785217703
2.04033213113
2.04281745529
2.04531022712
2.04781254552
2.0503265286
2.05285431155
2.05539804459
2.0579598908
2.06054202411
2.06314662721
2.0657758896
2.06843200566
2.0711171728
2.07383358972
2.07658345479
2.07936896447
2.08219231197
2.08505568597
2.08796126952
2.09091123909
2.09390776381
2.09695300485
2.10004911499
2.10319823839
2.10640251053
2.10966405831
2.1129850004
2.1163674477
2.119813504
2.12332526684
2.1269048285
2.13055427713
2.1342756981
2.13807117534
2.14194279298
2.14589263691
2.14992279654
2.15403536659
2.15823244895
2.16251615451
2.16688860504
2.17135193509
2.17590829377
2.18055984654
2.1853087769
2.19015728796
2.19510760391
2.20016197133
2.20532266036
2.21059196561
2.21597220696
2.22146573004
2.22707490655
2.23280213424
2.23864983669
2.2446204627
2.25071648552
2.2569404016
2.26329472917
2.2697820064
2.27640478927
2.28316564905
2.29006716955
2.29711194391
2.30430257116
2.31164165241
2.3191317867
2.32677556662
2.33457557352
2.34253437257
2.35065450741
2.35893849469
2.36738881822
2.37600792309
2.38479820939
2.39376202597
2.40290166385
2.41221934967
2.42171723896
2.43139740931
2.44126185358
2.45131247301
2.46155107035
2.47197934307
2.48259887656
2.49341113744
2.50441746697
2.51561907461
2.52701703171
2.53861226539
2.55040555261
2.56239751446
2.57458861071
2.5869791346
2.59956920786
2.6123587761
2.62534760445
2.63853527352
2.65192117567
2.66550451166
2.67928428756
2.69325931207
2.70742819419
2.72178934116
2.73634095681
2.75108104029
2.76600738506
2.78111757827
2.79640900048
2.81187882566
2.82752402161
2.84334135055
2.85932737013
2.87547843468
2.89179069671
2.90826010878
2.92488242547
2.94165320572
2.95856781536
2.97562142977
2.99280903688
3.01012544027
3.02756526242
3.04512294815
3.06279276827
3.08056882319
3.09844504684
3.11641521057
3.13447292721
3.15261165512
3.17082470249
3.1891052315
3.20744626269
3.2258406793
3.2442812317
3.26276054178
3.28127110747
3.29980530723
3.31835540451
3.33691355236
3.35547179793
3.37402208702
3.39255626869
3.41106609984
3.42954324975
3.44797930475
3.46636577277
3.484694088
3.50295561554
3.52114165597
3.53924345008
3.55725218354
3.57515899152
3.59295496349
3.61063114785
3.62817855675
3.6455881708
3.66285094386
3.67995780784
3.69689967752
3.71366745537
3.73025203643
3.74664431315
3.76283518027
3.77881553975
3.79457630563
3.810108409
3.82540280284
3.840450467
3.85524241311
3.86976968943
3.88402338585
3.89799463865
3.91167463549
3.92505462015
3.9381258974
3.95087983776
3.96330788223
3.97540154702
3.98715242818
3.99855220621
4.00959265061
4.02026562435
4.03056308833
4.04047710571
4.04999984622
4.05912359037
4.06784073358
4.07614379029
4.0840253979
4.09147832072
4.09849545379
4.10506982658
4.11119460674
4.11686310361
4.12206877176
4.12680521439
4.13106618669
4.13484559905
4.13813752031
4.14093618082
4.14323597546
4.14503146662
4.14631738706
4.14708864272
4.14734031549
4.14706766583
4.14626613543
4.1449313497
4.14305912028
4.14064544748
4.13768652255
4.13417873008
4.13011865014
4.1255030605
4.12032893874
4.11459346429
4.1082940204
4.1014281961
4.09399378803
4.08598880226
4.07741145599
4.06826017922
4.05853361631
4.04823062751
4.03735029035
4.02589190103
4.01385497563
4.00123925127
3.98804468723
3.97427146585
3.95991999347
3.94499090113
3.92948504524
3.91340350816
3.89674759853
3.87951885163
3.86171902955
3.84335012116
3.82441434208
3.80491413442
3.7848521664
3.76423133181
3.7430547494
3.72132576201
3.69904793563
3.67622505826
3.65286113868
3.62896040498
3.604527303
3.57956649457
3.55408285566
3.52808147426
3.50156764822
3.47454688287
3.4470248885
3.41900757769
3.39050106248
3.36151165142
3.3320458464
3.30211033943
3.2717120092
3.24085791751
3.20955530565
3.17781159048
3.14563436051
3.11303137185
3.0800105439
3.04657995509
3.01274783837
2.97852257665
2.9439126981
2.90892687133
2.87357390051
2.83786272031
2.80180239083
2.76540209234
2.72867112
2.69161887843
2.65425487629
2.61658872063
2.57863011129
2.54038883518
2.50187476047
2.46309783072
2.42406805898
2.38479552182
2.34529035325
2.30556273866
2.2656229087
2.22548113309
2.18514771442
2.14463298195
2.10394728531
2.06310098825
2.02210446237
1.98096808081
1.939702212
1.89831721336
1.85682342504
1.81523116371
1.77355071638
1.73179233418
1.68996622632
1.648082554
1.60615142442
1.5641828849
1.52218691703
1.48017343094
1.43815225967
1.39613315362
1.35412577521
1.31213969352
1.27018437922
1.22826919956
1.1864034135
1.14459616709
1.10285648892
1.06119328582
1.01961533873
0.978131298735
0.936749683338
0.895478872915
0.854327107396
0.813302483154
0.77241295012
0.731666309122
0.691070209457
0.650632146686
0.610359460671
0.570259333838
0.530338789685
0.490604691516
0.45106374141
0.411722479427
0.372587283038
0.333664366784
0.294959782153
0.256479417683
0.218228999269
0.18021409068
0.142440094275
0.104912251913
0.0676356460425
0.030615200972
-0.00614431569354
-0.0426382914608
-0.0788622672065
-0.1148119353
-0.150483137596
-0.185871863317
-0.220974246826
-0.255786565305
-0.290305236356
-0.32452681553
-0.358447993792
-0.392065594943
-0.425376573005
-0.458378009578
-0.491067111186
-0.52344120661
-0.555497744242
-0.587234289438
-0.61864852191
-0.649738233147
-0.680501323873
-0.710935801567
-0.741039778034
-0.770811467039
-0.80024918202
-0.829351333868
-0.858116428796
-0.886543066289
-0.914629937147
-0.942375821614
-0.969779587606
-0.996840189036
-1.02355666423
-1.04992813445
-1.07595380248
-1.10163295139
-1.12696494326
-1.15194921815
-1.17658529303
-1.20087276087
-1.22481128978
-1.24840062225
-1.27164057444
-1.29453103556
-1.31707196733
-1.3392634034
-1.36110544898
-1.3825982804
-1.40374214473
-1.42453735948
-1.4449843123
-1.46508346068
-1.48483533172
-1.50424052188
-1.52329969673
-1.5420135907
-1.56038300688
-1.5784088167
-1.59609195971
-1.61343344325
-1.63043434216
-1.64709579839
-1.66341902062
-1.67940528389
-1.69505592904
-1.71037236225
-1.72535605449
-1.74000854086
-1.75433141995
-1.7683263531
-1.78199506365
-1.79533933608
-1.8083610151
-1.82106200472
-1.83344426725
-1.84550982218
-1.85726074509
-1.86869916647
-1.87982727045
-1.89064729352
-1.90116152319
-1.91137229661
-1.9212819991
-1.93089306267
-1.94020796452
-1.94922922544
-1.95795940827
-1.9664011162
-1.97455699117
-1.98242971215
-1.99002199349
-1.99733658316
-2.00437626104
-2.01114383719
-2.01764215011
-2.023874065
-2.02984247202
-2.03555028458
-2.0410004376
-2.04619588586
-2.05113960225
-2.05583457617
-2.06028381189
-2.06449032692
-2.06845715048
-2.07218732191
-2.07568388925
-2.0789499077
-2.08198843827
-2.08480254637
-2.0873953005
-2.08976977097
-2.09192902866
-2.09387614385
-2.09561418509
-2.09714621812
-2.09847530481
-2.09960450224
-2.10053686173
-2.10127542795
-2.10182323814
-2.1021833213
-2.10235869747
-2.10235237702
-2.10216736005
-2.10180663576
-2.10127318193
-2.10056996436
-2.09969993645
-2.09866603871
-2.09747119839
-2.09611832909
-2.09461033043
-2.09295008771
-2.09114047165
-2.0891843381
-2.08708452783
-2.08484386624
-2.08246516321
-2.07995121288
-2.07730479344
-2.07452866703
-2.07162557949
-2.06859826025
-2.0654494222
-2.06218176146
-2.05879795733
-2.05530067209
-2.05169255084
-2.04797622141
-2.04415429416
-2.04022936188
-2.03620399956
-2.03208076432
-2.02786219517
-2.02355081291
-2.01914911989
-2.01465959989
-2.01008471791
-2.00542691998
-2.00068863299
-1.99587226448
-1.99098020244
-1.9860148151
-1.98097845077
-1.97587343757
-1.97070208325
-1.965466675
-1.9601694792
-1.95481274123
-1.94939868527
-1.94392951405
-1.93840740868
-1.93283452844
-1.92721301054
-1.92154496997
-1.91583249924
-1.91007766824
-1.90428252402
-1.89844909061
-1.89257936881
-1.88667533606
-1.88073894619
-1.87477212933
-1.86877679165
-1.86275481527
-1.85670805805
-1.85063835344
-1.84454751032
-1.83843731285
-1.83230952028
-1.82616586684
-1.82000806156
-1.81383778812
-1.80765670469
-1.80146644378
-1.79526861208
-1.78906479028
-1.78285653296
-1.77664536837
-1.7704327983
-1.76422029788
-1.75800931544
-1.75180127232
-1.74559756266
-1.73939955326
-1.73320858337
-1.72702596452
-1.72085298028
-1.71469088611
-1.70854090916
-1.70240424804
-1.69628207265
-1.69017552394
-1.68408571378
-1.67801372467
-1.67196060964
-1.66592739198
-1.6599150651
-1.65392459231
-1.64795690669
-1.64201291091
-1.63609347704
-1.63019944647
-1.6243316297
-1.61849080632
-1.6126777248
-1.60689310251
-1.60113762557
-1.59541194887
-1.58971669598
-1.58405245921
-1.5784197996
-1.57281924698
-1.56725130001
-1.56171642632
-1.55621506263
-1.5507476149
-1.54531445849
-1.53991593844
-1.53455236965
-1.52922403721
-1.52393119667
-1.51867407441
-1.51345286799
-1.5082677466
-1.5031188514
-1.49800629609
-1.49293016734
-1.48789052534
-1.48288740432
-1.47792081318
-1.47299073606
-1.46809713297
-1.46323994045
-1.45841907227
-1.45363442009
-1.44888585419
-1.44417322422
-1.43949635994
-1.43485507198
-1.4302491526
-1.42567837655
-1.42114250175
-1.41664127021
-1.41217440877
-1.4077416299
-1.40334263257
-1.39897710302
-1.39464471557
-1.39034513343
-1.38607800949
-1.38184298712
-1.37763970095
-1.37346777762
-1.36932683655
-1.36521649067
-1.36113634715
-1.3570860081
-1.35306507128
-1.34907313073
-1.34510977747
-1.34117460009
-1.33726718535
-1.33338711881
-1.32953398532
-1.32570736962
-1.32190685682
-1.31813203289
-1.31438248511
-1.31065780253
-1.30695757634
-1.30328140032
-1.29962887113
-1.2959995887
-1.29239315648
-1.28880918179
-1.28524727604
-1.28170705498
-1.27818813891
-1.27469015287
-1.27121272682
-1.26775549574
-1.26431809984
-1.26090018456
-1.25750140075
-1.25412140465
-1.25075985802
-1.24741642806
-1.24409078753
-1.24078261467
-1.23749159318
-1.23421741221
-1.23095976628
-1.22771835522
-1.22449288407
-1.22128306299
-1.21808860715
-1.21490923662
-1.21174467618
-1.20859465523
-1.20545890762
-1.20233717143
-1.19922918885
-1.19613470597
-1.19305347257
-1.18998524191
-1.18692977052
-1.18388681798
-1.18085614667
-1.17783752153
-1.17483070984
-1.17183548091
-1.16885160586
-1.16587885734
-1.16291700924
-1.15996583644
-1.15702511447
-1.15409461928
-1.15117412692
-1.1482634132
-1.14536225347
-1.14247042223
-1.13958769288
-1.13671383738
-1.13384862594
-1.13099182671
-1.1281432055
-1.12530252538
-1.12246954646
-1.11964402554
-1.1168257158
-1.11401436648
-1.11120972265
-1.1084115248
-1.10561950868
-1.1028334049
-1.10005293875
-1.09727782986
-1.094507792
-1.0917425328
-1.08898175353
-1.08622514886
-1.0834724067
-1.08072320793
-1.0779772263
-1.07523412823
-1.07249357266
-1.06975521095
-1.06701868675
-1.06428363594
-1.06154968655
-1.05881645875
-1.05608356476
-1.05335060896
-1.05061718784
-1.04788289008
-1.04514729666
-1.04240998094
-1.0396705088
-1.03692843882
-1.03418332248
-1.03143470434
-1.02868212233
-1.02592510802
-1.02316318693
-1.02039587884
-1.01762269819
-1.01484315447
-1.0120567526
-1.00926299344
-1.00646137422
-1.00365138907
-1.00083252952
-0.998004285091
-0.995166143851
-0.992317593014
-0.989458119574
-0.986587210946
-0.983704355632
-0.980809043903
-0.977900768504
-0.974979025367
-0.972043314343
-0.969093139948
-0.966128012119
-0.963147446975
-0.960150967593
-0.957138104787
-0.954108397888
-0.951061395533
-0.947996656449
-0.944913750235
-0.941812258149
-0.938691773878
-0.935551904312
-0.932392270301
-0.929212507402
-0.926012266621
-0.922791215131
-0.919549036976
-0.91628543376
-0.913000125315
-0.909692850343
-0.906363367039
-0.903011453692
-0.899636909246
-0.896239553854
-0.892819229382
-0.889375799897
-0.885909152113
-0.882419195814
-0.878905864231
-0.875369114398
-0.871808927455
-0.868225308931
-0.864618288979
-0.860987922576
-0.857334289683
-0.85365749537
-0.849957669896
-0.846234968754
-0.842489572674
-0.838721687588
-0.834931544554
-0.831119399641
-0.827285533775
-0.823430252547
-0.819553885983
-0.815656788275
-0.811739337474
-0.807801935152
-0.803845006022
-0.79986899753
-0.795874379404
-0.791861643184
-0.787831301707
-0.783783888571
-0.779719957564
-0.775640082071
-0.77154485445
-0.767434885383
-0.763310803208
-0.759173253221
-0.755022896967
-0.750860411499
-0.746686488636
-0.742501834186
-0.738307167171
-0.734103219026
-0.729890732795
-0.725670462314
-0.721443171385
-0.717209632943
-0.712970628216
-0.70872694589
-0.704479381259
-0.700228735381
-0.695975814237
-0.691721427886
-0.687466389628
-0.683211515169
-0.678957621795
-0.67470552755
-0.670456050429
-0.66621000757
-0.661968214473
-0.657731484215
-0.65350062669
-0.649276449003
-0.645059751351
-0.640851329644
-0.636651973713
-0.632462466623
-0.628283584017
-0.62411609347
-0.619960753872
-0.615818314827
-0.611689516079
-0.607575086954
-0.603475745833
-0.599392199645
-0.595325143384
-0.591275259652
-0.587243218227
-0.58322967566
-0.579235274887
-0.575260644881
-0.57130640032
-0.567373141284
-0.563461452982
-0.5595719055
-0.555705053575
-0.551861436404
-0.548041577468
-0.544245984388
-0.540475148806
-0.536729546292
-0.533009636273
-0.52931586199
-0.52564865048
-0.522008412579
-0.518395542947
-0.514810420127
-0.511253406608
-0.507724848928
-0.504225077786
-0.500754408181
-0.497313139564
-0.49390155602
-0.490519926454
-0.487168504807
-0.483847530283
-0.480557227587
-0.477297807188
-0.47406946559
-0.470872385612
-0.467706736688
-0.464572675176
-0.461470344668
-0.458399876326
-0.455361389208
