-0.566232581822
-0.56625747807
-0.566307246513
-0.566381851083
-0.566481243709
-0.566605364335
-0.566754140931
-0.566927489521
-0.567125314203
-0.567347507177
-0.567593948772
-0.567864507485
-0.56815904001
-0.56847739128
-0.568819394506
-0.569184871226
-0.569573631348
-0.569985473201
-0.570420183589
-0.570877537847
-0.571357299899
-0.571859222319
-0.572383046398
-0.57292850221
-0.573495308679
-0.574083173658
-0.574691793998
-0.575320855633
-0.575970033655
-0.576638992401
-0.577327385541
-0.578034856162
-0.578761036867
-0.579505549863
-0.58026800706
-0.581048010174
-0.581845150825
-0.582659010644
-0.583489161379
-0.584335165007
-0.585196573844
-0.586072930661
-0.5869637688
-0.587868612296
-0.588786975997
-0.589718365687
-0.590662278217
-0.591618201628
-0.592585615288
-0.593563990022
-0.594552788246
-0.595551464109
-0.596559463631
-0.597576224842
-0.598601177931
-0.599633745388
-0.600673342155
-0.601719375772
-0.602771246535
-0.603828347642
-0.604890065357
-0.605955779159
-0.607024861909
-0.608096680005
-0.609170593549
-0.610245956506
-0.611322116878
-0.612398416864
-0.613474193031
-0.61454877649
-0.615621493058
-0.616691663441
-0.617758603405
-0.61882162395
-0.619880031492
-0.620933128038
-0.62198021137
-0.62302057522
-0.62405350946
-0.625078300279
-0.626094230372
-0.627100579122
-0.628096622789
-0.629081634695
-0.630054885414
-0.631015642962
-0.631963172984
-0.632896738946
-0.633815602325
-0.634719022806
-0.635606258466
-0.636476565974
-0.637329200784
-0.638163417323
-0.638978469194
-0.639773609365
-0.640548090364
-0.64130116448
-0.642032083953
-0.642740101172
-0.643424468872
-0.644084440327
-0.644719269552
-0.645328211492
-0.645910522225
-0.646465459153
-0.646992281202
-0.647490249015
-0.647958625147
-0.648396674265
-0.648803663339
-0.649178861838
-0.649521541923
-0.649830978645
-0.650106450133
-0.650347237792
-0.650552626492
-0.65072190476
-0.650854364974
-0.650949303552
-0.651006021138
-0.651023822798
-0.651002018202
-0.650939921814
-0.65083685308
-0.65069213661
-0.650505102364
-0.650275085834
-0.650001428232
-0.649683476664
-0.649320584313
-0.648912110619
-0.648457421457
-0.64795588931
-0.647406893449
-0.646809820102
-0.646164062631
-0.645469021698
-0.64472410544
-0.643928729632
-0.643082317858
-0.642184301671
-0.641234120762
-0.640231223117
-0.639175065178
-0.638065112004
-0.636900837424
-0.635681724193
-0.634407264147
-0.63307695835
-0.631690317246
-0.630246860804
-0.628746118667
-0.62718763029
-0.625570945086
-0.623895622561
-0.622161232455
-0.620367354871
-0.618513580416
-0.616599510321
-0.614624756579
-0.612588942065
-0.610491700659
-0.608332677374
-0.606111528465
-0.603827921552
-0.601481535734
-0.599072061695
-0.59659920182
-0.594062670296
-0.591462193217
-0.588797508688
-0.586068366919
-0.583274530325
-0.580415773615
-0.577491883886
-0.574502660709
-0.571447916214
-0.56832747517
-0.565141175068
-0.561888866196
-0.558570411708
-0.555185687699
-0.551734583274
-0.548217000604
-0.544632854996
-0.540982074947
-0.537264602199
-0.533480391792
-0.529629412113
-0.525711644939
-0.521727085484
-0.517675742433
-0.513557637982
-0.509372807868
-0.505121301399
-0.50080318148
-0.496418524636
-0.491967421028
-0.487449974474
-0.482866302458
-0.478216536136
-0.473500820348
-0.468719313615
-0.463872188136
-0.458959629787
-0.453981838109
-0.448939026297
-0.443831421182
-0.438659263213
-0.433422806431
-0.428122318445
-0.422758080399
-0.417330386938
-0.41183954617
-0.406285879623
-0.4006697222
-0.394991422127
-0.389251340905
-0.383449853248
-0.377587347022
-0.371664223183
-0.365680895708
-0.359637791519
-0.353535350412
-0.347374024971
-0.341154280489
-0.334876594877
-0.328541458575
-0.322149374454
-0.315700857717
-0.309196435796
-0.302636648245
-0.296022046632
-0.289353194416
-0.282630666837
-0.275855050791
-0.269026944699
-0.262146958383
-0.25521571293
-0.248233840554
-0.241201984452
-0.234120798664
-0.226990947921
-0.219813107491
-0.212587963026
-0.205316210399
-0.197998555541
-0.190635714276
-0.183228412146
-0.17577738424
-0.168283375013
-0.160747138107
-0.153169436164
-0.145551040639
-0.137892731606
-0.130195297567
-0.122459535246
-0.114686249394
-0.10687625258
-0.0990303649849
-0.0911494141876
-0.0832342349516
-0.075285669007
-0.0673045648297
-0.0592917774175
-0.0512481680636
-0.0431746041269
-0.0350719587995
-0.0269411108721
-0.0187829444957
-0.0105983489414
-0.0023882183574
0.00584654847638
0.0141050483964
0.0223863741056
0.030689614426
0.0390138545537
0.0473581763153
0.0557216584277
0.0641033767583
0.0725024045886
0.0809178128787
0.089348670534
0.0977940446735
0.106253000899
0.114724603569
0.123207916068
0.131702001082
0.140205920877
0.148718737571
0.157239513414
0.165767311069
0.174301193887
0.182840226192
0.191383473559
0.199930003098
0.208478883736
0.217029186501
0.225579984801
0.234130354714
0.242679375266
0.251226128719
0.259769700852
0.268309181247
0.276843663569
0.285372245854
0.293894030786
0.302408125984
0.310913644282
0.319409704007
0.327895429263
0.336369950208
0.344832403332
0.353281931735
0.361717685401
0.370138821472
0.378544504522
0.38693390683
0.395306208645
0.403660598458
0.411996273264
0.420312438832
0.428608309959
0.436883110738
0.445136074809
0.453366445618
0.461573476668
0.469756431769
0.477914585288
0.48604722239
0.494153639281
0.502233143451
0.510285053904
0.518308701393
0.526303428651
0.534268590615
0.54220355465
0.550107700767
0.557980421842
0.565821123822
0.57362922594
0.581404160913
0.589145375146
0.596852328929
0.604524496626
0.612161366865
0.619762442722
0.627327241898
0.634855296897
0.642346155194
0.649799379403
0.657214547435
0.664591252657
0.671929104042
0.679227726317
0.686486760103
0.693705862053
0.700884704986
0.708022978005
0.715120386631
0.722176652907
0.729191515516
0.736164729884
0.743096068282
0.749985319915
0.756832291019
0.763636804937
0.770398702201
0.777117840602
0.783794095261
0.790427358682
0.797017540814
0.803564569095
0.810068388498
0.816528961571
0.822946268461
0.829320306947
0.835651092454
0.841938658073
0.848183054562
0.854384350352
0.86054263154
0.866658001881
0.872730582769
0.878760513218
0.884747949828
0.890693066757
0.896596055673
0.902457125712
0.908276503427
0.914054432721
0.919791174789
0.925487008046
0.931142228045
0.936757147399
0.942332095691
0.947867419376
0.953363481682
0.958820662501
0.964239358277
0.96961998189
0.974962962524
0.980268745541
0.985537792344
0.990770580235
0.995967602263
1.00112936707
1.00625639875
1.01134923665
1.01640843522
1.02143456384
1.02642820663
1.03138996226
1.03632044377
1.04122027836
1.04609010718
1.05093058516
1.05574238074
1.0605261757
1.06528266489
1.07001255606
1.07471656958
1.07939543821
1.08404990686
1.08868073237
1.0932886832
1.09787453922
1.10243909144
1.10698314174
1.11150750258
1.11601299677
1.12050045714
1.12497072631
1.12942465637
1.13386310859
1.13828695315
1.14269706881
1.14709434266
1.15147966974
1.15585395282
1.16021810202
1.16457303453
1.16891967429
1.17325895164
1.17759180307
1.18191917082
1.18624200257
1.19056125115
1.19487787416
1.19919283367
1.20350709585
1.20782163065
1.21213741148
1.21645541482
1.22077661991
1.22510200841
1.22943256401
1.23376927215
1.23811311959
1.24246509413
1.24682618422
1.25119737862
1.25557966604
1.25997403479
1.26438147243
1.26880296541
1.27323949874
1.27769205557
1.28216161692
1.28664916126
1.29115566421
1.29568209813
1.30022943181
1.30479863009
1.30939065355
1.31400645811
1.3186469947
1.32331320894
1.32800604073
1.33272642397
1.3374752862
1.34225354822
1.34706212378
1.35190191926
1.3567738333
1.36167875649
1.366617571
1.37159115031
1.37660035883
1.38164605163
1.38672907404
1.39185026142
1.39701043879
1.40221042052
1.40745101005
1.41273299956
1.41805716968
1.42342428918
1.42883511469
1.4342903904
1.43979084777
1.44533720526
1.45093016802
1.45657042768
1.462258662
1.46799553465
1.47378169495
1.47961777759
1.48550440241
1.4914421741
1.49743168203
1.50347349993
1.50956818573
1.51571628129
1.5219183122
1.52817478752
1.53448619964
1.54085302399
1.54727571893
1.55375472545
1.56029046709
1.56688334966
1.57353376111
1.58024207136
1.58700863212
1.59383377671
1.60071781994
1.60766105795
1.61466376804
1.62172620858
1.62884861881
1.6360312188
1.64327420926
1.65057777146
1.65794206711
1.66536723827
1.67285340726
1.68040067653
1.68800912865
1.69567882616
1.70340981156
1.71120210721
1.71905571527
1.72697061769
1.73494677611
1.74298413188
1.75108260597
1.75924209901
1.76746249118
1.77574364231
1.78408539177
1.79248755853
1.80094994114
1.80947231777
1.81805444619
1.82669606382
1.83539688774
1.84415661475
1.85297492139
1.86185146401
1.8707858788
1.87977778186
1.88882676927
1.89793241716
1.90709428177
1.91631189957
1.9255847873
1.93491244209
1.94429434157
1.95372994394
1.96321868812
1.97275999384
1.98235326174
1.99199787355
2.00169319217
2.01143856184
2.02123330824
2.03107673868
2.04096814221
2.0509067898
2.06089193448
2.07092281153
2.0809986386
2.09111861594
2.10128192651
2.11148773622
2.12173519407
2.13202343237
2.1423515669
2.15271869712
2.16312390637
2.17356626208
2.18404481593
2.19455860411
2.20510664753
2.21568795197
2.22630150838
2.23694629303
2.2476212678
2.25832538034
2.26905756433
2.27981673971
2.29060181291
2.30141167707
2.31224521229
2.32310128587
2.33397875254
2.34487645472
2.35579322272
2.36672787505
2.37767921859
2.3886460489
2.39962715045
2.41062129684
2.4216272511
2.4326437659
2.44366958381
2.45470343758
2.46574405035
2.47679013594
2.48784039908
2.49889353567
2.50994823305
2.52100317023
2.53205701814
2.54310843993
2.55415609115
2.56519862008
2.57623466791
2.58726286906
2.59828185138
2.60929023641
2.62028663966
2.63126967082
2.64223793402
2.6531900281
2.66412454681
2.67504007911
2.68593520934
2.69680851755
2.70765857965
2.71848396772
2.72928325022
2.7400549922
2.75079775557
2.76151009932
2.77219057975
2.78283775067
2.79345016369
2.80402636837
2.81456491249
2.82506434226
2.83552320253
2.84594003701
2.85631338846
2.86664179895
2.87692381003
2.88715796295
2.89734279883
2.90747685893
2.9175586848
2.92758681846
2.93755980265
2.94747618098
2.95733449812
2.9671333
2.97687113401
2.98654654912
2.99615809613
3.00570432781
3.01518379907
3.02459506716
3.03393669178
3.04320723533
3.05240526299
3.06152934294
3.07057804648
3.07954994823
3.08844362622
3.09725766211
3.10599064128
3.11464115302
3.12320779065
3.13168915166
3.14008383786
3.14839045553
3.1566076155
3.16473393336
3.17276802954
3.18070852942
3.18855406353
3.1963032676
3.20395478272
3.21150725546
3.21895933796
3.22630968808
3.2335569695
3.24069985184
3.24773701077
3.25466712809
3.2614888919
3.26820099665
3.27480214327
3.28129103928
3.28766639887
3.29392694304
3.30007139965
3.30609850356
3.31200699673
3.31779562827
3.32346315459
3.32900833949
3.33442995421
3.33972677757
3.34489759606
3.34994120391
3.35485640321
3.35964200398
3.36429682428
3.36881969029
3.37320943641
3.37746490535
3.38158494823
3.38556842466
3.38941420284
3.39312115966
3.39668818076
3.40011416068
3.4033980029
3.40653861998
3.40953493361
3.41238587476
3.41509038372
3.41764741023
3.4200559136
3.42231486276
3.42442323638
3.42638002299
3.42818422108
3.42983483918
3.43133089599
3.43267142045
3.43385545193
3.43488204023
3.43575024579
3.43645913974
3.43700780404
3.4373953316
3.43762082639
3.43768340355
3.43758218952
3.4373163222
3.436884951
3.43628723704
3.43552235323
3.43458948444
3.4334878276
3.43221659186
3.4307749987
3.42916228211
3.42737768871
3.42542047787
3.42328992191
3.4209853062
3.41850592934
3.4158511033
3.41302015358
3.41001241935
3.40682725365
3.40346402351
3.39992211014
3.39620090907
3.39229983035
3.38821829871
3.38395575371
3.37951164995
3.3748854572
3.37007666065
3.36508476101
3.35990927475
3.35454973426
3.34900568804
3.3432767009
3.33736235413
3.33126224571
3.32497599048
3.31850322037
3.31184358456
3.30499674972
3.29796240016
3.29074023808
3.28332998373
3.27573137564
3.26794417082
3.25996814497
3.25180309267
3.24344882759
3.23490518274
3.22617201061
3.21724918345
3.20813659341
3.19883415282
3.18934179436
3.17965947127
3.16978715758
3.15972484832
3.14947255972
3.13903032943
3.12839821673
3.11757630272
3.10656469057
3.0953635057
3.083972896
3.07239303202
3.0606241072
3.04866633807
3.03651996444
3.02418524962
3.01166248059
2.99895196825
2.98605404757
2.97296907781
2.95969744269
2.94623955061
2.93259583483
2.91876675363
2.90475279053
2.89055445444
2.87617227985
2.861606827
2.84685868207
2.8319284573
2.8168167912
2.80152434869
2.78605182124
2.77039992705
2.75456941119
2.73856104572
2.72237562986
2.70601399009
2.68947698031
2.67276548194
2.65588040405
2.63882268347
2.62159328491
2.60419320102
2.58662345253
2.56888508835
2.55097918558
2.53290684969
2.5146692145
2.4962674423
2.47770272391
2.45897627868
2.44008935461
2.42104322832
2.40183920512
2.38247861902
2.36296283278
2.34329323784
2.32347125442
2.30349833142
2.2833759465
2.26310560596
2.2426888448
2.22212722662
2.2014223436
2.18057581643
2.15958929427
2.13846445466
2.11720300344
2.09580667467
2.07427723053
2.05261646119
2.03082618474
2.00890824702
1.98686452151
1.96469690918
1.94240733835
1.9199977645
1.89747017012
1.87482656454
1.8520689837
1.82919948999
1.80622017202
1.78313314441
1.75994054756
1.7366445474
1.71324733517
1.68975112713
1.66615816431
1.64247071224
1.61869106064
1.59482152314
1.570864437
1.54682216273
1.52269708382
1.49849160639
1.47420815882
1.44984919144
1.42541717614
1.40091460599
1.37634399487
1.35170787709
1.32700880696
1.3022493584
1.2774321245
1.25255971711
1.22763476641
1.20265992042
1.17763784459
1.15257122131
1.12746274944
1.10231514382
1.07713113481
1.05191346773
1.02666490242
1.00138821267
0.976086185739
0.950761621772
0.925417333304
0.900056144689
0.874680891549
0.849294420211
0.823899587133
0.79849925833
0.773096308785
0.74769362186
0.722294088694
0.696900607601
0.671516083455
0.646143427074
0.620785554596
0.595445386846
0.570125848706
0.544829868471
0.519560377201
0.494320308073
0.469112595722
0.443940175582
0.41880598322
0.393712953668
0.368664020745
0.343662116385
0.318710169951
0.293811107555
0.268967851366
0.244183318925
0.219460422446
0.194802068123
0.170211155434
0.145690576437
0.121243215073
0.0968719464585
0.0725796361844
0.0483691396089
0.0242433011525
0.000204953590479
-0.0237430826534
-0.0475980002138
-0.0713570054907
-0.0950173193551
-0.118576177855
-0.142030832917
-0.165378553055
-0.188616624066
-0.21174234973
-0.234753052514
-0.257646074257
-0.280418776873
-0.303068543033
-0.325592776855
-0.347988904586
-0.370254375283
-0.392386661489
-0.4143832599
-0.436241692038
-0.457959504909
-0.479534271664
-0.500963592245
-0.52224509404
-0.543376432516
-0.56435529186
-0.585179385601
-0.605846457241
-0.626354280862
-0.646700661737
-0.666883436934
-0.686900475905
-0.706749681076
-0.726428988421
-0.745936368033
-0.765269824686
-0.784427398386
-0.803407164915
-0.822207236365
-0.840825761662
-0.859260927083
-0.877510956759
-0.895574113171
-0.913448697637
-0.931133050782
-0.948625553005
-0.965924624931
-0.983028727853
-0.99993636416
-1.01664607776
-1.03315645448
-1.04946612247
-1.06557375258
-1.08147805872
-1.09717779827
-1.11267177234
-1.12795882617
-1.14303784943
-1.15790777653
-1.17256758691
-1.18701630531
-1.20125300206
-1.21527679331
-1.2290868413
-1.24268235454
-1.25606258807
-1.26922684362
-1.28217446983
-1.29490486237
-1.30741746414
-1.31971176539
-1.33178730384
-1.34364366481
-1.35528048128
-1.36669743403
-1.37789425163
-1.38887071056
-1.39962663521
-1.4101618979
-1.42047641891
-1.43057016644
-1.4404431566
-1.45009545339
-1.4595271686
-1.46873846178
-1.47772954014
-1.48650065845
-1.49505211891
-1.50338427106
-1.51149751157
-1.51939228415
-1.52706907932
-1.53452843424
-1.5417709325
-1.54879720391
-1.55560792424
-1.56220381499
-1.5685856431
-1.5747542207
-1.58071040481
-1.58645509698
-1.59198924305
-1.59731383273
-1.60242989931
-1.60733851924
-1.61204081181
-1.61653793868
-1.62083110353
-1.62492155163
-1.62881056937
-1.63249948386
-1.6359896624
-1.63928251209
-1.64237947928
-1.64528204907
-1.64799174485
-1.6505101277
-1.65283879591
-1.65497938441
-1.6569335642
-1.65870304179
-1.66028955862
-1.66169489043
-1.6629208467
-1.66396927
-1.66484203539
-1.66554104974
-1.66606825113
-1.66642560816
-1.66661511928
-1.66663881216
-1.66649874293
-1.66619699555
-1.66573568107
-1.66511693695
-1.6643429263
-1.66341583719
-1.66233788189
-1.66111129614
-1.65973833841
-1.65822128911
-1.65656244989
-1.65476414281
-1.65282870958
-1.65075851083
-1.64855592526
-1.64622334888
-1.64376319422
-1.64117788955
-1.63846987801
-1.63564161688
-1.63269557674
-1.62963424064
-1.62646010333
-1.62317567038
-1.61978345743
-1.6162859893
-1.61268579923
-1.60898542801
-1.60518742318
-1.60129433817
-1.59730873153
-1.59323316604
-1.58907020794
-1.58482242608
-1.58049239107
-1.57608267449
-1.57159584809
-1.56703448289
-1.56240114846
-1.55769841201
-1.55292883767
-1.54809498559
-1.54319941121
-1.53824466442
-1.53323328875
-1.52816782061
-1.52305078847
-1.5178847121
-1.51267210178
-1.50741545751
-1.50211726826
-1.49678001121
-1.49140615099
-1.48599813891
-1.48055841225
-1.4750893935
-1.46959348965
-1.46407309144
-1.4585305727
-1.45296828957
-1.44738857989
-1.44179376243
-1.43618613627
-1.43056798012
-1.42494155163
-1.41930908676
-1.41367279916
-1.4080348795
-1.40239749488
-1.3967627882
-1.39113287759
-1.38550985577
-1.37989578953
-1.37429271915
-1.3687026578
-1.36312759107
-1.3575694764
-1.35203024254
-1.3465117891
-1.34101598601
-1.33554467307
-1.33009965946
-1.32468272329
-1.31929561116
-1.31394003776
-1.30861768539
-1.30333020362
-1.29807920885
-1.292866284
-1.28769297808
-1.28256080588
-1.27747124764
-1.27242574871
-1.26742571926
-1.26247253399
-1.25756753185
-1.25271201578
-1.24790725245
-1.24315447204
-1.23845486803
-1.23380959699
-1.22921977837
-1.22468649435
-1.22021078968
-1.21579367152
-1.21143610934
-1.20713903475
-1.20290334147
-1.19872988518
-1.19461948349
-1.19057291588
-1.18659092362
-1.18267420982
-1.17882343932
-1.17503923878
-1.17132219665
-1.1676728632
-1.1640917506
-1.16057933295
-1.15713604636
-1.15376228905
-1.15045842143
-1.14722476627
-1.14406160875
-1.14096919668
-1.13794774062
-1.13499741407
-1.13211835364
-1.12931065926
-1.12657439439
-1.12390958624
-1.12131622604
-1.11879426925
-1.11634363585
-1.1139642106
-1.11165584336
-1.10941834937
-1.10725150956
-1.10515507088
-1.10312874666
-1.10117221694
-1.09928512882
-1.09746709687
-1.09571770347
-1.09403649923
-1.0924230034
-1.09087670426
-1.08939705959
-1.08798349704
-1.08663541465
-1.08535218125
-1.08413313695
-1.0829775936
-1.08188483529
-1.08085411882
-1.07988467424
-1.0789757053
-1.07812639002
-1.07733588118
-1.07660330687
-1.07592777102
-1.07530835394
-1.07474411289
-1.07423408263
-1.07377727599
-1.07337268443
-1.07301927863
-1.07271600905
-1.07246180657
-1.07225558302
-1.07209623182
-1.07198262855
-1.07191363161
-1.07188808275
-1.07190480777
-1.07196261707
-1.0720603063
-1.07219665699
-1.07237043716
-1.07258040194
-1.07282529423
-1.07310384531
-1.07341477548
-1.07375679468
-1.07412860314
-1.07452889204
-1.07495634408
-1.07540963418
-1.07588743008
-1.07638839302
-1.07691117829
-1.07745443597
-1.07801681148
-1.07859694626
-1.07919347836
-1.07980504312
-1.08043027375
-1.08106780197
-1.08171625864
-1.08237427434
-1.08304048006
-1.08371350772
-1.08439199084
-1.08507456511
-1.08575986903
-1.08644654445
-1.08713323719
-1.08781859762
-1.08850128126
-1.0891799493
-1.08985326924
-1.0905199154
-1.09117856949
-1.09182792117
-1.09246666858
-1.09309351891
-1.09370718887
-1.09430640528
-1.09488990556
-1.0954564382
-1.09600476335
-1.09653365321
-1.09704189261
-1.09752827941
-1.09799162503
-1.09843075487
-1.09884450878
-1.09923174151
-1.09959132313
-1.09992213944
-1.10022309245
-1.1004931007
-1.10073109972
-1.1009360424
-1.10110689937
-1.10124265935
-1.10134232952
-1.1014049359
-1.10142952363
-1.10141515733
-1.10136092142
-1.10126592041
-1.10112927922
-1.10095014344
-1.10072767962
-1.10046107553
-1.1001495404
-1.0997923052
-1.09938862282
-1.09893776834
-1.0984390392
-1.09789175541
-1.09729525976
-1.09664891797
-1.09595211885
-1.09520427447
-1.09440482031
-1.09355321536
-1.09264894228
-1.09169150747
-1.09068044118
-1.08961529763
-1.08849565502
-1.08732111566
-1.08609130597
-1.08480587657
-1.08346450227
-1.08206688211
-1.08061273936
-1.07910182153
-1.07753390035
-1.07590877175
-1.07422625581
-1.07248619674
-1.07068846281
-1.06883294629
-1.06691956335
-1.06494825401
-1.06291898205
-1.06083173482
-1.05868652325
-1.0564833816
-1.05422236743
-1.05190356135
-1.04952706697
-1.04709301064
-1.04460154135
-1.0420528305
-1.03944707172
-1.03678448066
-1.03406529483
-1.0312897733
-1.02845819652
-1.02557086611
-1.02262810453
-1.01963025494
-1.01657768083
-1.01347076586
-1.01030991348
-1.00709554672
-1.00382810789
-1.00050805826
-0.997135877767
-0.993712064719
-0.990237135462
-0.986711624065
-0.98313608199
-0.97951107776
-0.975837196616
-0.972115040173
-0.968345226068
-0.964528387609
-0.960665173406
-0.956756247013
-0.952802286555
-0.948803984353
-0.944762046548
-0.940677192716
-0.936550155484
-0.93238168014
-0.928172524243
-0.923923457221
-0.91963525998
-0.915308724496
-0.910944653417
-0.906543859654
-0.902107165973
-0.897635404587
-0.893129416743
-0.888590052312
-0.88401816937
-0.879414633791
-0.874780318823
-0.870116104677
-0.86542287811
-0.860701532008
-0.855952964967
-0.85117808088
-0.84637778852
-0.841553001126
-0.836704635983
-0.831833614019
-0.826940859382
-0.822027299039
-0.817093862359
-0.812141480712
-0.807171087063
-0.802183615565
-0.797180001164
-0.7921611792
-0.787128085009
-0.782081653535
-0.777022818939
-0.771952514214
-0.766871670805
-0.761781218225
-0.756682083689
-0.751575191737
-0.746461463868
-0.741341818184
-0.736217169026
-0.731088426623
-0.725956496746
-0.720822280365
-0.715686673306
-0.710550565925
-0.705414842778
-0.700280382296
-0.695148056475
-0.690018730559
-0.684893262741
-0.679772503862
-0.674657297118
-0.669548477775
-0.664446872888
-0.659353301032
-0.654268572029
-0.649193486691
-0.644128836568
-0.639075403699
-0.634033960375
-0.629005268905
-0.623990081391
-0.618989139511
-0.614003174304
-0.609032905974
-0.604079043687
-0.599142285384
-0.594223317603
-0.589322815302
-0.584441441694
-0.579579848089
-0.574738673743
-0.569918545715
-0.565120078733
-0.560343875065
-0.5555905244
-0.550860603738
-0.546154677283
-0.541473296347
-0.536816999268
-0.532186311321
-0.527581744651
-0.523003798206
-0.518452957682
-0.513929695475
