-0.672441595579
-0.654412029039
-0.654340337013
-0.654221081349
-0.654054607936
-0.653841399666
-0.653582075081
-0.653277386644
-0.652928218641
-0.652535584706
-0.652100624998
-0.65162460302
-0.651108902098
-0.650555021534
-0.649964572433
-0.64933927323
-0.648680944924
-0.647991506029
-0.647272967269
-0.646527426019
-0.645757060516
-0.644964123866
-0.644150937838
-0.643319886495
-0.642473409661
-0.641613996241
-0.64074417743
-0.639866519815
-0.638983618395
-0.638098089536
-0.637212563891
-0.636329679289
-0.635452073623
-0.634582377758
-0.633723208465
-0.632877161417
-0.632046804258
-0.631234669752
-0.630443249056
-0.629674985108
-0.628932266159
-0.628217419467
-0.627532705163
-0.626880310305
-0.626262343138
-0.625680827569
-0.625137697868
-0.624634793617
-0.624173854906
-0.623756517791
-0.623384310028
-0.623058647083
-0.622780828433
-0.622552034158
-0.622373321839
-0.62224562376
-0.622169744413
-0.622146358331
-0.622176008218
-0.622259103416
-0.622395918674
-0.633386976668
-0.63316636896
-0.632958164636
-0.63276315208
-0.63258208084
-0.63241565785
-0.632264543737
-0.63212934921
-0.632010631561
-0.631908891293
-0.631824568887
-0.631758041725
-0.631709621193
-0.631679549967
-0.631667999497
-0.631675067709
-0.63170077693
-0.631745072052
-0.631807818932
-0.631888803056
-0.631987728456
-0.632104216894
-0.632237807316
-0.632387955582
-0.632554034467
-0.632735333942
-0.632931061724
-0.633140344104
-0.633362227042
-0.633595677527
-0.633839585198
-0.634092764211
-0.63435395536
-0.634621828419
-0.634894984727
-0.635171959967
-0.63545122716
-0.635731199845
-0.636010235433
-0.636286638722
-0.63655866556
-0.636824526643
-0.637082391421
-0.637330392117
-0.637566627818
-0.637789168643
-0.637996059961
-0.638185326646
-0.638354977354
-0.6385030088
-0.638627410031
-0.638726166674
-0.638797265134
-0.638838696752
-0.638848461888
-0.638824573921
-0.638765063166
-0.638667980677
-0.638531401942
-0.63835343045
-0.636565492579
-0.635733122469
-0.63485769267
-0.633939604503
-0.63297926932
-0.631977103954
-0.630933526152
-0.629848950031
-0.628723781553
-0.627558414049
-0.626353223821
-0.625108565823
-0.623824769458
-0.622502134503
-0.621140927175
-0.619741376377
-0.618303670112
-0.616827952116
-0.615314318698
-0.613762815819
-0.61217343643
-0.610546118061
-0.608880740701
-0.607177124964
-0.605435030559
-0.603654155072
-0.601834133073
-0.599974535547
-0.598074869664
-0.59613457889
-0.59415304344
-0.592129581081
-0.590063448272
-0.587953841659
-0.585799899907
-0.583600705874
-0.581355289112
-0.579062628698
-0.576721656377
-0.574331260017
-0.571890287349
-0.569397549998
-0.566851827768
-0.564251873185
-0.561596416269
-0.558884169518
-0.556113833085
-0.55328410013
-0.550393662318
-0.547441215443
-0.544425465161
-0.541345132793
-0.538198961184
-0.534985720594
-0.53170421458
-0.528353285857
-0.524931822112
-0.521438761727
-0.517873099407
-0.51423389167
-0.493663887985
-0.489445068343
-0.485170933337
-0.4808426344
-0.476461333668
-0.472028201171
-0.467544412026
-0.463011143629
-0.458429572852
-0.453800873272
-0.449126212422
-0.444406749079
-0.439643630606
-0.434837990344
-0.429990945073
-0.425103592539
-0.420177009071
-0.415212247276
-0.410210333833
-0.405172267391
-0.400099016574
-0.394991518096
-0.389850675001
-0.384677355028
-0.379472389099
-0.37423656995
-0.368970650893
-0.36367534472
-0.358351322756
-0.352999214046
-0.347619604706
-0.342213037409
-0.336780011028
-0.33132098043
-0.325836356418
-0.32032650582
-0.314791751739
-0.309232373933
-0.303648609356
-0.298040652836
-0.292408657891
-0.286752737688
-0.281072966134
-0.275369379098
-0.269641975755
-0.263890720057
-0.258115542315
-0.252316340897
-0.246492984027
-0.240645311683
-0.234773137594
-0.228876251313
-0.222954420382
-0.217007392555
-0.211034898101
-0.205036652151
-0.199012357107
-0.19296170508
-0.186884380376
-0.180780061996
-0.178347670454
-0.171913091558
-0.16543928341
-0.15892737795
-0.152378529473
-0.14579391214
-0.139174717451
-0.132522151689
-0.125837433355
-0.119121790579
-0.112376458545
-0.105602676914
-0.0988016872728
-0.0919747305976
-0.085123044761
-0.0782478620752
-0.071350406887
-0.0644318932288
-0.0574935225357
-0.0505364814329
-0.0435619396029
-0.0365710477359
-0.0295649355723
-0.022544710041
-0.015511453499
-0.00846622207798
-0.00141004414079
0.0056560811469
0.0127311851274
0.0198143308406
0.0269046140904
0.0340011643853
0.0411031457526
0.0482097574235
0.0553202343907
0.0624338478362
0.0695499054308
0.0766677515063
0.0837867671006
0.0909063698784
0.0980260139286
0.105145189442
0.112263422272
0.11938027338
0.12649533817
0.133608245724
0.140718657921
0.147826268474
0.154930801869
0.162032012213
0.169129682006
0.176223620838
0.183313664014
0.190399671119
0.197481524522
0.204559127837
0.211632404336
0.218701295327
0.225765758505
0.232825766282
0.236343203974
0.24283618502
0.249326706421
0.255816691569
0.262308061011
0.268802723446
0.275302566813
0.281809449519
0.288325191842
0.294851567541
0.301390295711
0.307943032922
0.314511365674
0.321096803195
0.327700770616
0.33432460256
0.340969537154
0.347636710502
0.354327151647
0.361041778018
0.367781391417
0.374546674524
0.381338187966
0.388156367937
0.395001524395
0.401873839831
0.408773368622
0.415700036963
0.422653643376
0.429633859804
0.436640233269
0.443672188091
0.450729028658
0.457809942741
0.464914005314
0.472040182897
0.479187338367
0.486354236235
0.493539548372
0.50074186013
0.507959676857
0.515191430774
0.522435488167
0.529690156882
0.536953694078
0.544224314212
0.551500197214
0.558779496829
0.56606034907
0.573340880774
0.580619218193
0.587893495613
0.595161863942
0.602422499247
0.609673611186
0.616913451327
0.624140321285
0.631352580672
0.638548654813
0.645727042191
0.654777668616
0.662786435436
0.670762053702
0.678701149476
0.686600490158
0.694456992392
0.702267729438
0.710029937966
0.717741024293
0.725398570048
0.733000337276
0.740544272969
0.748028513044
0.755451385754
0.76281141456
0.77010732045
0.777338023732
0.784502645299
0.791600507377
0.798631133777
0.805594249653
0.812489780776
0.819317852353
0.826078787379
0.832773104566
0.839401515824
0.845964923352
0.852464416307
0.858901267103
0.865276927325
0.871593023289
0.87785135125
0.884053872278
0.890202706809
0.896300128887
0.902348560109
0.908350563279
0.914308835797
0.920226202775
0.92610560991
0.931950116116
0.937762885929
0.943547181695
0.949306355554
0.955043841241
0.96076314569
0.96646784049
0.972161553175
0.977847958373
0.98353076883
0.989213726322
0.994900592455
1.00059513939
1.00630114051
1.01202236096
1.01776254828
1.02352542289
1.0293146686
1.03513392318
1.04098676894
1.04708026149
1.05275323833
1.05845402481
1.06418914901
1.06996517375
1.07578866214
1.08166614232
1.0876040715
1.09360879957
1.09968653253
1.10584329584
1.11208489804
1.11841689479
1.12484455358
1.13137281929
1.13800628097
1.14474913978
1.15160517865
1.15857773355
1.16566966672
1.17288334211
1.18022060302
1.18768275221
1.19527053469
1.20298412318
1.21082310643
1.21878648056
1.22687264333
1.23507939162
1.243403922
1.25184283445
1.26039213935
1.26904726749
1.27780308339
1.2866539015
1.29559350558
1.30461517088
1.31371168917
1.32287539642
1.33209820304
1.34137162647
1.35068682593
1.36003463929
1.36940562158
1.37879008519
1.38817814147
1.39755974333
1.40692472888
1.4162628656
1.42556389503
1.43481757753
1.44401373695
1.45314230503
1.46219336516
1.47115719529
1.48002430987
1.48878550039
1.49743187452
1.50595489352
1.51434640766
1.50770379977
1.51455675613
1.52132782278
1.52801457355
1.53461472041
1.5411261226
1.5475467953
1.55387491782
1.56010884134
1.5662470961
1.57228839797
1.57823165448
1.58407597019
1.58982065142
1.59546521024
1.60100936785
1.60645305712
1.61179642448
1.61703983101
1.62218385277
1.62722928036
1.6321771177
1.63702858006
1.64178509125
1.64644828011
1.6510199762
1.65550220473
1.65989718081
1.66420730292
1.66843514572
1.67258345219
1.67665512508
1.68065321783
1.68458092481
1.68844157106
1.69223860154
1.69597556984
1.69965612653
1.70328400705
1.7068630193
1.71039703094
1.71388995641
1.71734574374
1.72076836128
1.7241617842
1.72752998111
1.73087690056
1.73420645759
1.73752252054
1.74082889783
1.7441293251
1.74742745254
1.75072683257
1.75403090793
1.75734300007
1.76066629817
1.76400384851
1.76735854456
1.7707331175
1.77413012754
1.77711406555
1.77991200729
1.78273593845
1.78558909415
1.78847446374
1.79139478232
1.79435252343
1.79734989302
1.80038882467
1.80347097607
1.80659772681
1.80977017748
1.81298915004
1.81625518957
1.81956856722
1.82292928451
1.82633707886
1.82979143032
1.83329156955
1.83683648691
1.84042494268
1.84405547832
1.8477264287
1.85143593539
1.85518196064
1.85896230231
1.86277460949
1.86661639868
1.87048507069
1.87437792791
1.878292192
1.88222502193
1.88617353218
1.89013481112
1.89410593941
1.89808400832
1.90206613794
1.90604949512
1.91003131117
1.91400889899
1.91797966988
1.92194114968
1.92589099422
1.92982700417
1.93374713894
1.93764952985
1.94153249225
1.94539453677
1.94923437944
1.95305095082
1.95684340392
1.96061112109
1.96435371959
1.96807105613
1.97176323002
1.9754305853
1.97907371151
1.98269344332
1.98629085895
1.98986727746
1.99366123608
1.99662366242
1.99956271431
2.00248237959
2.00538684798
2.00828049112
2.011167842
2.01405357399
2.01694247959
2.01983944905
2.02274944901
2.02567750138
2.02862866251
2.03160800294
2.03462058773
2.03767145757
2.04076561086
2.04390798677
2.04710344944
2.05035677351
2.05367263086
2.05705557888
2.06051005016
2.06404034375
2.06765061794
2.07134488471
2.07512700576
2.07900069013
2.08296949346
2.08703681875
2.09120591872
2.09547989954
2.09986172604
2.10435422813
2.10896010854
2.1136819516
2.11852223302
2.12348333055
2.12856753541
2.13377706424
2.13911407159
2.14458066268
2.15017890628
2.15591084767
2.16177852134
2.16778396352
2.1739292241
2.18021637803
2.18664753599
2.19322485406
2.19995054251
2.2068268733
2.21385618648
2.22104089506
2.22838348856
2.23588653501
2.24355268125
2.25138465175
2.25938524555
2.26755733167
2.31772656833
2.32722764582
2.33686437464
2.34663335475
2.35653101979
2.36655365664
2.37669742703
2.38695839127
2.39733253397
2.40781579162
2.41840408203
2.4290933353
2.4398795263
2.45075870828
2.46172704756
2.47278085879
2.48391664072
2.49513111202
2.50642124681
2.51778430968
2.52921788962
2.54071993269
2.55228877291
2.56392316105
2.57562229083
2.58738582237
2.59921390221
2.61110717984
2.62306682019
2.6350945119
2.64719247098
2.65936343968
2.67161068034
2.68393796401
2.69634955369
2.7088501822
2.72144502448
2.73413966447
2.74694005653
2.7598524816
2.77288349818
2.78603988843
2.79932859958
2.81275668109
2.82633121786
2.84005925995
2.85394774924
2.86800344372
2.88223283971
2.89664209286
2.91123693842
2.92602261149
2.94100376792
2.95618440654
2.9715677935
2.98715638929
3.00295177936
3.01895460877
3.03516452181
3.05158010708
3.06625731611
3.08425727012
3.10245936196
3.12085962626
3.13945240381
3.15823025694
3.17718390664
3.19630219313
3.21557206137
3.23497857258
3.2545049425
3.27413260648
3.29384131144
3.3136092338
3.33341312253
3.35322846561
3.37302967818
3.39279030984
3.41248326859
3.43208105849
3.45155602757
3.47088062279
3.49002764834
3.50897052359
3.52768353693
3.54614209194
3.56432294214
3.58220441092
3.5997665935
3.6169915378
3.63386340175
3.65036858467
3.66649583078
3.68223630362
3.6975836301
3.71253391396
3.72708571841
3.74124001849
3.75500012404
3.76837157464
3.78136200831
3.79398100615
3.8062399154
3.81815165381
3.82973049824
3.8409918609
3.85195205655
3.86262806408
3.87303728596
3.88319730902
3.89312566983
3.90283962784
3.9123559492
3.92169070396
3.93085907896
3.9398752086
3.94875202488
3.9575011283
3.96613268031
3.97465531784
3.90658804384
3.91150995989
3.91604951523
3.92024074845
3.92411892436
3.92772008469
3.93108058941
3.93423665448
3.93722389148
3.94007685449
3.94282859965
3.94551026231
3.94815065674
3.95077590267
3.95340908279
3.95606993481
3.95877458122
3.96153529932
3.96436033369
3.96725375258
3.97021534925
3.97324058872
3.97632059977
3.9794422117
3.98258803453
3.98573658126
3.98886243001
3.99193642361
3.99492590397
3.99779497794
4.00050481154
4.00301394871
4.00527865113
4.00725325507
4.00889054159
4.01014211597
4.01095879278
4.01129098265
4.01108907725
4.01030382894
4.0088867219
4.00679033173
4.00396867068
4.00037751604
3.99597471955
3.99072049579
3.98457768799
3.9775120099
3.96949226272
3.96049052618
3.95048232354
3.93944675986
3.92736663401
3.91422852412
3.90002284721
3.88474389343
3.8683898355
3.8509627144
3.83246840196
3.81291654155
3.71166428726
3.69983834292
3.68659854833
3.67178439883
3.6552564454
3.63689954065
3.61662560488
3.59437585411
3.57012244344
3.54386949058
3.51565345692
3.48554287683
3.45363743865
3.42006643428
3.38498660671
3.3485794374
3.3110479262
3.27261292718
3.23350911238
3.19398064307
3.15427663399
3.11464650006
3.07533527754
3.03657901185
2.99860030319
2.96160409751
2.92577380589
2.89126782815
2.85821654907
2.82671986554
2.79684529272
2.76862668556
2.7420635997
2.7171213034
2.69373143877
2.6717933182
2.65117582916
2.63171990861
2.61324153727
2.59553519389
2.57837770083
2.56153238486
2.54475347112
2.52779062423
2.51039354775
2.49231655274
2.47332300731
2.45318958156
2.43171020739
2.40869967836
2.38399682264
2.35746719082
2.32900521055
2.29853577068
2.26601520939
2.23143169252
2.194804981
2.15618559791
2.11565341795
2.07331571344
1.9628424545
1.92783770659
1.89161270315
1.85414416758
1.81542093768
1.77544422572
1.73422773233
1.69179761217
1.64819229155
1.60346213968
1.55766899766
1.51088557059
1.46319469052
1.41468845916
1.36546728127
1.31563880064
1.26531675225
1.21461974483
1.1636699894
1.11259198959
1.06151121023
1.01055274097
0.959839971429
0.909493294442
0.859628853294
0.810357348274
0.761782916969
0.71400210165
0.667102915859
0.621164020907
0.576254021429
0.532430887529
0.489741509258
0.448221387384
0.407894462566
0.368773083184
0.330858110227
0.294139155861
0.258594950555
0.224193832023
0.190894347693
0.158645961071
0.1273898511
0.0970597925869
0.0675831048882
0.0388816553665
0.0108729036742
-0.0165290273609
-0.0434122685199
-0.069866122771
-0.095979999418
-0.121842377049
-0.1475398078
-0.173155974547
-0.19877081162
-0.224459698441
-0.250292734218
-0.276334100468
-0.302641516668
-0.329265792903
-0.257697442532
-0.291124372007
-0.324910817372
-0.359051035239
-0.393533014103
-0.428338500163
-0.463443098867
-0.498816449778
-0.534422471424
-0.570219671942
-0.60616152062
-0.642196874791
-0.678270456006
-0.714323369042
-0.750293656976
-0.786116885377
-0.821726748597
-0.857055691147
-0.892035537246
-0.926598121815
-0.960675916434
-0.994202644104
-1.02711387697
-1.05934761164
-1.09084481699
-1.12154995004
-1.1514114357
-1.18038210667
-1.20841960047
-1.23548671061
-1.26155168975
-1.28658850283
-1.31057702865
-1.33350320889
-1.35535914361
-1.37614313311
-1.39585966587
-1.41451935304
-1.4321388101
-1.44874048665
-1.46435244567
-1.47900809405
-1.49274586623
-1.50560886344
-1.51764445131
-1.52890381882
-1.53944150213
-1.54931487713
-1.5585836247
-1.56730917339
-1.57555412413
-1.58338166229
-1.59085496221
-1.59803659012
-1.60498791095
-1.61176850521
-1.61843560176
-1.62504353268
-1.63164321608
-1.63828167278
-1.65176649552
-1.65985070054
-1.66772233285
-1.67533164421
-1.68263278783
-1.68958613254
-1.69616035835
-1.70233426533
-1.7080982357
-1.71345529901
-1.71842176162
-1.72302737433
-1.72731502544
-1.73133996074
-1.73516854577
-1.73887659988
-1.74254734465
-1.74626902144
-1.75013224374
-1.75422715895
-1.75864050147
-1.76345262366
-1.76873459386
-1.77454545051
-1.78092969905
-1.7879151328
-1.79551105197
-1.80370694486
-1.81247168372
-1.82175327411
-1.83147918209
-1.84155724728
-1.85187717387
-1.86231257506
-1.87272353037
-1.88295959991
-1.89286322597
-1.9022734397
-1.91102978078
-1.91897632979
-1.92596574814
-1.93186321777
-1.93655017371
-1.93992772593
-1.94191967344
-1.94247502302
-1.94156993648
-1.93920904474
-1.9354260828
-1.93028381704
-1.92387325504
-1.91631214668
-1.9077428045
-1.89832928942
-1.8882540254
-1.87771392223
-1.86691609938
-1.85607331524
-1.84539921438
-1.83510351148
-1.84201749066
-1.83832327729
-1.83463509276
-1.83098440263
-1.82740115115
-1.82391344884
-1.82054729146
-1.81732631293
-1.81427157418
-1.81140138878
-1.80873118589
-1.80627340979
-1.80403745508
-1.80202963573
-1.80025318618
-1.7987082918
-1.79739214642
-1.79629903412
-1.79542043266
-1.79474513627
-1.79425939513
-1.79394706986
-1.79378979902
-1.79376717835
-1.7938569505
-1.79403520453
-1.79427658451
-1.79455450685
-1.79484138621
-1.79510886958
-1.79532807841
-1.79546985848
-1.79550503683
-1.795404685
-1.79514038752
-1.79468451408
-1.79401049349
-1.79309308728
-1.7919086601
-1.79043544404
-1.78865379351
-1.7865464271
-1.78409865265
-1.78129857191
-1.7781372608
-1.77460892193
-1.77071100578
-1.76644429778
-1.76181296854
-1.75682458546
-1.75149008414
-1.74582369896
-1.73984285297
-1.73356800746
-1.72702247309
-1.72023218434
-1.71322544024
-1.70603261477
-1.69868584066
-1.69121867107
-1.69561809351
-1.68948532927
-1.68319319122
-1.67675990352
-1.67020490178
-1.66354861543
-1.65681223441
-1.65001746276
-1.64318626202
-1.63634058736
-1.62950212036
-1.62269200167
-1.61593056767
-1.60923709514
-1.60262955771
-1.5961243983
-1.58973632128
-1.58347810793
-1.57736045859
-1.57139186457
-1.56557851209
-1.55992422057
-1.55443041649
-1.54909614391
-1.5439181116
-1.5388907766
-1.53400646296
-1.52925551391
-1.52462647514
-1.5201063062
-1.51568061643
-1.51133392162
-1.50704991683
-1.50281176078
-1.49860236697
-1.49440469629
-1.49020204634
-1.48597833228
-1.48171835447
-1.47740804847
-1.47303471306
-1.4685872127
-1.46405615118
-1.45943401373
-1.4547152756
-1.44989647575
-1.44497625482
-1.43995535736
-1.43483659887
-1.42962479894
-1.42432668212
-1.41895074902
-1.41350712042
-1.4080073576
-1.40246426252
-1.39689166178
-1.3913041782
-1.38571699445
-1.3801456127
-1.37460561438
-1.3675535334
-1.36038315659
-1.35336021187
-1.3465030181
-1.33982770337
-1.33334810662
-1.32707571587
-1.32101964295
-1.31518663427
-1.30958111613
-1.30420527297
-1.2990591561
-1.29414082023
-1.28944648442
-1.28497071404
-1.28070661966
-1.27664606891
-1.27277990688
-1.26909818087
-1.26559036499
-1.26224558042
-1.2590528072
-1.25600108359
-1.25307968955
-1.25027831089
-1.24758718152
-1.24499720122
-1.24250002721
-1.24008813824
-1.23775487029
-1.23549442393
-1.23330184356
-1.23117296958
-1.22910436503
-1.22709321863
-1.22513722688
-1.223234458
-1.22138320122
-1.21958180487
-1.21782850734
-1.21612126482
-1.21445758011
-1.21283433655
-1.21124764138
-1.20969268233
-1.20816360128
-1.20665338859
-1.205153801
-1.20365530603
-1.20214705495
-1.20061688609
-1.1990513597
-1.19743582467
-1.19575451741
-1.19399069177
-1.19212677908
-1.1901445761
-1.18802545858
-1.18575061724
-1.18330131269
-1.16128986979
-1.15614225419
-1.15087874695
-1.14553031031
-1.14012830626
-1.13470400944
-1.12928812391
-1.12391031082
-1.11859873357
-1.11337962692
-1.10827689603
-1.10331175104
-1.09850238233
-1.09386368084
-1.08940700739
-1.08514001406
-1.08106652008
-1.07718644379
-1.07349579155
-1.06998670361
-1.06664755602
-1.06346311719
-1.06041475659
-1.05748070251
-1.05463634516
-1.05185458059
-1.04910619046
-1.04636025228
-1.04358457391
-1.04074614642
-1.03781160857
-1.03474771638
-1.03152181106
-1.0281022788
-1.02445899569
-1.02056375181
-1.01639064838
-1.01191646258
-1.00712097505
-1.00198725559
-0.996501903355
-0.99065523829
-0.984441441629
-0.977858643616
-0.970908957686
-0.963598460992
-0.955937121953
-0.947938676241
-0.939620453392
-0.931003156856
-0.922110600979
-0.912969408991
-0.903608676559
-0.894059605945
-0.88435511616
-0.874529434786
-0.864617677338
-0.854655420179
-0.844678272975
-0.834721456664
-0.823108619552
-0.813816931677
-0.804466448502
-0.795073759746
-0.7856559531
-0.776230518833
-0.766815250754
-0.757428144294
-0.7480872926
-0.738810781381
-0.729616583449
-0.720522453771
-0.71154582586
-0.702703710408
-0.694012596898
-0.685488359045
-0.677146164786
-0.669000391512
-0.661064547227
-0.653351198167
-0.645871903463
-0.63863715726
-0.631656338692
-0.624937670046
-0.618488183286
-0.612313695154
-0.606418790871
-0.60080681644
-0.595479879505
-0.590438858552
-0.585683420272
-0.581212044787
-0.577022058346
-0.573109673135
-0.56947003369
-0.566097269443
-0.562984552853
-0.560124162515
-0.557507550708
-0.555125414691
-0.552967771177
-0.551024033318
-0.549283089559
-0.547733383783
-0.546362996047
-0.545159723373
-0.544111159968
-0.543204776315
-0.542427996624
-0.541768274098
-0.541213163564
-0.54075039102
-0.540367919658
-0.54005401204
-0.539797288028
-0.539586778218
-0.539411972597
-0.539262864169
-0.539129987413
-0.53900445137
-0.532523988738
-0.530694485569
-0.528927153044
-0.527223213884
-0.525584097566
-0.524011364061
-0.522506624867
-0.521071462536
-0.519707350001
-0.518415570947
-0.517197142488
-0.516052741381
-0.514982634916
-0.513986617626
-0.513063954798
-0.512213333731
-0.511432823552
-0.510719844259
-0.510071145584
-0.509482796045
-0.508950182506
-0.508468020327
-0.508030374074
-0.507630688627
-0.507261830308
-0.506916137572
-0.506585480621
-0.506261329179
-0.505934827557
-0.505596875988
-0.505238217185
-0.504849526891
-0.504421507228
-0.503944981538
-0.503410989376
-0.502810880374
-0.502136405585
-0.501379805076
-0.500533890467
-0.499592121249
-0.498548673788
-0.49739850196
-0.496137388583
-0.494761986805
-0.493269850877
-0.491659455783
-0.489930205408
-0.488082429094
-0.486117366542
-0.484037141266
-0.481844722892
-0.479543878812
-0.477139115843
-0.47463561266
-0.472039143962
-0.469355997416
-0.466592884534
-0.463756846768
-0.460855158127
-0.457895225733
-0.43772272729
-0.437155953851
-0.436571031997
-0.435963809747
-0.435330223258
-0.43466631136
-0.433968229736
-0.433232264685
-0.432454846427
-0.431632561891
-0.430762166907
-0.429840597797
-0.428864982251
-0.427832649516
-0.426741139821
-0.425588213001
-0.424371856327
-0.423090291449
-0.421741980478
-0.420325631167
-0.418840201157
-0.417284901329
-0.4156591982
-0.413962815397
-0.412195734198
-0.410358193111
-0.408450686554
-0.4064739626
-0.404429019827
-0.402317103319
-0.400139699772
-0.397898531803
-0.395595551432
-0.393232932785
-0.390813064081
-0.388338538896
-0.385812146791
-0.383236863306
-0.380615839371
-0.37795239019
-0.375249983617
-0.372512228097
-0.369742860224
-0.366945731932
-0.364124797428
-0.361284099831
-0.358427757636
-0.355559951021
-0.352684908048
-0.34980689083
-0.346930181696
-0.344059069393
-0.3411978354
-0.338350740348
-0.335522010656
-0.332715825371
-0.329936303296
-0.327187490441
-0.324473347808
-0.321797739579
