-0.672441595579
-0.641635395396
-0.641578984179
-0.641485144941
-0.641354146544
-0.641186364752
-0.640982281578
-0.640742484446
-0.640467665149
-0.640158618612
-0.639816241439
-0.639441530254
-0.639035579816
-0.6385995809
-0.63813481795
-0.637642666485
-0.637124590254
-0.636582138137
-0.63601694078
-0.635430706974
-0.634825219753
-0.634202332231
-0.633563963164
-0.632912092243
-0.632248755123
-0.631576038186
-0.630896073062
-0.630211030891
-0.629523116368
-0.628834561557
-0.628147619513
-0.627464557713
-0.626787651328
-0.62611917635
-0.625461402607
-0.62481658668
-0.624186964766
-0.623574745498
-0.622982102768
-0.622411168571
-0.621864025917
-0.621342701824
-0.620849160446
-0.620385296355
-0.619952928008
-0.619553791444
-0.619189534227
-0.618861709677
-0.618571771407
-0.618321068201
-0.618110839257
-0.617942209808
-0.617816187159
-0.617733657142
-0.617695381016
-0.617701992816
-0.617753997166
-0.617851767569
-0.617995545161
-0.618185437953
-0.618421420537
-0.621098709395
-0.6215002269
-0.621929852939
-0.622386877194
-0.622870521326
-0.623379942631
-0.623914237842
-0.624472447046
-0.625053557671
-0.625656508537
-0.62628019393
-0.626923467665
-0.627585147131
-0.628264017271
-0.628958834484
-0.629668330414
-0.630391215623
-0.631126183098
-0.631871911605
-0.632627068841
-0.633390314394
-0.634160302484
-0.634935684479
-0.635715111169
-0.636497234802
-0.637280710876
-0.638064199671
-0.638846367538
-0.639625887941
-0.640401442246
-0.641171720278
-0.641935420645
-0.642691250843
-0.643437927141
-0.64417417428
-0.644898724977
-0.645610319269
-0.64630770369
-0.646989630326
-0.647654855741
-0.648302139805
-0.648930244436
-0.64953793228
-0.650123965346
-0.65068710361
-0.651226103612
-0.651739717062
-0.652226689471
-0.652685758826
-0.653115654326
-0.653515095189
-0.653882789552
-0.654217433472
-0.654517710048
-0.654782288664
-0.655009824378
-0.655198957457
-0.655348313067
-0.655456501133
-0.655522116373
-0.62122128168
-0.621331969383
-0.621398672054
-0.621419855821
-0.621394021175
-0.621319704303
-0.621195478347
-0.621019954585
-0.620791783537
-0.620509655994
-0.620172303971
-0.619778501585
-0.619327065851
-0.618816857405
-0.618246781154
-0.617615786835
-0.616922869517
-0.61616707001
-0.615347475206
-0.614463218346
-0.613513479203
-0.612497484204
-0.611414506462
-0.610263865748
-0.609044928384
-0.607757107066
-0.606399860614
-0.604972693657
-0.603475156243
-0.601906843386
-0.600267394549
-0.598556493055
-0.596773865439
-0.594919280741
-0.592992549736
-0.590993524106
-0.588922095559
-0.586778194891
-0.584561790999
-0.582272889847
-0.579911533382
-0.577477798406
-0.574971795417
-0.5723936674
-0.569743588589
-0.567021763204
-0.56422842415
-0.5613638317
-0.558428272156
-0.555422056489
-0.552345518976
-0.54919901582
-0.545982923769
-0.542697638738
-0.539343574428
-0.535921160958
-0.532430843515
-0.528873081005
-0.525248344743
-0.521557117157
-0.466350603403
-0.462903745168
-0.45940980513
-0.455868777376
-0.452280667486
-0.448645492831
-0.444963282874
-0.441234079457
-0.437457937102
-0.433634923286
-0.429765118723
-0.42584861762
-0.421885527927
-0.417875971568
-0.413820084651
-0.409718017656
-0.405569935599
-0.401376018171
-0.397136459849
-0.39285146997
-0.388521272781
-0.38414610745
-0.379726228043
-0.375261903462
-0.37075341735
-0.366201067947
-0.361605167918
-0.356966044131
-0.352284037398
-0.347559502174
-0.342792806212
-0.337984330184
-0.333134467253
-0.328243622609
-0.323312212967
-0.318340666022
-0.313329419872
-0.308278922403
-0.30318963064
-0.298062010065
-0.292896533908
-0.28769368241
-0.282453942051
-0.27717780477
-0.271865767152
-0.266518329605
-0.261135995514
-0.25571927039
-0.250268661008
-0.244784674534
-0.239267817658
-0.233718595718
-0.228137511835
-0.222525066048
-0.216881754462
-0.211208068412
-0.205504493635
-0.19977150947
-0.194009588073
-0.188219193663
-0.110439195904
-0.104929147125
-0.0994141710749
-0.0938944233316
-0.0883700453214
-0.0828411641891
-0.0773078926881
-0.0717703290917
-0.0662285571257
-0.0606826459249
-0.0551326500142
-0.0495786093152
-0.0440205491806
-0.0384584804552
-0.0328923995661
-0.0273222886412
-0.0217481156571
-0.0161698346163
-0.010587385753
-0.00500069576816
0.00059032190668
0.00618576681859
0.0117857511747
0.0173903994975
0.0229998482559
0.0286142454711
0.034233750301
0.0398585326031
0.0454887724778
0.051124659794
0.0567663936981
0.0624141821089
0.0680682411999
0.07372879487
0.0793960742065
0.0850703169399
0.0907517668936
0.0964406734311
0.1021372909
0.107841878079
0.113554697621
0.119276015508
0.125006100504
0.130745223617
0.136493657571
0.142251676284
0.148019554358
0.153797566582
0.15958598745
0.165385090683
0.171195148779
0.177016432569
0.182849210797
0.188693749706
0.194550312655
0.200419159746
0.206300547467
0.212194728362
0.218101950717
0.224022458257
0.234113574244
0.239709231102
0.245314921805
0.250931285022
0.256558969327
0.262198634708
0.267850953992
0.27351661419
0.279196317728
0.284890783566
0.290600748188
0.296326966434
0.302070212193
0.307831278912
0.313610979938
0.319410148667
0.325229638499
0.331070322591
0.336933093399
0.342818862013
0.348728557269
0.354663124648
0.360623524946
0.366610732743
0.37262573463
0.378669527244
0.38474311508
0.390847508099
0.396983719142
0.403152761148
0.409355644197
0.415593372377
0.421866940492
0.42817733062
0.434525508545
0.440912420059
0.447338987162
0.453806104181
0.460314633803
0.466865403061
0.473459199289
0.480096766043
0.486778799037
0.493505942092
0.500278783125
0.507097850199
0.51396360765
0.520876452315
0.527836709876
0.534844631345
0.541900389708
0.549004076739
0.556155700019
0.563355180159
0.570602348264
0.577896943633
0.585238611738
0.592626902463
0.600061268655
0.60754106497
0.63026644982
0.636903526065
0.643575709697
0.650284619946
0.657031718904
0.663818302269
0.670645491208
0.677514225412
0.684425257369
0.691379147908
0.698376263042
0.705416772134
0.71250064738
0.719627664639
0.726797405576
0.734009261112
0.741262436149
0.74855595554
0.755888671245
0.763259270635
0.770666285857
0.778108104218
0.785582979479
0.793089044001
0.80062432163
0.808186741232
0.815774150786
0.823384331902
0.831015014693
0.838663892848
0.84632863883
0.854006919063
0.861696408993
0.869394807932
0.877099853553
0.884809335929
0.892521111035
0.900233113579
0.907943369095
0.915650005194
0.923351261899
0.931045500978
0.938731214216
0.946407030568
0.954071722133
0.961724208911
0.969363562318
0.976989007421
0.984599923893
0.992195845684
0.999776459399
1.00734160142
1.01489125379
1.02242553887
1.0299447129
1.03744915837
1.0449393754
1.05241597215
1.05987965432
1.06733121382
1.07523132097
1.08312082054
1.09099430034
1.09885048211
1.10668811097
1.11450595078
1.12230277958
1.13007738505
1.13782856023
1.14555509936
1.15325579407
1.1609294299
1.16857478312
1.1761906181
1.18377568506
1.19132871836
1.19884843534
1.20633353571
1.21378270153
1.22119459784
1.22856787383
1.23590116472
1.2431930942
1.25044227751
1.25764732512
1.264806847
1.27191945746
1.27898378047
1.28599845555
1.29296214409
1.29987353605
1.3067313571
1.31353437597
1.32028141219
1.32697134391
1.33360311593
1.34017574778
1.34668834183
1.3531400913
1.35953028822
1.36585833112
1.37212373253
1.3783261261
1.38446527341
1.39054107024
1.3965535524
1.40250290095
1.40838944685
1.41421367487
1.41997622681
1.42567790404
1.43131966905
1.4369026464
1.44242812263
1.44789754538
1.4533125216
1.45867481483
1.46398634162
1.46924916698
1.47446549898
1.47529830213
1.48053887958
1.48573396679
1.49088644227
1.49599924376
1.50107535594
1.50611779792
1.51112961082
1.51611384518
1.52107354852
1.52601175295
1.53093146293
1.53583564325
1.5407272073
1.5456090056
1.55048381468
1.55535432647
1.56022313798
1.56509274163
1.56996551601
1.57484371725
1.57972947098
1.58462476494
1.58953144219
1.59445119512
1.59938556002
1.60433591247
1.60930346346
1.61428925613
1.61929416345
1.62431888646
1.6293639534
1.63442971946
1.63951636738
1.64462390868
1.64975218562
1.65490087388
1.66006948585
1.66525737463
1.67046373856
1.67568762644
1.6809279432
1.68618345616
1.69145280176
1.69673449277
1.70202692583
1.70732838946
1.71263707234
1.71795107194
1.72326840334
1.72858700829
1.73390476446
1.73921949481
1.74452897702
1.74983095297
1.75512313831
1.76040323187
1.76566892509
1.77091791136
1.77614789514
1.77672557561
1.78219829026
1.78765213212
1.79308281333
1.79848605917
1.80385762561
1.80919331707
1.8144890042
1.81974064167
1.82494428586
1.83009611249
1.83519243391
1.8402297162
1.84520459586
1.85011389603
1.85495464229
1.85972407777
1.86441967766
1.86903916296
1.87358051344
1.87804197973
1.88242209448
1.8867196825
1.89093386987
1.89506409193
1.89911010013
1.90307196758
1.90695009351
1.91074520626
1.91445836511
1.91809096064
1.9216447138
1.92512167359
1.92852421329
1.93185502536
1.93511711497
1.93831379207
1.94144866218
1.94452561585
1.94754881673
1.9505226885
1.95345190049
1.95634135219
1.9591961566
1.9620216226
1.9648232363
1.96760664149
1.9703776193
1.9731420671
1.97590597677
1.97867541241
1.98145648762
1.98425534242
1.9870781199
1.98993094279
1.99281988992
1.99575097287
1.99873011269
2.001763117
2.00485565752
1.99857043189
2.0029317628
2.00737222768
2.01189454421
2.01650114427
2.02119415883
2.02597540466
2.030846373
2.03580822028
2.04086176087
2.04600746208
2.0512454414
2.05657546594
2.06199695428
2.06750898051
2.0731102807
2.0787992616
2.08457401157
2.09043231381
2.09637166166
2.10238927598
2.10848212455
2.11464694332
2.12088025936
2.12717841553
2.13353759657
2.13995385651
2.14642314731
2.15294134842
2.15950429722
2.16610782005
2.1727477637
2.17942002716
2.18612059341
2.19284556105
2.19959117564
2.20635386039
2.21313024626
2.21991720098
2.22671185708
2.23351163853
2.24031428595
2.24711788021
2.25392086415
2.2607220625
2.26752069956
2.27431641485
2.28110927636
2.28789979144
2.29468891521
2.30147805642
2.30826908076
2.31506431154
2.32186652766
2.32867895906
2.33550527946
2.34234959656
2.34921643966
2.3561107448
2.36303783754
2.37736960232
2.38213250596
2.38692066013
2.39174333756
2.39661003355
2.401530465
2.40651456857
2.41157249757
2.41671461765
2.42195150077
2.42729391754
2.43275282762
2.43833936799
2.44406483909
2.44994068863
2.45597849297
2.46218993602
2.46858678561
2.4751808674
2.48198403613
2.48900814447
2.49626500937
2.50376637613
2.51152388017
2.51954900673
2.52785304866
2.53644706249
2.5453418229
2.55454777602
2.56407499162
2.57393311461
2.58413131599
2.59467824377
2.605581974
2.61684996222
2.62848899591
2.64050514793
2.65290373159
2.66568925755
2.67886539286
2.69243492257
2.70639971419
2.72076068525
2.73551777432
2.75066991583
2.76621501875
2.78214994958
2.79847051976
2.81517147764
2.83224650532
2.84968822034
2.86748818235
2.88563690493
2.90412387246
2.9229375621
2.94206547083
2.96149414752
2.98120922985
3.00119548602
3.02143686097
3.07008789929
3.08753023608
3.10506891734
3.12270389179
3.14043523201
3.1582630803
3.17618759227
3.19420887836
3.21232694394
3.23054162849
3.2488525442
3.26725901473
3.28576001448
3.30435410889
3.32303939636
3.3418134522
3.36067327515
3.37961523691
3.39863503503
3.41772764981
3.43688730535
3.45610743522
3.47538065318
3.49469872898
3.51405256983
3.53343220743
3.55282679098
3.57222458617
3.59161298029
3.61097849352
3.63030679631
3.64958273293
3.66879035103
3.6879129371
3.70693305761
3.72583260569
3.74459285306
3.76319450692
3.78161777143
3.79984241348
3.81784783236
3.8356131328
3.8531172011
3.87033878371
3.88725656792
3.90384926405
3.92009568866
3.93597484829
3.95146602311
3.96654885009
3.98120340499
3.99541028282
4.00915067612
4.02240645064
4.03516021794
4.04739540437
4.05909631608
4.07024819964
4.08083729778
4.09085090006
3.99896294934
4.00163087235
4.00362131301
4.00496152176
4.00568044994
4.00580854773
4.00537755411
4.00442027997
4.00297038587
4.00106215575
3.99873026818
3.99600956634
3.99293482848
3.98954053996
3.98586066862
3.98192844462
3.9777761463
3.9734348932
3.96893444766
3.96430302621
3.95956712167
3.95475133735
3.94987823402
3.9449681908
3.94003928053
3.93510716054
3.93018497923
3.92528329902
3.92041003614
3.91557041726
3.91076695348
3.90599943134
3.90126492108
3.89655780177
3.89186980311
3.88719006347
3.88250520364
3.87779941577
3.87305456669
3.86825031491
3.86336424039
3.85837198616
3.8532474108
3.84796275059
3.84248879042
3.83679504202
3.83084992862
3.82462097444
3.81807499818
3.81117830881
3.80389690281
3.79619666124
3.78804354575
3.77940379201
3.77024409962
3.76053181722
3.75023512173
3.73932319084
3.72776636752
3.71553631591
3.67013148335
3.65249066172
3.63422307608
3.61532959973
3.59581201003
3.57567294906
3.55491587985
3.53354503895
3.51156538589
3.48898255009
3.46580277598
3.44203286685
3.41768012817
3.39275231097
3.36725755584
3.34120433833
3.31460141602
3.28745777816
3.25978259805
3.23158518882
3.20287496301
3.17366139619
3.14395399505
3.11376227019
3.08309571379
3.05196378226
3.02037588407
2.98834137261
2.95586954421
2.9229696411
2.88965085919
2.85592236048
2.82179328979
2.7872727956
2.75237005446
2.71709429875
2.68145484726
2.64546113814
2.60912276372
2.5724495067
2.53545137713
2.49813864971
2.46052190077
2.42261204443
2.38442036741
2.34595856191
2.30723875612
2.2682735417
2.22907599802
2.18965971247
2.15003879661
2.11022789774
2.07024220554
2.03009745362
1.98980991558
1.94939639564
1.9088742135
1.86826118351
1.82757558812
1.78683614562
1.81271499729
1.76867493466
1.7247422576
1.68098185013
1.63745360174
1.59421157147
1.55130325173
1.50876894498
1.4666412643
1.42494476716
1.38369572908
1.34290206182
1.3025633781
1.26267120239
1.22320932486
1.18415429293
1.14547603268
1.10713858996
1.06910097883
1.03131812333
0.993741876509
0.95632209946
0.919007781873
0.881748184739
0.844493985351
0.80719840455
0.769818296304
0.73231518021
0.694656198317
0.65681497883
0.618772390692
0.580517174777
0.542046439416
0.503366010178
0.464490626242
0.425443978226
0.386258584992
0.346975509666
0.307643917841
0.268320483628
0.22906865184
0.189957767131
0.15106208322
0.112459667502
0.0742312182374
0.0364588131507
-0.000775390405267
-0.0373904825657
-0.073308133529
-0.10845390948
-0.142758549808
-0.176159184018
-0.208600467495
-0.240035616478
-0.270427324028
-0.299748540608
-0.32798310495
-0.355126213217
-0.381184716993
-0.40617724339
-0.39014976523
-0.414341457641
-0.43757850847
-0.459939000526
-0.481512611312
-0.502398866225
-0.522705217376
-0.54254498885
-0.562035231368
-0.581294530613
-0.600440813736
-0.619589197972
-0.638849923692
-0.658326411838
-0.678113482433
-0.698295766919
-0.718946342487
-0.740125611459
-0.76188044329
-0.78424359094
-0.807233387477
-0.830853722776
-0.85509429437
-0.87993112089
-0.905327301294
-0.931233998302
-0.957591620207
-0.984331171713
-1.01137574151
-1.03864209226
-1.0660423173
-1.09348552792
-1.12087953536
-1.14813249273
-1.17515446387
-1.20185888886
-1.22816391877
-1.25399359603
-1.27927886108
-1.30395837004
-1.32797911324
-1.35129682888
-1.37387621128
-1.39569091746
-1.41672338073
-1.43696444374
-1.45641282758
-1.47507445665
-1.49296166165
-1.51009228557
-1.52648871869
-1.54217688961
-1.55718523967
-1.57154370734
-1.58528274822
-1.59843241469
-1.61102151682
-1.62307688343
-1.63462273929
-1.64568021072
-1.64775918415
-1.66391233657
-1.67918505391
-1.69333819501
-1.70614468039
-1.71739603591
-1.7269085737
-1.73452904367
-1.7401396011
-1.7436619518
-1.74506055645
-1.74434479904
-1.74157005029
-1.73683758532
-1.73029334392
-1.72212555215
-1.71256125356
-1.70186182721
-1.69031759657
-1.67824165774
-1.66596307688
-1.65381962394
-1.64215022305
-1.6312873084
-1.62154927803
-1.6132332364
-1.60660821021
-1.60190901037
-1.59933089707
-1.59902518459
-1.60109589857
-1.60559757121
-1.61253423072
-1.62185960999
-1.63347856787
-1.6472496846
-1.66298896206
-1.68047453062
-1.69945223778
-1.71964197044
-1.74074454374
-1.76244897408
-1.78443994435
-1.80640526447
-1.82804313091
-1.84906899463
-1.86922185805
-1.88826983756
-1.90601484851
-1.92229629388
-1.93699366576
-1.9500279987
-1.96136214596
-1.9709998826
-1.97898387196
-1.98539256358
-1.99033612104
-1.99395150485
-1.99639685961
-1.99784537416
-1.99180777784
-1.98546624207
-1.97763324633
-1.96844199313
-1.95805083438
-1.9466403126
-1.93440961283
-1.92157249401
-1.90835278351
-1.89497953318
-1.88168194675
-1.86868419789
-1.85620026497
-1.84442891146
-1.83354894133
-1.82371485492
-1.81505302422
-1.80765849567
-1.80159251539
-1.79688085509
-1.79351299795
-1.79144222251
-1.79058660015
-1.79083089792
-1.79202935446
-1.79400927343
-1.79657535563
-1.79951467048
-1.80260214837
-1.80560645966
-1.80829613307
-1.81044575777
-1.81184210811
-1.81229002947
-1.81161792757
-1.80968271127
-1.80637405141
-1.80161783407
-1.79537870644
-1.78766163608
-1.77851242928
-1.76801718141
-1.75630065988
-1.74352364863
-1.7298793112
-1.71558865564
-1.70089520951
-1.6860590353
-1.67135023503
-1.65704210814
-1.64340413736
-1.63069498312
-1.61915566889
-1.60900313596
-1.60042433806
-1.59357103331
-1.58855541404
-1.58544669367
-1.58426874623
-1.58499886667
-1.64052596651
-1.63531170647
-1.63029931121
-1.62548631375
-1.62086897356
-1.61644233597
-1.61220029505
-1.60813565932
-1.60424021956
-1.60050481829
-1.59691942074
-1.5934731872
-1.59015454684
-1.58695127331
-1.58385056253
-1.58083911298
-1.57790320911
-1.57502880833
-1.57220163191
-1.56940726031
-1.56663123297
-1.56385915275
-1.56107679474
-1.55827021919
-1.55542588779
-1.55253078263
-1.54957252652
-1.54653950355
-1.54342097821
-1.54020721139
-1.53688957137
-1.53346063792
-1.5299142974
-1.52624582688
-1.52245196547
-1.51853097078
-1.51448265921
-1.51030842837
-1.50601126071
-1.50159570745
-1.49706785246
-1.49243525595
-1.48770687842
-1.4828929855
-1.47800503495
-1.47305554724
-1.46805796162
-1.46302647989
-1.45797590021
-1.45292144369
-1.4478785765
-1.44286283026
-1.43788962373
-1.4329740884
-1.4281309008
-1.42337412378
-1.4187170592
-1.41417211368
-1.40975067917
-1.40546302927
-1.39919382275
-1.39340021295
-1.38775255255
-1.38227279063
-1.37698148432
-1.37189754482
-1.36703800085
-1.36241778343
-1.35804953511
-1.35394344665
-1.35010712342
-1.34654548369
-1.34326068986
-1.3402521137
-1.33751633569
-1.33504717832
-1.33283577231
-1.33087065463
-1.32913789635
-1.3276212583
-1.32630237189
-1.32516094228
-1.3241749709
-1.32332099416
-1.32257433494
-1.32190936378
-1.32129976629
-1.32071881376
-1.32013963385
-1.31953547859
-1.31887998685
-1.31814743907
-1.31731300171
-1.31635295982
-1.31524493561
-1.31396809176
-1.3125033179
-1.31083339933
-1.30894316686
-1.30681962698
-1.30445207163
-1.30183216693
-1.29895402047
-1.2958142265
-1.29241188888
-1.2887486213
-1.28482852465
-1.28065814138
-1.27624638682
-1.27160445753
-1.26674571703
-1.26168555917
-1.25644125005
-1.25103174907
-1.24547751054
-1.23980026711
-1.23402279685
-1.22816867604
-1.22226202008
-1.2163272151
-1.20884181919
-1.20338500504
-1.19793125225
-1.19249981791
-1.18711024947
-1.18178217279
-1.17653507457
-1.17138808178
-1.16635974041
-1.16146779613
-1.15672897941
-1.1521587976
-1.14777133654
-1.14357907396
-1.13959270727
-1.13582099767
-1.1322706328
-1.12894610975
-1.12584963996
-1.12298107764
-1.12033787267
-1.11791504893
-1.11570520872
-1.11369856343
-1.11188299058
-1.11024411682
-1.10876542635
-1.1074283937
-1.1062126398
-1.10509610973
-1.10405527042
-1.10306532624
-1.10210045039
-1.1011340295
-1.10013891895
-1.09908770614
-1.09795297898
-1.09670759661
-1.09532495951
-1.09377927605
-1.09204582262
-1.09010119455
-1.08792354514
-1.08549281009
-1.08279091526
-1.07980196509
-1.07651241012
-1.07291119155
-1.06898986145
-1.06474267732
-1.06016667005
-1.05526168463
-1.05003039303
-1.04447827944
-1.03861359766
-1.03244730149
-1.02599294851
-1.01926657854
-1.01228656774
-1.00507346014
-0.976205645324
-0.972025335168
-0.967816346662
-0.963579716973
-0.959316431523
-0.955027417353
-0.950713538184
-0.946375591152
-0.942014305119
-0.937630340529
-0.933224290718
-0.928796684556
-0.924347990345
-0.919878620852
-0.915388939334
-0.910879266474
-0.906349888073
-0.901801063386
-0.897233033973
-0.892646032966
-0.888040294584
-0.883416063847
-0.87877360633
-0.874113217856
-0.869435234056
-0.864740039676
-0.860028077532
-0.855299857068
-0.850555962395
-0.845797059768
-0.841023904431
-0.836237346763
-0.831438337682
-0.826627933271
-0.821807298566
-0.816977710501
-0.812140559982
-0.807297353056
-0.802449711188
-0.79759937064
-0.792748180924
-0.787898102382
-0.78305120286
-0.778209653507
-0.773375723722
-0.768551775244
-0.763740255416
-0.758943689648
-0.75416467308
-0.74940586147
-0.74466996134
-0.739959719384
-0.735277911153
-0.730627329074
-0.726010769783
-0.721431020835
-0.716890846825
-0.712392974938
-0.707940080005
-0.703534769117
-0.705031573296
-0.699525911533
-0.694031174078
-0.688560664328
-0.683127773118
-0.677745838099
-0.672428002946
-0.667187077994
-0.662035403861
-0.656984719595
-0.652046036817
-0.647229521272
-0.642544383095
-0.637998777013
-0.633599713576
-0.629352982405
-0.625263088299
-0.621333200897
-0.617565118455
-0.613959246132
-0.610514589028
-0.607228760068
-0.604098002653
-0.601117227885
-0.598280065957
-0.595578931221
-0.59300510024
-0.590548802042
-0.588199319654
-0.585945101863
-0.583773884053
-0.581672816883
-0.579628601438
-0.577627629459
-0.575656127177
-0.573700301231
-0.571746485126
-0.569781284665
-0.567791720804
-0.565765368357
-0.563690489077
-0.561556157629
-0.559352379091
-0.557070196663
-0.554701788396
-0.55224055184
-0.549681175648
-0.547019697324
-0.544253546446
-0.541381572848
-0.538404059419
-0.535322719345
-0.53214067778
-0.528862438131
-0.52549383329
-0.522041962326
-0.518515113329
-0.514922673204
-0.511275025412
-0.507583436745
-0.507177679559
-0.505225238792
-0.503293795304
-0.501379830895
-0.49947982049
-0.497590249194
-0.495707629484
-0.493828518472
-0.491949535155
-0.490067377574
-0.488178839816
-0.486280828746
-0.484370380426
-0.482444676096
-0.480501057671
-0.478537042647
-0.476550338334
-0.474538855356
-0.472500720309
-0.47043428753
-0.468338149876
-0.466211148464
-0.4640523813
-0.461861210727
-0.45963726965
-0.457380466478
-0.455090988739
-0.452769305338
-0.450416167416
-0.448032607795
-0.445619938989
-0.443179749771
-0.4407139003
-0.438224515814
-0.435713978906
-0.433184920408
-0.430640208918
-0.428082939013
-0.4255164182
-0.422944152665
-0.420369831888
-0.417797312206
-0.415230599404
-0.412673830431
-0.410131254338
-0.407607212544
-0.40510611855
-0.402632437205
-0.400190663661
-0.397785302123
-0.395420844548
-0.393101749384
-0.390832420517
-0.388617186527
-0.386460280378
-0.384365819686
-0.382337787652
-0.3803800148
-0.378496161599
-0.37668970209
