-0.566232581822
-0.485038238079
-0.485082806073
-0.485157058246
-0.485260952885
-0.485394431609
-0.485557419395
-0.485749824598
-0.48597153899
-0.486222437789
-0.486502379712
-0.486811207017
-0.487148745559
-0.487514804856
-0.487909178148
-0.488331642473
-0.488781958743
-0.48925987183
-0.489765110649
-0.490297388256
-0.49085640195
-0.491441833369
-0.492053348611
-0.492690598341
-0.493353217916
-0.494040827512
-0.494753032251
-0.495489422341
-0.496249573218
-0.497033045686
-0.497839386076
-0.531953113404
-0.533315841254
-0.534720646744
-0.536166692154
-0.537653111518
-0.539179010993
-0.540743469252
-0.542345537887
-0.543984241828
-0.545658579781
-0.547367524672
-0.549110024116
-0.550885000892
-0.552691353436
-0.554527956347
-0.556393660908
-0.558287295618
-0.560207666735
-0.562153558841
-0.56412373541
-0.566116939389
-0.568131893799
-0.570167302339
-0.572221850005
-0.574294203718
-0.576383012967
-0.578486910456
-0.580604512765
-0.582734421022
-0.584875221578
-0.609019748716
-0.610283855639
-0.611543398625
-0.612797370618
-0.614044758445
-0.615284543261
-0.616515701017
-0.617737202914
-0.618948015863
-0.620147102954
-0.621333423916
-0.622505935587
-0.623663592379
-0.624805346748
-0.625930149662
-0.627036951073
-0.62812470038
-0.629192346907
-0.630238840362
-0.631263131311
-0.632264171645
-0.633240915042
-0.634192317431
-0.63511733746
-0.636014936947
-0.636884081348
-0.637723740204
-0.638532887598
-0.639310502603
-0.640055569731
-0.516203641184
-0.513160992992
-0.510103108842
-0.507030186837
-0.50394242174
-0.500840004937
-0.497723124392
-0.494591964614
-0.49144670662
-0.4882875279
-0.48511460239
-0.481928100443
-0.4787281888
-0.47551503057
-0.472288785205
-0.469049608482
-0.465797652486
-0.462533065592
-0.459255992455
-0.455966573994
-0.452664947385
-0.449351246052
-0.446025599662
-0.442688134118
-0.439338971559
-0.435978230356
-0.432606025114
-0.429222466674
-0.425827662116
-0.422421714764
-0.536401870232
-0.533579383207
-0.530727733577
-0.52784692592
-0.52493696665
-0.521997863997
-0.51902962799
-0.516032270439
-0.513005804917
-0.509950246743
-0.506865612968
-0.503751922361
-0.500609195392
-0.497437454226
-0.494236722712
-0.491007026376
-0.487748392417
-0.484460849705
-0.481144428785
-0.477799161881
-0.474425082902
-0.471022227459
-0.467590632875
-0.46413033821
-0.460641384282
-0.457123813698
-0.453577670885
-0.450003002126
-0.446399855604
-0.44276828145
-0.441313082522
-0.438615321028
-0.435892819209
-0.43314533753
-0.430372636855
-0.427574478569
-0.424750624714
-0.42190083812
-0.419024882538
-0.416122522776
-0.413193524835
-0.410237656045
-0.407254685198
-0.404244382691
-0.401206520653
-0.398140873089
-0.395047216003
-0.391925327542
-0.388774988117
-0.385595980537
-0.382388090134
-0.379151104886
-0.37588481554
-0.372589015731
-0.369263502093
-0.365908074373
-0.362522535541
-0.35910669189
-0.355660353142
-0.352183332536
-0.347864028532
-0.343511337899
-0.339125368686
-0.334706235629
-0.330254060098
-0.325768970032
-0.321251099878
-0.316700590515
-0.312117589185
-0.307502249413
-0.302854730923
-0.298175199551
-0.293463827158
-0.288720791533
-0.2839462763
-0.279140470809
-0.274303570042
-0.2694357745
-0.264537290095
-0.259608328037
-0.254649104721
-0.249659841611
-0.244640765115
-0.239592106472
-0.234514101626
-0.2294069911
-0.224271019874
-0.219106437259
-0.213913496767
-0.208692455986
-0.180968347276
-0.176349437887
-0.1717072976
-0.167042080257
-0.162353942364
-0.15764304295
-0.152909543415
-0.148153607373
-0.143375400489
-0.13857509031
-0.133752846087
-0.128908838601
-0.124043239973
-0.119156223481
-0.114247963369
-0.109318634654
-0.104368412933
-0.0993974741882
-0.0944059945917
-0.0893941503145
-0.0843621173323
-0.0793100712364
-0.0742381870466
-0.0691466390284
-0.0640356005142
-0.0589052437298
-0.0537557396272
-0.0485872577228
-0.0433999659441
-0.0381940304838
-0.0332045045469
-0.0279118697382
-0.0226003796412
-0.0172702407709
-0.0119216583652
-0.00655483626583
-0.00116997680634
0.00423271929387
0.0096530530291
0.0150908271989
0.0205458464928
0.0260179175683
0.0315068491214
0.0370124519484
0.0425345390021
0.0480729254398
0.053627428663
0.0591978683507
0.0647840664853
0.0703858473701
0.076003037641
0.0816354662705
0.0872829645643
0.0929453661518
0.09862250697
0.104314225241
0.110020361441
0.115740758269
0.121475260604
0.127223715458
0.180896015968
0.186564454044
0.192250629675
0.197954423561
0.203675713455
0.209414374089
0.215170277098
0.220943290946
0.226733280845
0.232540108686
0.238363632965
0.244203708703
0.250060187382
0.255932916871
0.261821741359
0.267726501288
0.273647033292
0.279583170134
0.285534740648
0.291501569687
0.297483478071
0.303480282537
0.309491795697
0.315517826001
0.321558177695
0.327612650795
0.333681041057
0.339763139956
0.345858734666
0.351967608048
0.37263049314
0.378430472057
0.384240629324
0.39006082453
0.395890913716
0.401730748962
0.407580178795
0.413439048307
0.419307198868
0.4251844683
0.431070691266
0.436965698879
0.442869318888
0.44878137605
0.454701691921
0.460630084815
0.466566370334
0.472510361185
0.478461867091
0.484420695285
0.490386650494
0.496359534741
0.502339147807
0.50832528738
0.514317748758
0.52031632529
0.526320808599
0.532330988346
0.538346652467
0.544367587631
0.568512756434
0.574403353606
0.580295561352
0.586189112918
0.592083743216
0.597979189469
0.603875191817
0.609771493938
0.615667843697
0.621563993746
0.627459702182
0.633354733133
0.639248857405
0.645141853069
0.651033506057
0.656923610747
0.662811970513
0.668698398295
0.674582717095
0.68046476052
0.686344373236
0.692221411445
0.698095743323
0.703967249421
0.70983582307
0.715701370699
0.721563812205
0.727423081201
0.733279125315
0.739131906393
0.772937867202
0.778951405581
0.78496978916
0.790992875668
0.797020516766
0.803052558274
0.809088840439
0.815129198233
0.821173461664
0.827221456104
0.833273002653
0.839327918526
0.845386017438
0.851447110024
0.857511004287
0.863577506037
0.869646419359
0.875717547097
0.881790691353
0.887865653976
0.893942237086
0.900020243598
0.906099477743
0.912179745603
0.918260855651
0.924342619295
0.930424851404
0.936507370862
0.942590001102
0.948672570638
0.95043840352
0.956562463121
0.962691594414
0.968825776372
0.974964988926
0.981109212979
0.98725843037
0.993412623973
0.999571777648
1.00573587625
1.01190490564
1.01807885273
1.0242577054
1.03044145256
1.03663008414
1.04282359109
1.04902196533
1.05522519983
1.06143328857
1.06764622649
1.07386400956
1.08008663477
1.08631410008
1.09254640446
1.09878354794
1.10502553154
1.11127235733
1.11752402844
1.12378054911
1.13004192465
1.12271039965
1.12902218916
1.13533870508
1.14165991373
1.14798578883
1.15431631162
1.16065147097
1.16699126351
1.17333569366
1.17968477368
1.1860385237
1.19239697167
1.19876015331
1.20512811208
1.21150089903
1.21787857272
1.22426119902
1.23064885097
1.23704160856
1.2434395585
1.24984279401
1.25625141451
1.26266552536
1.26908523755
1.27551066738
1.28194193614
1.28837916976
1.29482249843
1.30127205629
1.30772798101
1.31045220916
1.31709764838
1.32375051129
1.33041073561
1.33707825837
1.34375301614
1.35043494532
1.35712398245
1.3638200644
1.37052312881
1.37723311431
1.38394996087
1.39067361018
1.39740400598
1.40414109435
1.41088482419
1.41763514748
1.42439201971
1.43115540021
1.43792525256
1.44470154498
1.45148425063
1.45827334809
1.46506882169
1.47187066186
1.47867886556
1.48549343663
1.49231438614
1.49914173275
1.50597550309
1.51305435346
1.52012919938
1.52720008404
1.53426704918
1.54133013482
1.54838937918
1.55544481841
1.56249648653
1.56954441521
1.57658863372
1.58362916872
1.59066604422
1.59769928143
1.6047288987
1.61175491143
1.61877733202
1.62579616979
1.63281143098
1.63982311871
1.64683123298
1.65383577068
1.66083672563
1.66783408858
1.67482784731
1.68181798666
1.68880448863
1.69578733246
1.7027664947
1.70974194939
1.7167136681
1.7240035
1.73046143402
1.73691672803
1.74337019616
1.74982266321
1.75627496335
1.7627279389
1.76918243911
1.77563931899
1.78209943818
1.78856365994
1.79503285005
1.80150787594
1.80798960581
1.81447890779
1.82097664926
1.82748369618
1.83400091256
1.84052915995
1.8470692971
1.85362217965
1.86018865998
1.86676958701
1.87336580631
1.87997816014
1.88660748762
1.89325462506
1.89992040628
1.90660566314
1.91331122603
1.92283268055
1.92951386494
1.93619981532
1.94289030309
1.94958510913
1.95628402729
1.96298686779
1.96969346058
1.97640365859
1.98311734094
1.98983441595
1.99655482404
2.00327854048
2.01000557796
2.01673598886
2.0234698675
2.03020735196
2.03694862584
2.04369391962
2.05044351183
2.05719772997
2.06395695114
2.07072160234
2.07749216062
2.08426915279
2.09105315498
2.09784479186
2.10464473565
2.11145370478
2.1182724624
2.11064363738
2.11796918733
2.12530410224
2.13264763981
2.13999906509
2.14735765277
2.15472268923
2.16209347457
2.16946932467
2.17684957314
2.18423357314
2.19162069921
2.199010349
2.20640194485
2.21379493536
2.22118879687
2.22858303473
2.23597718459
2.24337081356
2.25076352121
2.25815494047
2.26554473854
2.2729326175
2.28031831487
2.28770160418
2.29508229526
2.30246023443
2.30983530472
2.31720742579
2.32457655383
2.33567505801
2.34263203273
2.34959925115
2.35657702666
2.36356567722
2.37056552499
2.37757689603
2.3846001199
2.3916355293
2.39868345964
2.40574424866
2.412818236
2.41990576275
2.42700717099
2.4341228034
2.44125300271
2.44839811135
2.45555847089
2.46273442164
2.46992630217
2.47713444883
2.48435919536
2.49160087236
2.49885980689
2.50613632204
2.51343073648
2.52074336403
2.52807451325
2.53542448707
2.54279358231
2.55934977315
2.5673432118
2.57534355668
2.5833501799
2.59136248352
2.59937990109
2.6074018991
2.61542797833
2.6234576749
2.63149056127
2.63952624704
2.64756437952
2.65560464424
2.66364676517
2.67169050488
2.67973566442
2.68778208314
2.69582963827
2.70387824434
2.71192785248
2.71997844955
2.7280300571
2.7360827302
2.74413655611
2.75219165287
2.76024816772
2.76830627538
2.77636617628
2.78442809466
2.79249227652
2.77073433835
2.77801652804
2.78528893357
2.79255106267
2.79980240761
2.80704244542
2.81427063814
2.82148643299
2.82868926264
2.83587854552
2.84305368602
2.85021407484
2.85735908925
2.86448809337
2.87160043846
2.87869546321
2.88577249408
2.89283084554
2.89986982041
2.90688871013
2.91388679504
2.92086334462
2.92781761776
2.93474886299
2.94165631873
2.9485392135
2.9553967661
2.96222818578
2.96903267241
2.97580941656
2.96908106993
2.97621855653
2.98333468231
2.99042826537
2.99749811675
3.00454303985
3.01156182978
3.01855327236
3.02551614299
3.03244920517
3.03935120897
3.04622088917
3.05305696327
3.05985812929
3.0666230635
3.07335041789
3.08003881759
3.08668685817
3.09329310286
3.09985607968
3.10637427856
3.11284614843
3.11927009426
3.12564447425
3.1319675969
3.13823771831
3.14445303943
3.15061170355
3.15671179381
3.16275133095
3.08563294449
3.09156206534
3.0974944184
3.10342487722
3.10934805359
3.11525831952
3.12114983014
3.12701654752
3.1328522653
3.13865063383
3.14440518588
3.15010936269
3.15575654021
3.16134005538
3.16685323244
3.17228940892
3.17764196132
3.18290433032
3.18807004535
3.19313274837
3.19808621684
3.20292438557
3.20764136757
3.21223147354
3.21668923011
3.22100939657
3.2251869801
3.22921724936
3.23309574644
3.23681829693
3.17157764224
3.17639021687
3.18104243861
3.18553047416
3.18985086106
3.19400050271
3.19797666152
3.20177694995
3.20539931961
3.20884204842
3.21210372595
3.21518323697
3.21807974335
3.22079266426
3.22332165503
3.22566658444
3.22782751086
3.22980465713
3.23159838447
3.23320916534
3.23463755572
3.23588416655
3.2369496348
3.23783459415
3.23853964545
3.23906532712
3.23941208563
3.23958024626
3.23956998417
3.23938129606
3.2138482418
3.21108867161
3.20807081844
3.20479690176
3.20126906698
3.19748935954
3.19345969997
3.1891818599
3.18465743941
3.17988784552
3.17487427227
3.16961768219
3.16411878954
3.15837804518
3.15239562329
3.14617140992
3.13970499358
3.13299565768
3.12604237514
3.11884380499
3.11139829119
3.10370386336
3.09575823979
3.08755883244
3.07910275401
3.07038682713
3.06140759549
3.05216133693
3.04264407846
3.03285161303
2.99185579572
2.98322279226
2.97421998133
2.9648364409
2.9550617032
2.94488579449
2.93429927338
2.9232932674
2.91185950778
2.89999036224
2.8876788655
2.87491874757
2.86170445954
2.84803119674
2.83389491923
2.81929236944
2.80422108692
2.78867942011
2.77266653499
2.75618242071
2.73922789199
2.72180458836
2.70391497029
2.68556231206
2.66675069155
2.64748497692
2.62777081019
2.60761458789
2.58702343881
2.56600519892
2.52382703867
2.50302918048
2.48193298037
2.46054219563
2.43886069841
2.41689246871
2.39464158765
2.37211223087
2.34930866229
2.32623522814
2.30289635128
2.27929652591
2.2554403126
2.23133233377
2.20697726952
2.18237985394
2.15754487172
2.13247715536
2.10718158268
2.08166307485
2.05592659481
2.02997714617
2.00381977252
1.97745955719
1.95090162337
1.92415113472
1.89721329622
1.87009335558
1.84279660478
1.81532838213
1.77085648534
1.74225847128
1.71347154803
1.68450451632
1.65536626951
1.62606578783
1.59661213281
1.56701444172
1.537281922
1.50742384563
1.47744954351
1.44736839968
1.41718984546
1.38692335346
1.35657843141
1.32616461561
1.29569146433
1.26516855064
1.23460545532
1.20401175912
1.17339703502
1.14277083983
1.11214270568
1.08152213089
1.05091857074
1.02034142765
0.989800041264
0.959303677945
0.928861520252
0.89848265573
0.92700183096
0.900904252781
0.874884640829
0.848947208917
0.82309595203
0.797334646496
0.771666850827
0.746095907229
0.720624943759
0.695256877127
0.669994416103
0.644840065542
0.619796130967
0.594864723718
0.57004776662
0.545347000155
0.520763989094
0.496300129576
0.471956656582
0.447734651784
0.423635051725
0.399658656302
0.375806137504
0.352078048373
0.32847483216
0.304996831613
0.281644298384
0.258417402497
0.235316241856
0.212340851738
0.21892897909
0.194553435249
0.17029840601
0.146167160839
0.12216289741
0.0982887419484
0.0745477496497
0.0509429051764
0.0274771232274
0.00415324917571
-0.0190259402291
-0.042057736097
-0.0649394965785
-0.0876686459925
-0.110242673907
-0.132659134179
-0.15491564395
-0.177009882617
-0.19893959077
-0.2207025691
-0.242296677302
-0.263719832952
-0.284970010382
-0.306045239542
-0.326943604879
-0.347663244203
-0.368202347578
-0.388559156219
-0.408731961419
-0.428719103488
-0.462032605709
-0.481260365466
-0.500320355572
-0.519211320807
-0.537932011242
-0.556481182529
-0.574857596349
-0.593060020998
-0.611087232119
-0.628938013575
-0.646611158451
-0.664105470185
-0.681419763826
-0.698552867396
-0.715503623379
-0.732270890293
-0.748853544379
-0.765250481356
-0.781460618273
-0.797482895423
-0.813316278325
-0.828959759759
-0.84441236185
-0.859673138185
-0.874741175962
-0.889615598162
-0.904295565721
-0.918780279716
-0.933068983537
-0.947160965046
-0.944262337121
-0.963953506858
-0.983443256873
-1.00270939099
-1.02172985673
-1.04048282821
-1.05894678826
-1.07710060953
-1.09492363405
-1.11239575126
-1.12949747391
-1.14621001179
-1.16251534279
-1.17839628124
-1.1938365431
-1.20882080783
-1.22333477668
-1.23736522728
-1.25090006414
-1.26392836503
-1.27644042304
-1.28842778409
-1.2998832798
-1.31080105569
-1.3211765944
-1.33100673403
-1.34028968151
-1.34902502082
-1.35721371625
-1.36485811047
-1.28161020485
-1.29100987444
-1.30013884884
-1.30899543607
-1.31757814193
-1.32588567803
-1.33391696929
-1.3416711612
-1.34914762647
-1.35634597132
-1.36326604127
-1.36990792641
-1.37627196618
-1.38235875361
-1.38816913901
-1.39370423312
-1.3989654097
-1.40395430753
-1.40867283181
-1.41312315502
-1.41730771715
-1.42122922535
-1.42489065298
-1.42829523805
-1.43144648107
-1.43434814233
-1.43700423857
-1.43941903904
-1.44159706107
-1.44354306498
-1.39720345307
-1.39954365593
-1.40169893853
-1.40367521548
-1.40547851544
-1.40711497269
-1.40859081853
-1.40991237264
-1.41108603432
-1.41211827365
-1.41301562263
-1.41378466627
-1.41443203364
-1.41496438891
-1.41538842243
-1.41571084175
-1.41593836276
-1.41607770079
-1.41613556177
-1.41611863345
-1.4160335767
-1.41588701686
-1.41568553514
-1.41543566015
-1.41514385948
-1.41481653136
-1.4144599965
-1.41408048989
-1.41368415282
-1.41327702496
-1.41293234481
-1.41348046632
-1.41400072261
-1.41449641984
-1.41497074104
-1.41542674237
-1.41586734973
-1.41629535567
-1.41671341662
-1.41712405045
-1.41752963436
-1.41793240305
-1.41833444731
-1.41873771288
-1.41914399966
-1.41955496125
-1.41997210485
-1.42039679144
-1.42083023632
-1.42127350999
-1.42172753927
-1.42219310883
-1.42267086297
-1.42316130769
-1.42366481307
-1.42418161593
-1.42471182276
-1.4252554129
-1.42581224197
-1.4263820456
-1.39320914318
-1.394348099
-1.3954531849
-1.39652456269
-1.39756235757
-1.39856666063
-1.39953753138
-1.40047500031
-1.40137907143
-1.40224972485
-1.40308691931
-1.40389059478
-1.4046606749
-1.40539706949
-1.40609967699
-1.40676838682
-1.40740308171
-1.40800363994
-1.40856993751
-1.40910185022
-1.40959925567
-1.41006203515
-1.41049007544
-1.41088327049
-1.41124152295
-1.41156474568
-1.41185286302
-1.41210581203
-1.41232354352
-1.41250602301
-1.3859420632
-1.38667562546
-1.38735358662
-1.38797618401
-1.38854372255
-1.3890565729
-1.38951516943
-1.38992000785
-1.39027164264
-1.39057068426
-1.39081779609
-1.39101369118
-1.39115912886
-1.39125491105
-1.39130187854
-1.39130090703
-1.39125290303
-1.39115879977
-1.39101955281
-1.39083613575
-1.39060953578
-1.3903407492
-1.39003077692
-1.38968061998
-1.38929127499
-1.38886372972
-1.38839895862
-1.38789791845
-1.38736154406
-1.38679074411
-1.39150730497
-1.39079233129
-1.38998752685
-1.38909326993
-1.38810998578
-1.38703814633
-1.38587826976
-1.38463092019
-1.3832967072
-1.38187628546
-1.38037035419
-1.37877965675
-1.37710498004
-1.37534715403
-1.37350705116
-1.37158558578
-1.36958371348
-1.36750243055
-1.36534277324
-1.3631058171
-1.36079267629
-1.35840450282
-1.35594248583
-1.35340785074
-1.35080185852
-1.3481258048
-1.34538101904
-1.3425688636
-1.33969073291
-1.33674805242
-1.2945121001
-1.29308730089
-1.29162712591
-1.29013161125
-1.28860080312
-1.28703475843
-1.28543354534
-1.28379724387
-1.28212594638
-1.2804197581
-1.27867879768
-1.27690319759
-1.27509310463
-1.27324868039
-1.27137010157
-1.26945756045
-1.26751126522
-1.26553144027
-1.26351832657
-1.26147218184
-1.25939328087
-1.25728191568
-1.25513839568
-1.25296304786
-1.25075621682
-1.24851826489
-1.24624957214
-1.24395053637
-1.24162157307
-1.23926311535
-1.23660008746
-1.23390756794
-1.23118623601
-1.2284367811
-1.22565990211
-1.22285630675
-1.2200267108
-1.21717183738
-1.21429241625
-1.21138918308
-1.20846287871
-1.20551424842
-1.20254404121
-1.19955300909
-1.19654190635
-1.19351148882
-1.19046251322
-1.18739573642
-1.18431191477
-1.18121180341
-1.17809615562
-1.17496572219
-1.17182125074
-1.16866348512
-1.16549316481
-1.16231102433
-1.15911779268
-1.15591419276
-1.15270094087
-1.14947874619
-1.18491897138
-1.18162868307
-1.17832641082
-1.17501253875
-1.17168744584
-1.16835150585
-1.16500508726
-1.16164855328
-1.15828226175
-1.1549065652
-1.15152181077
-1.1481283403
-1.14472649027
-1.1413165919
-1.13789897118
-1.13447394889
-1.13104184069
-1.12760295722
-1.12415760405
-1.12070608192
-1.11724868674
-1.11378570973
-1.11031743754
-1.10684415239
-1.10336613217
-1.09988365066
-1.09639697753
-1.09290637867
-1.08941211618
-1.08591444864
-1.09071390228
-1.0878005544
-1.08488517587
-1.0819680275
-1.07904935875
-1.07612940704
-1.07320839723
-1.07028654098
-1.06736403629
-1.06444106694
-1.06151780209
-1.05859439579
-1.05567098669
-1.05274769766
-1.04982463549
-1.04690189072
-1.0439795374
-1.04105763296
-1.03813621817
-1.03521531708
-1.03229493704
-1.0293750688
-1.02645568668
-1.0235367487
-1.02061819688
-1.01769995753
-1.01478194163
-1.01186404524
-1.00894614998
-1.00602812354
-1.00609989051
-1.0024385097
-0.998772465817
-0.995102132303
-0.991427891643
-0.987750134659
-0.984069259844
-0.980385672616
-0.976699784631
-0.973012013019
-0.969322779683
-0.96563251052
-0.96194163472
-0.958250583973
-0.954559791768
-0.950869692609
-0.947180721306
-0.943493312213
-0.939807898514
-0.936124911479
-0.932444779774
-0.928767928723
-0.925094779644
-0.921425749146
-0.91776124848
-0.914101682881
-0.910447450939
-0.906798943993
-0.903156545541
-0.899520630667
-0.913826582974
-0.910800099839
-0.907770193372
-0.904737061174
-0.901700901285
-0.89866191213
-0.89562029245
-0.892576241243
-0.889529957707
-0.886481641168
-0.883431491033
-0.880379706724
-0.877326487618
-0.874272032995
-0.871216541978
-0.868160213477
-0.865103246135
-0.862045838274
-0.858988187841
-0.85593049236
-0.852872948877
-0.849815753912
-0.846759103414
-0.84370319271
-0.840648216461
-0.837594368618
-0.834541842378
-0.831490830144
-0.828441523482
-0.825394113083
-0.76787207323
-0.765071416165
-0.76227546724
-0.759484313867
-0.75669804358
-0.753916744137
-0.751140503624
-0.748369410563
-0.745603554017
-0.7428430237
-0.74008791007
-0.737338304435
-0.73459429905
-0.731855987213
-0.72912346334
-0.726396823068
-0.723676163321
-0.720961582391
-0.718253179997
-0.715551057361
-0.712855317251
-0.71016606404
-0.707483403746
-0.704807444081
-0.702138294462
-0.699476066059
-0.696820871795
-0.694172826373
-0.691532046257
-0.688898649685
-0.749421664694
-0.746737617768
-0.744055469597
-0.741375398249
-0.738697583602
-0.736022207117
-0.7333494518
-0.73067950208
-0.728012543626
-0.725348763328
-0.7226883491
-0.720031489771
-0.717378375008
-0.714729195114
-0.712084140948
-0.709443403819
-0.706807175274
-0.704175647102
-0.701549011107
-0.698927459038
-0.696311182491
-0.693700372736
-0.691095220633
-0.688495916536
-0.685902650081
-0.683315610203
-0.680734984904
-0.678160961206
-0.675593725059
-0.673033461186
-0.675264933406
-0.672536009119
-0.669809771909
-0.667086361957
-0.664365920591
-0.661648590268
-0.658934514561
-0.656223838151
-0.65351670681
-0.650813267389
-0.648113667801
-0.645418057014
-0.642726585029
-0.640039402866
-0.63735666255
-0.634678517092
-0.632005120477
-0.629336627644
-0.626673194473
-0.624014977767
-0.621362135239
-0.618714825489
-0.616073207994
-0.613437443081
-0.610807691918
-0.608184116486
-0.605566879571
-0.602956144736
-0.600352076315
-0.597754839383
-0.577165868251
-0.574796822951
-0.572438380187
-0.570090700829
-0.56775394471
-0.565428270383
-0.563113835066
-0.560810794593
-0.558519303172
-0.556239513311
-0.553971575972
-0.551715640566
-0.549471854937
-0.547240365568
-0.545021317591
-0.542814854591
-0.54062111861
-0.53844025012
-0.536272387812
-0.534117668607
-0.53197622785
-0.529848199317
-0.52773371527
-0.525632906691
-0.523545903279
-0.521472833294
-0.519413823579
-0.517368999537
-0.515338484922
-0.513322401906
