-0.566232581822
-0.560675916697
-0.56064108766
-0.560583264139
-0.560502782979
-0.560400114832
-0.56027586322
-0.560130763336
-0.559965680566
-0.55978160874
-0.559579668111
-0.559361103049
-0.559127279457
-0.558879681905
-0.558619910472
-0.558349677304
-0.558070802878
-0.557785211975
-0.557494929356
-0.557202075147
-0.55690885993
-0.556617579533
-0.556330609542
-0.556050399511
-0.555779466899
-0.555520390724
-0.555275804945
-0.555048391582
-0.554840873585
-0.554656007457
-0.55449657565
-0.554365378746
-0.554265227437
-0.554198934331
-0.554169305584
-0.554179132401
-0.554231182413
-0.554328190958
-0.554472852292
-0.554667810757
-0.554915651925
-0.555218893761
-0.555579977822
-0.556001260523
-0.556485004508
-0.557033370151
-0.557648407218
-0.558332046726
-0.559086093023
-0.559912216129
-0.560811944361
-0.561786657275
-0.562837578956
-0.563965771681
-0.565172129986
-0.566457375151
-0.567822050152
-0.569266515071
-0.570790943013
-0.572395316528
-0.574079424567
-0.575838276338
-0.577794815794
-0.579810592781
-0.581883963008
-0.584013157557
-0.586196289458
-0.588431360629
-0.590716269112
-0.593048816512
-0.595426715582
-0.597847597859
-0.60030902129
-0.602808477756
-0.605343400434
-0.607911170916
-0.610509126027
-0.613134564267
-0.615784751833
-0.618456928156
-0.621148310915
-0.623856100481
-0.626577483769
-0.629309637462
-0.632049730596
-0.634794926492
-0.637542384046
-0.640289258362
-0.643032700767
-0.645769858212
-0.648497872102
-0.651213876588
-0.653914996369
-0.656598344045
-0.659261017106
-0.661900094584
-0.664512633472
-0.667095664954
-0.66964619055
-0.672161178224
-0.674637558568
-0.67707222112
-0.679462010912
-0.681803725327
-0.684094111337
-0.686329863215
-0.688507620781
-0.690623968267
-0.692675433853
-0.694658489942
-0.696569554231
-0.698404991615
-0.700161116977
-0.701834198883
-0.703420464213
-0.704916103744
-0.706317278684
-0.707620128156
-0.708820777624
-0.709915348225
-0.710899966997
-0.703033057268
-0.703328460302
-0.703487940296
-0.70351082545
-0.703396643365
-0.703145111962
-0.702756129882
-0.702229766475
-0.701566251463
-0.700765964367
-0.699829423785
-0.698757276623
-0.697550287343
-0.696209327336
-0.694735364487
-0.693129453008
-0.69139272362
-0.689526374133
-0.687531660512
-0.685409888459
-0.68316240558
-0.680790594167
-0.678295864644
-0.675679649699
-0.67294339912
-0.670088575373
-0.667116649903
-0.664029100193
-0.660827407547
-0.657513055612
-0.654087529608
-0.650552316245
-0.646908904311
-0.643158785888
-0.63930345816
-0.635344425776
-0.631283203714
-0.627121320604
-0.622860322448
-0.618501776694
-0.614047276588
-0.609498445765
-0.604856943002
-0.600124467072
-0.595302761647
-0.590393620171
-0.585398890654
-0.580320480324
-0.575160360065
-0.5699205686
-0.564603216344
-0.559210488882
-0.553744650022
-0.548208044371
-0.542603099381
-0.53693232684
-0.531198323749
-0.525403772567
-0.519551440777
-0.513644179765
-0.507596505446
-0.50088764045
-0.4941612689
-0.487424820091
-0.480685506183
-0.473950291474
-0.467225863104
-0.460518603339
-0.453834563616
-0.447179440474
-0.440558553524
-0.433976825558
-0.427438764915
-0.42094845019
-0.41450951735
-0.40812514933
-0.401798068132
-0.395530529461
-0.38932431991
-0.38318075666
-0.377100689702
-0.371084506508
-0.365132139114
-0.359243073535
-0.353416361418
-0.347650633846
-0.341944117171
-0.336294650756
-0.330699706481
-0.325156409887
-0.31966156279
-0.314211667208
-0.308802950446
-0.303431391159
-0.29809274622
-0.292782578231
-0.287496283489
-0.282229120239
-0.276976237045
-0.271732701102
-0.266493526333
-0.26125370111
-0.25600821544
-0.250752087486
-0.245480389266
-0.240188271422
-0.234870986929
-0.229523913641
-0.224142575576
-0.218722662852
-0.213260050209
-0.207750814043
-0.202191247911
-0.19657787646
-0.190907467759
-0.185177044019
-0.179383890691
-0.173525563947
-0.167599896576
-0.161605002296
-0.145460561913
-0.138703128498
-0.131902517831
-0.125058844927
-0.118172380937
-0.111243552704
-0.104272941562
-0.0972612813786
-0.0902094558724
-0.0831184952074
-0.0759895719022
-0.0688239960719
-0.0616232100356
-0.0543887823199
-0.0471224010944
-0.039825867077
-0.0325010859463
-0.0251500603049
-0.0177748812355
-0.0103777194953
-0.00296081639568
0.00447352558632
0.0119229524163
0.0193850682816
0.0268574454929
0.0343376344578
0.0418231736783
0.0493115997226
0.0568004571246
0.0642873081629
0.0717697424739
0.0792453864551
0.0867119124137
0.0941670474209
0.101608581831
0.109034377432
0.116442375187
0.123830602536
0.131197180239
0.138540328707
0.14585837383
0.153149752251
0.160413016091
0.167646837091
0.174850010172
0.182021456397
0.189160225332
0.1962654968
0.203336582033
0.210372924223
0.21737409847
0.22433981116
0.231269898749
0.238164326005
0.245023183699
0.251846685778
0.258635166033
0.265389074301
0.272108972211
0.278795528512
0.281798116051
0.288502856954
0.295194671299
0.301874199801
0.308542098158
0.315199034017
0.321845683916
0.328482730215
0.335110858047
0.341730752309
0.348343094689
0.354948560741
0.361547817007
0.368141518201
0.374730304494
0.381314798904
0.387895604801
0.394473303523
0.401048452099
0.407621581116
0.41419319273
0.42076375885
0.427333719488
0.433903481268
0.440473416093
0.447043859989
0.453615112145
0.46018743415
0.466761049429
0.473336142853
0.479912860536
0.48649130982
0.493071559465
0.49965364004
0.506237544504
0.512823228973
0.51941061364
0.525999583881
0.532589991538
0.539181656385
0.545774367741
0.552367886237
0.558961945699
0.565556255164
0.572150501038
0.578744349367
0.585337448213
0.591929430109
0.59851991458
0.605108510726
0.611694819873
0.618278438273
0.624858959834
0.631435978854
0.638009092736
0.644577904706
0.651142026504
0.657701081058
0.664254705105
0.670802551735
0.668246786792
0.674875300033
0.681508991687
0.688144691026
0.694779250274
0.701409566142
0.708032601014
0.714645403662
0.721245129355
0.727829059282
0.734394619147
0.740939396848
0.747461159135
0.753957867157
0.760427690805
0.766869021772
0.773280485265
0.779660950286
0.78600953843
0.79232563116
0.798608875494
0.804859188103
0.811076757759
0.817262046144
0.823415786994
0.829538983601
0.835632904659
0.841699078496
0.847739285705
0.853755550223
0.859750128886
0.865725499535
0.87168434772
0.877629552082
0.883564168472
0.889491412915
0.895414643475
0.901337341159
0.907263089919
0.913195555891
0.919138465955
0.925095585751
0.931070697248
0.937067576004
0.943089968229
0.949141567774
0.955225993172
0.961346764849
0.967507282637
0.973710803703
0.979960421023
0.986259042502
0.992609370878
0.999013884492
1.00547481906
1.01199415053
1.01857357912
1.02521451465
1.0319180632
1.03868501528
1.06048118221
1.06747610577
1.07447613735
1.08147859515
1.0884807615
1.09547989149
1.1024732218
1.10945797949
1.11643139093
1.1233906907
1.13033313049
1.13725598795
1.14415657548
1.1510322489
1.15788041598
1.16469854482
1.17148417202
1.17823491068
1.18494845805
1.19162260299
1.19825523311
1.20484434156
1.21138803346
1.21788453202
1.22433218421
1.23072946601
1.23707498723
1.24336749597
1.24960588244
1.2557891825
1.2619165805
1.26798741182
1.27400116475
1.27995748194
1.28585616125
1.29169715615
1.29748057557
1.30320668316
1.30887589613
1.31448878349
1.32004606378
1.32554860235
1.33099740807
1.33639362957
1.34173855109
1.34703358769
1.35228028022
1.35748028972
1.36263539146
1.3677474686
1.3728185055
1.37785058062
1.38284585921
1.38780658559
1.39273507527
1.39763370678
1.40250491328
1.40735117404
1.41217500572
1.41697895359
1.43302891291
1.438597757
1.44415076546
1.44968760822
1.45520795918
1.46071149617
1.46619790086
1.4716668588
1.4771180594
1.48255119594
1.48796596568
1.49336206993
1.49873921422
1.50409710842
1.50943546708
1.51475400962
1.5200524607
1.52533055066
1.53058801592
1.53582459954
1.54104005178
1.54623413078
1.55140660327
1.55655724536
1.56168584341
1.56679219495
1.5718761097
1.57693741063
1.58197593509
1.58699153603
1.59198408328
1.59695346484
1.60189958833
1.60682238241
1.61172179826
1.61659781116
1.62145042207
1.62627965927
1.63108558001
1.6358682722
1.64062785616
1.64536448628
1.65007835285
1.65476968371
1.65943874606
1.66408584813
1.66871134093
1.67331561988
1.67789912651
1.68246235001
1.68700582882
1.69153015211
1.69603596122
1.70052395101
1.70499487117
1.70944952736
1.71388878237
1.7183135571
1.72272483144
1.7271236451
1.73536732346
1.73693749166
1.73849217045
1.74004066282
1.74159234439
1.7431566393
1.74474299585
1.74636086215
1.74801966167
1.74972876894
1.75149748534
1.75333501509
1.7552504416
1.75725270409
1.75935057469
1.76155263607
1.76386725955
1.76630258396
1.76886649511
1.7715666061
1.7744102384
1.77740440385
1.78055578763
1.78387073213
1.78735522201
1.79101487017
1.79485490507
1.79888015899
1.80309505772
1.8075036113
1.81210940618
1.81691559854
1.82192490904
1.82713961876
1.83256156661
1.83819214794
1.84403231462
1.85008257632
1.8563430032
1.86281322993
1.86949246088
1.87637947671
1.88347264216
1.89076991497
1.89826885615
1.90596664119
1.91386007253
1.92194559296
1.93021930008
1.9386769617
1.94731403208
1.95612566906
1.9651067519
1.97425189986
1.98355549142
1.99301168399
2.00261443421
2.01235751864
2.02223455478
2.0322390224
2.10041891031
2.1096514487
2.11894821388
2.1283059408
2.13772134762
2.14719114623
2.15671205267
2.16628079748
2.1758941358
2.18554885725
2.19524179568
2.20496983849
2.21472993568
2.22451910863
2.23433445831
2.24417317325
2.25403253695
2.26390993487
2.27380286087
2.2837089232
2.29362584984
2.3035514934
2.31348383535
2.32342098969
2.33336120604
2.34330287205
2.35324451529
2.36318480445
2.37312254993
2.38305670381
2.39298635924
2.40291074918
2.41282924453
2.42274135171
2.43264670965
2.44254508619
2.45243637397
2.46232058578
2.4721978494
2.482068402
2.491932584
2.50179083264
2.51164367498
2.52149172068
2.53133565437
2.54117622772
2.55101425124
2.56085058587
2.57068613435
2.5805218324
2.59035863983
2.6001975315
2.61003948831
2.61988548805
2.62973649641
2.63959345799
2.64945728737
2.65932886041
2.66920900563
2.67909849589
2.70500135947
2.71529763412
2.72556119251
2.73579049947
2.74598402847
2.75614026354
2.76625770099
2.77633485111
2.78637023971
2.7963624097
2.80630992268
2.81621136047
2.82606532658
2.83587044744
2.84562537354
2.85532878062
2.8649793708
2.8745758736
2.88411704678
2.89360167696
2.90302858027
2.91239660294
2.92170462178
2.93095154453
2.94013630998
2.94925788798
2.95831527941
2.96730751613
2.97623366077
2.98509280631
2.99388407549
3.00260662017
3.01125962065
3.01984228491
3.02835384767
3.03679356923
3.04516073421
3.05345465024
3.06167464667
3.06982007306
3.07789029752
3.0858847049
3.0938026949
3.10164368015
3.10940708433
3.11709233996
3.12469888619
3.13222616639
3.13967362577
3.14704070909
3.15432685817
3.1615315093
3.16865409062
3.1756940194
3.18265069949
3.18952351875
3.19631184638
3.20301503024
3.20963239411
3.21616323513
3.14670013431
3.15295188092
3.1590863169
3.16510156512
3.17099581597
3.17676732646
3.18241441889
3.18793547917
3.19332895519
3.19859335455
3.20372724234
3.20872923871
3.21359801594
3.21833229575
3.22293084611
3.227392478
3.2317160422
3.23590042557
3.23994454769
3.24384735714
3.24760782767
3.25122495462
3.25469775094
3.25802524349
3.26120646923
3.26424047132
3.26712629553
3.26986298639
3.27244958358
3.27488511848
3.27716861049
3.27929906382
3.28127546416
3.28309677548
3.28476193721
3.28626986113
3.28761942886
3.28880948926
3.28983885592
3.29070630519
3.29141057398
3.29195035795
3.29232431
3.2925310386
3.29256910678
3.29243703092
3.29213327995
3.29165627479
3.29100438777
3.2901759425
3.28916921383
3.28798242787
3.28661376256
3.28506134799
3.2833232672
3.28139755714
3.27928220953
3.27697517232
3.27447435085
3.27177760948
3.23203646348
3.22890719468
3.22545147548
3.2216652655
3.21754470877
3.21308613057
3.2082860298
3.20314108289
3.19764816156
3.19180435089
3.18560695309
3.17905347865
3.17214164083
3.16486936491
3.15723480669
3.14923636355
3.14087266959
3.13214258427
3.12304519116
3.11357981117
3.10374601797
3.09354364002
3.082972749
3.0720336493
3.06072688185
3.04905323862
3.03701377147
3.02460978518
3.01184282211
2.99871465541
2.98522729719
2.97138301069
2.95718431051
2.94263394814
2.92773489668
2.91249034906
2.89690372832
2.88097869419
2.86471913413
2.84812914451
2.83121301848
2.8139752492
2.79642053891
2.77855379752
2.76038012596
2.74190479669
2.72313324687
2.7040710847
2.68472409409
2.66509822455
2.64519956973
2.62503435095
2.60460891605
2.58392974604
2.56300345299
2.54183676227
2.52043649025
2.49880953348
2.47696287207
2.45490357366
2.38908833721
2.37091469436
2.35264342882
2.33427428973
2.31580695011
2.29724101275
2.27857601481
2.25981143209
2.24094668449
2.221981143
2.2029141368
2.18374495926
2.16447287278
2.14509711416
2.12561690145
2.1060314417
2.08633993798
2.06654159487
2.04663562367
2.02662124866
2.00649771465
1.98626429451
1.96592029532
1.94546506334
1.9248979893
1.9042185152
1.88342614159
1.86252043398
1.84150102767
1.82036763201
1.7991200357
1.77775811327
1.75628183116
1.73469125227
1.71298653929
1.69116795822
1.66923588326
1.64719080196
1.62503331938
1.60276416038
1.58038417145
1.55789432345
1.5352957153
1.51258957716
1.48977727197
1.46686029557
1.44384027723
1.42071898122
1.39749830868
1.37418029826
1.35076712489
1.32726109816
1.30366466148
1.27998039227
1.25621100144
1.2323593312
1.20842835157
1.1844211573
1.16034096586
1.13619111577
0.74926658223
0.721900805795
0.694689517727
0.667642191265
0.640768086224
0.614076317205
0.587575814563
0.561275214071
0.535182794132
0.509306525261
0.48365416771
0.458233297956
0.433051226799
0.408114896691
0.383430869986
0.359005415388
0.33484458724
0.310954201221
0.287339730124
0.264006236568
0.24095841833
0.218200713921
0.195737348359
0.173572269705
0.151709054406
0.13015089705
0.108900704445
0.0879611951307
0.0673349002053
0.0470240757609
0.0270306395489
0.00735621698476
-0.0119977440011
-0.0310299088117
-0.0497391036909
-0.068124406996
-0.0861851654889
-0.103920902545
-0.121331208691
-0.138415724093
-0.155174215395
-0.17160663918
-0.187713098056
-0.203493717289
-0.218948559688
-0.234077650838
-0.248881058325
-0.263358905231
-0.277511272855
-0.291338074384
-0.304839014143
-0.318013648126
-0.330861444686
-0.34338174377
-0.355573629621
-0.367435831015
-0.378966730797
-0.390164439771
-0.401026814775
-0.411551363589
-0.410794802815
-0.428951004338
-0.446853134806
-0.464497190999
-0.481879262467
-0.498995526311
-0.515842260828
-0.532415867307
-0.548712879519
-0.56472995546
-0.580463867451
-0.595911508685
-0.611069914314
-0.625936277421
-0.640507946218
-0.654782411294
-0.668757303451
-0.68243040944
-0.695799690739
-0.708863286303
-0.721619499038
-0.734066784807
-0.746203759022
-0.758029213801
-0.769542125087
-0.780741640471
-0.791627060977
-0.802197836528
-0.812453577356
-0.822394063404
-0.832019235339
-0.841329172174
-0.850324075876
-0.859004274016
-0.867370228833
-0.875422532495
-0.883161884306
-0.890589066706
-0.897704937642
-0.904510436367
-0.911006582735
-0.917194457287
-0.923075172041
-0.928649852482
-0.933919637051
-0.938885678547
-0.943549128858
-0.947911107934
-0.951972676259
-0.955734825057
-0.959198476129
-0.96236447066
-0.9652335387
-0.967806263392
-0.970083059226
-0.972064165335
-0.973749635294
-0.975139307595
-0.976232762829
-0.977029287946
-0.708446569663
-0.711044036043
-0.713391100046
-0.715493979741
-0.717358990053
-0.718992268048
-0.720399998647
-0.721588842489
-0.722566023643
-0.723338946935
-0.723914784492
-0.724300509366
-0.724503314568
-0.724530891042
-0.724391210198
-0.724092057493
-0.723640866326
-0.723045040052
-0.722312361342
-0.721450984311
-0.720469011365
-0.719374160875
-0.718173923754
-0.716876017463
-0.71548858794
-0.714019916441
-0.712477988622
-0.710870451188
-0.709205013872
-0.707489816968
-0.705733327167
-0.703943895707
-0.702129521771
-0.700298116121
-0.698457954949
-0.696617783701
-0.694786453563
-0.692972537912
-0.691184399352
-0.689430631838
-0.687720347317
-0.686062962774
-0.684467746019
-0.68294366829
-0.681499738402
-0.680145408254
-0.678890550566
-0.677745024305
-0.676718339
-0.675819806475
-0.675058975793
-0.67444580141
-0.673990313905
-0.673702160971
-0.673590539896
-0.673664565919
-0.673933590305
-0.674407039575
-0.675093923275
-0.676002555563
-0.655774321675
-0.646726760278
-0.637362802541
-0.627757696349
-0.617987631535
-0.608129499789
-0.598260549665
-0.588457923886
-0.578798101156
-0.569356291735
-0.56020584996
-0.55141776082
-0.543060234041
-0.535198406937
-0.527894123363
-0.521205733465
-0.515187853906
-0.509891040656
-0.505361355508
-0.501639841568
-0.498761952376
-0.49675699648
-0.495647655994
-0.495449617519
-0.496171322247
-0.497813807121
-0.500370584498
-0.503827498408
-0.508162505133
-0.513345352853
-0.519337168175
-0.526089989211
-0.533546304479
-0.541638657071
-0.550289357
-0.55941031363
-0.568902965336
-0.578658256857
-0.588556601478
-0.598467772302
-0.608250690808
-0.617753113292
-0.626811249448
-0.635249368897
-0.642879455728
-0.649500957658
-0.654900646534
-0.658852572928
-0.66111806813
-0.661445730392
-0.65957133639
-0.655217639191
-0.648094046017
-0.637896203483
-0.624305541461
-0.60698883533
-0.585597835287
-0.559768983772
-0.529123208689
-0.49326574809
2.61303764407
2.78887898423
2.97047137959
3.15842265073
3.35335466651
3.55591039823
3.76676247683
3.98662265213
4.21625143443
4.45646722578
4.70815429958
4.97226907854
5.2498443709
5.54199137852
5.84989953059
6.17483441327
6.51813422008
6.88120534515
7.26551779607
7.67260115464
8.10404179836
8.56148196366
9.04662113349
9.56122001167
10.1071071426
10.686188046
11.3004564911
11.9520074152
12.6430508458
13.3759261222
14.1531157503
14.9772582461
15.8511594904
16.7778022743
17.7603539046
18.8021719938
19.9068087229
21.0780140848
22.3197387501
23.636137263
25.0315723435
26.5106209866
28.0780829786
29.7389922989
31.4986316575
33.3625502524
35.336584582
37.42688197
39.6399263194
41.9825654646
44.462039494
47.0860093974
49.8625854823
52.8003551651
55.9084098812
59.1963711152
62.6744157432
66.3533010875
70.2443902985
74.3596787674
24.9826537065
24.5103885985
24.0292828921
23.5398880725
23.0427502803
22.5384098317
22.027400745
21.5102502743
20.987478591
20.459598401
19.9271146812
19.3905244675
18.8503166118
18.3069716997
17.7609619164
17.2127509895
16.6627942188
16.1115384416
15.5594221433
15.0068755327
14.454320633
13.9021714768
13.3508342046
12.8007072717
12.25218164
11.7056409277
11.1614616716
10.6200134837
10.0816592713
9.54675547008
9.01565218963
8.48869346747
7.96621742872
7.44855646145
6.93603744438
6.42898186441
5.92770604026
5.43252129139
4.94373408754
4.46164629232
3.98655529927
3.51875426151
3.05853231856
2.60617477633
2.16196341547
1.72617671783
1.2990901688
0.880976617078
0.472106572068
0.0727486473872
-0.316830042063
-0.696363440784
-1.06558601087
-1.42423226581
-1.7720361664
-2.108730524
-2.43404640244
-2.74771238718
-3.04945393367
-3.33899260867
-435.281293586
-884.522262664
-1343.26646893
-1799.19139627
-2239.5080897
-2651.16059579
-3021.03222697
-3336.15534751
-3583.92130315
-3752.28709297
-3829.9754121
-3806.66477752
-3673.16658447
-3421.58612678
-3045.46484793
-2539.90136671
-1901.64913971
-1129.18897504
-222.774995591
815.546942582
1981.94894554
3270.85902094
4675.02695002
6185.61733864
7792.32866109
9483.53669228
11246.4603272
13067.3474173
14931.6779179
16824.3813424
18730.0652669
20633.2514198
22518.6157374
24371.2286611
26176.7919083
27921.8679551
29594.0985344
31182.4085775
32677.1921998
34070.4775602
35356.0677023
36529.6548049
37588.9056347
38533.5163923
39365.2355696
40087.8538918
40707.1608851
41230.868093
41668.4994474
42031.2497828
42331.8129513
42584.1814514
42803.4199106
43005.4151641
43206.6060336
43423.6962342
43673.3541106
43971.9031347
44335.0072617
44777.3553663
47003.2583341
47008.8683851
47017.1038652
47026.5762678
47035.897734
47043.6892051
47048.5882106
47049.2562331
47044.3856023
47032.7058698
47012.9896278
46984.0577364
46944.7839348
46894.0988147
46830.9931437
46754.5205331
46663.7994487
46558.0145749
46436.417543
46298.3270473
46143.1283726
45970.2723667
45779.2738957
45569.7098218
45341.2165528
45093.4872104
44826.2684721
44539.3571396
44232.5964926
43905.8724828
43559.1098287
43192.2680655
42805.3376081
42398.3358799
41971.3035606
41524.3009989
41057.4048373
40570.7048878
40064.3012949
39538.3020165
38992.8206472
38427.9746049
37843.8836919
37240.6690401
36618.4524402
35977.3560501
35317.5024729
34639.0151854
33942.0192977
33226.6426143
32493.016965
31741.279769
30971.5757919
30184.0590508
29378.8948216
28556.2616993
27716.3536618
26859.3820864
25985.5776677
25095.192188
20994.1535177
20019.3520404
19046.8211284
18076.2020404
17106.8882031
16138.0526552
15168.6780216
14197.5883009
13223.481741
12244.9640835
11260.5814798
10268.8524154
9268.29803047
8257.47028404
7234.97748242
6199.50677233
5149.8432882
4084.885735
3003.65828435
1905.31875746
789.163163104
-345.373250384
-1498.71818578
-2671.16741001
-3862.89240273
-5073.95009776
-6304.2942323
-7553.78778912
-8822.21600269
-10109.2993997
-11414.7063591
-12738.0647061
-14078.9718966
-15437.003404
-16811.718987
-18202.6665915
-19609.3837266
-21031.3962382
-22468.2145027
-23919.3271494
-25384.1925174
-26862.2281359
-28352.798599
-29855.2022774
-31368.6573696
-32892.2878444
-34425.1098576
-35966.0192447
-37513.7806927
-39067.0191773
-40624.2142185
-42183.6974585
-43743.6539984
-45302.1278521
-46857.0317777
-48406.1616466
-49947.2153932
-51477.8164686
-52995.5415995
-54497.9525279
2078657205.97
4148640336.16
6207717062.56
8253669742.06
10284436318.1
12298103084.9
14292889959.8
16267138303.0
18219307276.3
20147971612.7
22051811058.2
23929593528.7
25780162554.7
27602432151.1
29395380105.5
31158032177.4
32889442726.4
34588682445.0
36254833507.8
37886982156.4
39484203928.0
41045549573.9
42570040833.4
44056672815.8
45504412240.8
46912189294.5
48278892475.7
49603373022.7
50884452445.8
52120922921.8
53311541535.4
54455028807.1
55550075556.7
56595349587.3
57589493869.7
58531120627.5
59418811942.7
60251127905.1
61026612290.8
61743789803.9
62401161944.2
62997211005.4
63530409879.9
63999226958.0
64402123028.2
64737549281.9
65003954008.9
65199792606.7
65323530556.1
65373639471.6
65348596551.9
65246892405.4
65067039345.8
64807571167.9
64467037783.4
64044005412.3
63537064366.4
62944834866.8
62265964236.5
61499121902.8
