-0.910579332436
-0.910554363822
-0.910504427449
-0.910429524507
-0.910329656431
-0.910204824792
-0.910055031159
-0.909880276947
-0.909680563244
-0.909455890611
-0.909206258874
-0.908931666889
-0.908632112292
-0.908307591236
-0.907958098105
-0.907583625223
-0.907184162538
-0.906759697304
-0.906310213746
-0.905835692715
-0.905336111332
-0.904811442634
-0.904261655201
-0.903686712784
-0.903086573933
-0.902461191611
-0.901810512823
-0.901134478231
-0.90043302178
-0.899706070323
-0.898953543253
-0.898175352141
-0.897371400381
-0.896541582845
-0.895685785552
-0.89480388534
-0.893895749561
-0.89296123579
-0.892000191544
-0.891012454026
-0.889997849884
-0.888956194994
-0.88788729426
-0.886790941439
-0.885666918995
-0.884514997969
-0.883334937883
-0.882126486666
-0.880889380613
-0.879623344368
-0.87832809094
-0.877003321752
-0.875648726711
-0.874263984321
-0.872848761825
-0.871402715373
-0.869925490232
-0.868416721024
-0.866876031998
-0.865303037332
-0.863697341477
-0.862058539523
-0.860386217605
-0.858679953339
-0.856939316287
-0.85516386846
-0.853353164844
-0.85150675396
-0.849624178453
-0.847704975707
-0.845748678488
-0.843754815615
-0.84172291265
-0.839652492618
-0.837543076744
-0.835394185215
-0.833205337952
-0.830976055413
-0.8287058594
-0.826394273884
-0.824040825846
-0.821645046118
-0.819206470247
-0.81672463935
-0.814199100985
-0.811629410018
-0.809015129495
-0.806355831506
-0.803651098051
-0.800900521898
-0.798103707432
-0.795260271494
-0.792369844209
-0.789432069801
-0.786446607384
-0.783413131745
-0.7803313341
-0.777200922828
-0.774021624183
-0.770793182976
-0.767515363235
-0.764187948827
-0.760810744058
-0.75738357423
-0.75390628617
-0.750378748724
-0.746800853205
-0.743172513812
-0.739493668005
-0.735764276837
-0.731984325248
-0.728153822313
-0.724272801452
-0.720341320586
-0.716359462261
-0.712327333715
-0.70824506691
-0.704112818511
-0.699930769825
-0.695699126691
-0.691418119326
-0.687088002131
-0.682709053443
-0.678281575256
-0.673805892885
-0.669282354603
-0.664711331223
-0.660093215653
-0.6554284224
-0.650717387044
-0.645960565679
-0.641158434305
-0.636311488205
-0.631420241279
-0.626485225351
-0.621506989448
-0.616486099053
-0.61142313534
-0.606318694372
-0.601173386297
-0.595987834513
-0.590762674825
-0.585498554581
-0.580196131807
-0.574856074323
-0.569479058858
-0.564065770157
-0.558616900089
-0.553133146756
-0.547615213593
-0.542063808491
-0.536479642908
-0.530863431003
-0.525215888768
-0.519537733184
-0.513829681388
-0.508092449848
-0.502326753573
-0.496533305327
-0.490712814878
-0.484865988258
-0.478993527061
-0.473096127758
-0.467174481042
-0.461229271206
-0.455261175548
-0.449270863803
-0.443258997621
-0.437226230058
-0.431173205121
-0.425100557332
-0.419008911335
-0.412898881535
-0.406771071775
-0.400626075045
-0.394464473229
-0.388286836889
-0.382093725078
-0.375885685196
-0.369663252875
-0.363426951904
-0.357177294175
-0.350914779682
-0.344639896529
-0.338353120989
-0.332054917581
-0.325745739178
-0.31942602715
-0.313096211524
-0.306756711175
-0.300407934041
-0.294050277361
-0.287684127932
-0.281309862388
-0.274927847494
-0.268538440466
-0.262141989295
-0.255738833091
-0.249329302438
-0.242913719761
-0.236492399698
-0.230065649482
-0.223633769331
-0.217197052839
-0.210755787367
-0.204310254442
-0.197860730149
-0.191407485529
-0.18495078696
-0.178490896553
-0.172028072519
-0.165562569551
-0.15909463918
-0.15262453013
-0.146152488663
-0.139678758905
-0.133203583167
-0.126727202246
-0.120249855718
-0.113771782208
-0.107293219649
-0.100814405523
-0.0943355770865
-0.0878569715741
-0.081378826388
-0.0749013792679
-0.0684248684416
-0.0619495327579
-0.0554756117999
-0.04900334598
-0.0425329766156
-0.0360647459864
-0.0295988973732
-0.0231356750783
-0.016675324428
-0.0102180917576
-0.00376422437906
0.00268602946796
0.00913242068132
0.0155746993772
0.0220126149861
0.0284459163629
0.0348743519112
0.0412976697205
0.0477156177153
0.054127943817
0.0605343961148
0.0669347230488
0.0733286736009
0.0797159974946
0.086096445403
0.0924697691634
0.0988357219977
0.105194058739
0.111544536063
0.117886912722
0.124220949781
0.130546410864
0.136863062388
0.143170673815
0.149469017887
0.155757870877
0.162037012826
0.16830622779
0.174565304073
0.180814034473
0.187052216509
0.193279652654
0.199496150568
0.205701523314
0.211895589585
0.218078173914
0.224249106887
0.230408225348
0.236555372597
0.242690398587
0.248813160113
0.254923520996
0.261021352258
0.267106532297
0.273178947052
0.279238490164
0.285285063131
0.291318575456
0.297338944789
0.303346097067
0.309339966643
0.315320496416
0.321287637943
0.327241351564
0.333181606503
0.339108380977
0.345021662291
0.350921446933
0.35680774066
0.362680558583
0.368539925241
0.374385874672
0.380218450484
0.38603770591
0.391843703867
0.397636517005
0.403416227749
0.409182928338
0.414936720859
0.420677717271
0.426406039422
0.432121819067
0.437825197871
0.443516327408
0.44919536915
0.454862494457
0.460517884546
0.466161730461
0.471794233029
0.477415602814
0.483026060051
0.488625834578
0.494215165753
0.499794302366
0.505363502532
0.510923033578
0.516473171915
0.522014202899
0.52754642068
0.533070128032
0.538585636176
0.544093264588
0.549593340785
0.555086200107
0.560572185474
0.566051647136
0.5715249424
0.576992435346
0.582454496523
0.587911502633
0.593363836194
0.59881188519
0.604256042704
0.609696706532
0.615134278781
0.620569165455
0.626001776021
0.63143252296
0.6368618213
0.642290088139
0.647717742151
0.653145203073
0.658572891188
0.664001226783
0.669430629605
0.674861518301
0.680294309841
0.685729418943
0.69116725748
0.696608233875
0.702052752503
0.707501213071
0.712954010002
0.71841153181
0.723874160475
0.729342270815
0.734816229857
0.740296396207
0.745783119426
0.751276739407
0.756777585753
0.762285977168
0.76780222085
0.773326611893
0.778859432702
0.784400952416
0.789951426346
0.795511095425
0.801080185678
0.806658907698
0.812247456157
0.817846009318
0.823454728581
0.829073758043
0.834703224086
0.840343234983
0.845993880536
0.851655231731
0.857327340432
0.863010239087
0.868703940478
0.874408437489
0.88012370291
0.885849689268
0.891586328691
0.897333532799
0.903091192637
0.908859178623
0.914637340548
0.920425507587
0.926223488362
0.932031071021
0.937848023359
0.943674092962
0.949509007394
0.955352474397
0.961204182142
0.96706379949
0.972930976295
0.978805343726
0.984686514627
0.990574083889
0.99646762886
1.00236670977
1.00827087019
1.01417963748
1.02009252333
1.02600902424
1.03192862203
1.03785078445
1.0437749657
1.049700607
1.05562713722
1.06155397343
1.06748052156
1.07340617697
1.07933032513
1.08525234219
1.09117159565
1.09708744499
1.10299924232
1.10890633296
1.11480805615
1.12070374563
1.12659273027
1.13247433472
1.13834787999
1.14421268409
1.15006806257
1.15591332917
1.16174779637
1.16757077595
1.17338157953
1.17917951914
1.18496390772
1.19073405963
1.19648929118
1.20222892106
1.20795227084
1.21365866542
1.21934743343
1.22501790771
1.23066942566
1.23630132966
1.24191296743
1.24750369239
1.25307286401
1.25861984818
1.26414401745
1.26964475141
1.27512143696
1.2805734686
1.2860002487
1.2914011878
1.29677570481
1.30212322736
1.30744319196
1.31273504429
1.31799823945
1.32323224219
1.32843652715
1.33361057912
1.33875389327
1.34386597542
1.34894634226
1.35399452167
1.35901005294
1.36399248705
1.36894138701
1.37385632811
1.37873689824
1.38358269826
1.38839334228
1.39316845807
1.39790768742
1.40261068653
1.40727712641
1.41190669337
1.41649908937
1.42105403262
1.42557125798
1.43005051749
1.43449158098
1.43889423653
1.44325829115
1.44758357132
1.45186992364
1.4561172155
1.46032533574
1.46449419534
1.46862372816
1.47271389165
1.47676466761
1.48077606301
1.48474811073
1.48868087038
1.49257442917
1.49642890268
1.50024443581
1.50402120353
1.50775941185
1.51145929867
1.51512113464
1.51874522413
1.52233190603
1.52588155473
1.52939458098
1.53287143278
1.53631259627
1.53971859662
1.5430899989
1.54642740892
1.54973147407
1.55300288417
1.55624237225
1.55945071532
1.56262873519
1.56577729911
1.56889732055
1.57198975981
1.5750556247
1.57809597111
1.58111190359
1.58410457583
1.5870751912
1.59002500311
1.59295531543
1.59586748283
1.59876291103
1.60164305705
1.60450942938
1.60736358809
1.61020714489
1.61304176311
1.61586915766
1.6186910949
1.62150939243
1.62432591884
1.6271425934
1.62996138565
1.63278431496
1.63561344999
1.63845090812
1.64129885475
1.64415950258
1.64703511085
1.64992798438
1.65284047273
1.6557749691
1.65873390932
1.66171977064
1.66473507059
1.66778236563
1.67086424983
1.67398335347
1.67714234153
1.68034391218
1.68359079519
1.68688575022
1.69023156515
1.69363105428
1.69708705649
1.70060243338
1.70418006732
1.70782285947
1.71153372773
1.71531560468
1.71917143543
1.72310417551
1.72711678858
1.73121224427
1.73539351587
1.739663578
1.74402540432
1.74848196512
1.75303622496
1.75769114024
1.76244965678
1.76731470733
1.77228920916
1.77737606155
1.78257814329
1.7878983102
1.79333939261
1.79890419288
1.80459548284
1.81041600136
1.81636845177
1.82245549941
1.82867976914
1.83504384283
1.84155025694
1.84820150003
1.85500001036
1.86194817345
1.86904831972
1.87630272207
1.88371359361
1.89128308526
1.89901328353
1.90690620823
1.91496381024
1.92318796935
1.93158049207
1.94014310952
1.94887747537
1.95778516377
1.96686766738
1.97612639539
1.98556267164
1.9951777327
2.00497272612
2.01494870861
2.02510664432
2.03544740318
2.0459717593
2.05668038934
2.06757387105
2.07865268179
2.08991719711
2.1013676894
2.11300432661
2.12482717099
2.13683617792
2.14903119479
2.16141195993
2.17397810158
2.186729137
2.19966447155
2.21278339787
2.22608509513
2.23956862832
2.25323294763
2.26707688787
2.28109916794
2.29529839043
2.30967304121
2.32422148912
2.3389419857
2.35383266503
2.36889154363
2.38411652033
2.39950537634
2.41505577533
2.43076526351
2.44663126991
2.46265110661
2.47882196909
2.49514093664
2.5116049728
2.52821092596
2.54495552988
2.56183540443
2.5788470563
2.59598687976
2.61325115758
2.63063606191
2.64813765532
2.66575189181
2.68347461795
2.70130157407
2.71922839548
2.7372506138
2.75536365832
2.77356285744
2.79184344012
2.8102005375
2.82862918442
2.84712432118
2.86568079519
2.88429336278
2.90295669104
2.92166535972
2.94041386313
2.9591966122
2.97800793649
2.99684208629
3.01569323481
3.03455548033
3.05342284848
3.07228929452
3.09114870569
3.10999490359
3.12882164661
3.14762263237
3.16639150029
3.18512183407
3.20380716432
3.22244097117
3.24101668694
3.25952769879
3.2779673515
3.29632895019
3.31460576309
3.33279102443
3.35087793717
3.36885967596
3.38672938999
3.4044802059
3.42210523072
3.43959755485
3.45695025499
3.47415639717
3.49120903975
3.50810123643
3.52482603929
3.54137650187
3.55774568218
3.57392664582
3.58991246905
3.60569624184
3.621271071
3.6366300833
3.65176642852
3.66667328259
3.6813438507
3.6957713704
3.70994911471
3.72387039523
3.73752856527
3.7509170229
3.76402921411
3.77685863586
3.78939883917
3.80164343223
3.81358608344
3.8252205245
3.83654055343
3.84754003764
3.85821291693
3.86855320655
3.87855500014
3.88821247277
3.89751988389
3.90647158028
3.91506199897
3.92328567019
3.93113722023
3.93861137435
3.94570295957
3.95240690758
3.95871825744
3.96463215845
3.97014387284
3.97524877848
3.97994237162
3.98422026949
3.98807821293
3.99151206902
3.99451783357
3.99709163365
3.9992297301
4.00092851989
4.00218453857
4.00299446257
4.0033551115
4.00326345041
4.00271659198
4.00171179864
4.00024648467
3.99831821823
3.99592472333
3.9930638817
3.98973373471
3.98593248505
3.98165849851
3.97691030559
3.97168660307
3.96598625546
3.95980829649
3.95315193034
3.94601653297
3.93840165323
3.93030701394
3.92173251291
3.91267822375
3.90314439674
3.89313145951
3.88264001761
3.87167085501
3.86022493452
3.84830339804
3.83590756675
3.82303894119
3.80969920117
3.79589020565
3.78161399244
3.7668727778
3.75166895593
3.73600509834
3.71988395306
3.7033084438
3.68628166889
3.66880690018
3.65088758177
3.63252732861
3.61372992499
3.59449932289
3.57483964021
3.55475515885
3.5342503227
3.51332973547
3.49199815839
3.47026050782
3.44812185266
3.42558741175
3.40266255103
3.37935278064
3.35566375188
3.33160125408
3.30717121129
3.28237967895
3.25723284033
3.23173700299
3.205898595
3.17972416119
3.15322035919
3.12639395541
3.09925182099
3.07180092753
3.04404834287
3.0160012267
2.98766682611
2.95905247109
2.93016556997
2.90101360474
2.87160412636
2.84194475001
2.81204315031
2.78190705643
2.75154424721
2.7209625463
2.69016981713
2.65917395805
2.62798289724
2.59660458782
2.5650470028
2.5333181301
2.5014259676
2.46937851813
2.43718378453
2.40484976476
2.37238444698
2.33979580469
2.30709179193
2.27428033853
2.24136934538
2.20836667978
2.17528017086
2.14211760506
2.10888672171
2.07559520865
2.04225069796
2.00886076177
1.97543290819
1.94197457729
1.90849313725
1.87499588056
1.84149002035
1.80798268684
1.77448092392
1.74099168582
1.70752183394
1.6740781338
1.64066725207
1.60729575383
1.57397009991
1.5406966443
1.50748163188
1.47433119609
1.44125135686
1.40824801869
1.37532696878
1.34249387541
1.30975428641
1.27711362776
1.24457720238
1.21215018905
1.17983764144
1.14764448732
1.11557552789
1.08363543727
1.05182876214
1.02015992143
0.988633206265
0.957252779962
0.926022678184
0.894946809218
0.864028954376
0.83327276852
0.802681780702
0.772259394923
0.742008891002
0.711933425552
0.68203603306
0.652319627076
0.622787001482
0.593440831873
0.564283677014
0.535317980382
0.506546071797
0.477970169117
0.449592380016
0.42141470382
0.39343903341
0.365667157186
0.338100761073
0.310741430593
0.28359065297
0.256649819277
0.229920226621
0.203403080361
0.177099496348
0.151010503194
0.125137044555
0.0994799814269
0.0740400944618
0.0488180862775
0.0238145837787
-0.000969859526954
-0.0255347612171
-0.0498797076512
-0.07400435168
-0.0979084103702
-0.121591662747
-0.145053947562
-0.168295161078
-0.191315254894
-0.214114233787
-0.236692153599
-0.259049119151
-0.281185282196
-0.303100839418
-0.324796030464
-0.34627113603
-0.367526475978
-0.388562407519
-0.409379323424
-0.429977650302
-0.450357846919
-0.470520402571
-0.49046583551
-0.510194691423
-0.529707541964
-0.549004983346
-0.568087634975
-0.586956138153
-0.605611154827
-0.624053366394
-0.642283472563
-0.660302190269
-0.67811025264
-0.695708408023
-0.713097419053
-0.730278061784
-0.747251124862
-0.764017408759
-0.780577725043
-0.796932895708
-0.813083752548
-0.82903113657
-0.844775897463
-0.860318893104
-0.875660989104
-0.890803058405
-0.905745980903
-0.920490643118
-0.935037937901
-0.949388764171
-0.963544026687
-0.977504635857
-0.991271507568
-1.00484556306
-1.01822772879
-1.03141893641
-1.04442012263
-1.05723222925
-1.0698562031
-1.08229299607
-1.09454356514
-1.10660887239
-1.11848988508
-1.13018757572
-1.14170292213
-1.15303690756
-1.16419052078
-1.17516475619
-1.18596061393
-1.19657910001
-1.20702122647
-1.21728801145
-1.22738047937
-1.23729966105
-1.24704659384
-1.25662232178
-1.26602789569
-1.27526437333
-1.28433281953
-1.29323430629
-1.30196991291
-1.31054072611
-1.3189478401
-1.3271923567
-1.33527538544
-1.34319804362
-1.35096145637
-1.35856675673
-1.3660150857
-1.37330759227
-1.38044543345
-1.38742977428
-1.39426178786
-1.40094265532
-1.40747356578
-1.41385571637
-1.42009031216
-1.42617856609
-1.4321216989
-1.43792093908
-1.44357752272
-1.44909269344
-1.45446770227
-1.45970380745
-1.46480227437
-1.46976437534
-1.47459138943
-1.47928460229
-1.48384530595
-1.48827479857
-1.49257438426
-1.49674537281
-1.50078907944
-1.50470682455
-1.50849993341
-1.51216973593
-1.51571756629
-1.51914476272
-1.52245266707
-1.52564262459
-1.52871598352
-1.53167409476
-1.53451831154
-1.53724998901
-1.5398704839
-1.54238115414
-1.54478335844
-1.54707845594
-1.54926780578
-1.55135276671
-1.55333469667
-1.5552149524
-1.55699488899
-1.55867585948
-1.56025921443
-1.56174630149
-1.56313846499
-1.56443704551
-1.56564337943
-1.56675879852
-1.56778462953
-1.56872219374
-1.56957280654
-1.57033777705
-1.57101840764
-1.57161599359
-1.57213182263
-1.57256717458
-1.57292332092
-1.57320152445
-1.57340303887
-1.57352910842
-1.57358096755
-1.57355984052
-1.57346694109
-1.5733034722
-1.5730706256
-1.5727695816
-1.57240150873
-1.57196756348
-1.57146889004
-1.57090662001
-1.5702818722
-1.56959575235
-1.56884935298
-1.56804375315
-1.56718001829
-1.56625920005
-1.56528233612
-1.56425045013
-1.56316455152
-1.56202563545
-1.5608346827
-1.55959265963
-1.55830051813
-1.55695919556
-1.5555696148
-1.55413268417
-1.55264929755
-1.55112033434
-1.54954665955
-1.5479291239
-1.54626856384
-1.54456580172
-1.5428216459
-1.54103689084
-1.53921231734
-1.53734869262
-1.53544677054
-1.53350729182
-1.53153098419
-1.52951856267
-1.52747072977
-1.52538817572
-1.52327157877
-1.52112160543
-1.51893891071
-1.51672413848
-1.5144779217
-1.51220088272
-1.50989363361
-1.50755677645
-1.50519090364
-1.50279659824
-1.50037443426
-1.49792497699
-1.49544878331
-1.49294640204
-1.49041837424
-1.48786523351
-1.48528750635
-1.48268571242
-1.48006036488
-1.4774119707
-1.47474103089
-1.47204804089
-1.46933349074
-1.46659786542
-1.46384164511
-1.46106530538
-1.45826931751
-1.45545414864
-1.45262026205
-1.44976811731
-1.44689817048
-1.44401087431
-1.44110667835
-1.43818602914
-1.43524937029
-1.43229714262
-1.42932978425
-1.42634773066
-1.42335141476
-1.42034126692
-1.41731771501
-1.41428118439
-1.41123209789
-1.40817087581
-1.40509793585
-1.40201369303
-1.39891855964
-1.3958129451
-1.39269725588
-1.38957189535
-1.3864372636
-1.3832937573
-1.38014176955
-1.37698168958
-1.37381390266
-1.37063878977
-1.36745672742
-1.36426808738
-1.36107323639
-1.35787253592
-1.35466634188
-1.35145500429
-1.348238867
-1.34501826739
-1.341793536
-1.33856499627
-1.33533296417
-1.33209774785
-1.32885964736
-1.32561895425
-1.32237595129
-1.31913091206
-1.31588410068
-1.31263577145
-1.3093861685
-1.3061355255
-1.30288406532
-1.29963199973
-1.29637952905
-1.29312684194
-1.28987411505
-1.28662151276
-1.28336918692
-1.28011727665
-1.27686590802
-1.27361519392
-1.27036523379
-1.26711611349
-1.26386790513
-1.2606206669
-1.25737444295
-1.2541292633
-1.25088514378
-1.2476420859
-1.24440007691
-1.24115908969
-1.23791908284
-1.23468000067
-1.23144177326
-1.22820431659
-1.2249675326
-1.22173130935
-1.2184955212
-1.21526002898
-1.21202468022
-1.20878930937
-1.2055537381
-1.2023177756
-1.19908121888
-1.19584385312
-1.19260545208
-1.18936577847
-1.18612458438
-1.18288161176
-1.17963659286
-1.17638925075
-1.17313929985
-1.16988644646
-1.16663038935
-1.16337082033
-1.16010742486
-1.15683988271
-1.15356786855
-1.15029105269
-1.1470091017
-1.14372167914
-1.14042844626
-1.13712906273
-1.13382318739
-1.13051047897
-1.12719059686
-1.12386320189
-1.1205279571
-1.11718452848
-1.11383258582
-1.11047180343
-1.10710186097
-1.10372244422
-1.10033324585
-1.09693396623
-1.0935243142
-1.09010400783
-1.08667277519
-1.08323035508
-1.07977649783
-1.07631096598
-1.07283353501
-1.06934399405
-1.06584214657
-1.06232781102
-1.05880082151
-1.05526102843
-1.05170829903
-1.04814251803
-1.04456358817
-1.0409714307
-1.03736598595
-1.03374721375
-1.03011509388
-1.02646962649
-1.02281083247
-1.01913875381
-1.01545345387
-1.0117550177
-1.00804355225
-1.00431918656
-1.00058207195
-0.996832382126
-0.993070313238
-0.989296083963
-0.985509935476
-0.981712131421
-0.97790295782
-0.97408272295
-0.970251757173
-0.966410412726
-0.962559063465
-0.958698104566
-0.954827952185
-0.950949043074
-0.947061834153
-0.943166802041
-0.939264442545
-0.935355270103
-0.931439817192
-0.927518633689
-0.923592286198
-0.919661357328
-0.915726444944
-0.911788161371
-0.907847132564
-0.903903997244
-0.899959405996
-0.896014020334
-0.892068511739
-0.888123560653
-0.884179855459
-0.880238091423
-0.876298969608
-0.872363195772
-0.868431479232
-0.864504531714
-0.860583066178
-0.856667795631
-0.852759431914
-0.848858684483
-0.844966259175
-0.841082856965
-0.83720917271
-0.83334589389
-0.82949369935
-0.825653258029
-0.821825227699
-0.818010253701
-0.814208967691
-0.810421986385
-0.806649910323
-0.802893322637
-0.799152787834
-0.795428850603
-0.791722034626
-0.788032841425
-0.784361749221
-0.780709211824
-0.777075657547
-0.773461488155
-0.769867077837
-0.766292772221
-0.762738887419
-0.759205709114
-0.755693491684
-0.752202457372
-0.748732795493
-0.745284661697
-0.741858177269
-0.738453428486
-0.735070466022
-0.731709304405
-0.728369921531
-0.725052258228
-0.721756217884
-0.718481666124
-0.715228430559
-0.711996300579
-0.708785027223
-0.705594323098
-0.702423862372
-0.69927328082
-0.696142175943
-0.693030107146
-0.689936595981
-0.686861126457
-0.683803145418
-0.680762062974
-0.677737253016
-0.674728053775
-0.671733768462
-0.668753665963
-0.665786981598
-0.662832917948
-0.659890645736
-0.656959304775
-0.654038004974
-0.651125827398
-0.648221825395
-0.645325025771
-0.642434430021
-0.639549015615
-0.636667737334
-0.633789528655
-0.630913303187
-0.628037956142
-0.625162365868
-0.6222853954
-0.619405894074
-0.616522699157
-0.613634637527
-0.610740527372
-0.607839179931
-0.604929401248
-0.602009993964
-0.599079759119
-0.596137497977
-0.593182013869
-0.590212114043
-0.587226611532
-0.584224327018
-0.581204090709
-0.578164744218
-0.575105142429
-0.572024155371
-0.568920670077
-0.565793592431
-0.562641849007
-0.559464388887
-0.556260185459
-0.553028238193
-0.549767574394
-0.54647725092
-0.543156355876
-0.539804010271
-0.536419369635
-0.5330016256
-0.529550007442
-0.52606378357
-0.522542262973
-0.51898479662
-0.515390778804
-0.51175964843
-0.508090890255
-0.504384036059
-0.500638665767
-0.496854408498
-0.493030943561
-0.489168001375
-0.485265364327
-0.481322867567
-0.477340399719
-0.473317903536
-0.469255376474
-0.465152871191
-0.461010495985
-0.456828415139
-0.452606849204
-0.448346075203
-0.444046426753
-0.43970829412
-0.435332124192
-0.43091842037
-0.426467742395
-0.421980706088
-0.417457983021
-0.412900300103
-0.408308439106
-0.403683236101
-0.399025580833
-0.394336416016
-0.389616736558
-0.384867588722
-0.380090069206
-0.375285324167
-0.370454548176
-0.365598983101
-0.360719916938
-0.355818682574
-0.350896656493
-0.345955257423
-0.340995944931
-0.336020217962
-0.331029613328
-0.326025704146
-0.321010098233
-0.315984436455
-0.310950391034
-0.305909663814
-0.300863984495
-0.295815108828
-0.290764816778
-0.285714910666
-0.280667213269
-0.275623565915
-0.270585826539
-0.265555867737
-0.260535574789
-0.25552684368
-0.250531579109
-0.245551692482
-0.240589099915
-0.235645720218
-0.230723472896
-0.225824276141
-0.220950044834
-0.216102688559
-0.211284109622
-0.206496201087
-0.201740844832
-0.197019909613
-0.19233524916
-0.187688700292
-0.183082081057
-0.1785171889
-0.173995798866
-0.169519661829
-0.165090502759
-0.160710019027
-0.156379878746
-0.152101719152
-0.147877145034
-0.143707727195
-0.139595000975
-0.135540464808
-0.131545578838
-0.127611763575
-0.123740398614
-0.1199328214
-0.116190326048
-0.11251416222
-0.108905534062
-0.10536559919
-0.10189546774
-0.0984962014775
-0.0951688129676
-0.0919142647998
-0.0887334688806
-0.0856272857842
-0.0825965241659
-0.0796419402383
-0.0767642373089
-0.0739640653811
-0.0712420208178
-0.0685986460674
-0.066034429452
-0.0635498050193
-0.0611451524546
-0.0588207970566
-0.0565770097729
-0.0544140072975
-0.052331952228
-0.0503309532827
-0.048411065577
-0.0465722909573
-0.044814578393
-0.043137824425
-0.0415418736695
-0.0400265193762
-0.0385915040407
-0.0372365200686
-0.0359612104914
-0.0347651697315
-0.0336479444169
-0.0326090342424
-0.0316478928772
-0.030763928917
-0.0299565068791
-0.0292249482387
-0.0285685325058
-0.0279864983402
-0.0274780447031
-0.027042332044
-0.026678483521
-0.026385586253
-0.0261626926014
-0.0260088214803
-0.0259229596931
-0.0259040632937
-0.02595105897
-0.026062845449
-0.0262382949204
-0.0264762544775
-0.0267755475737
-0.0271349754913
-0.0275533188236
-0.0280293389643
-0.0285617796068
-0.0291493682474
-0.0297908176936
-0.0304848275736
-0.0312300858462
-0.0320252703089
-0.0328690501018
-0.0337600872069
-0.0346970379385
-0.0356785544261
-0.0367032860846
-0.0377698810729
-0.0388769877371
-0.0400232560373
-0.0412073389572
-0.0424278938927
-0.0436835840199
-0.0449730796396
-0.0462950594975
-0.0476482120777
-0.0490312368688
-0.0504428456008
-0.0518817634511
-0.0533467302186
-0.0548365014639
-0.0563498496161
-0.0578855650419
-0.0594424570787
-0.0610193550289
-0.0626151091151
-0.0642285913942
-0.0658586966305
-0.0675043431265
-0.0691644735098
-0.0708380554764
-0.072524082489
-0.0742215744294
-0.0759295782055
-0.0776471683104
-0.0793734473352
-0.0811075464334
-0.082848625738
-0.084595874729
-0.0863485125536
-0.0881057882964
-0.0898669812019
-0.0916314008468
-0.0933983872645
-0.0951673110199
-0.0969375732365
-0.0987086055745
-0.100479870161
-0.102250859472
-0.104021096168
-0.105790132886
-0.107557551975
-0.1093229652
-0.111086013391
-0.112846366053
-0.11460372093
-0.11635780353
-0.118108366608
-0.119855189604
-0.121598078053
-0.123336862945
-0.125071400055
-0.126801569239
-0.128527273692
-0.130248439174
-0.131965013208
-0.133676964246
-0.135384280807
-0.137086970587
-0.13878505955
-0.140478590989
-0.142167624568
-0.143852235343
-0.145532512772
-0.147208559698
-0.148880491322
-0.15054843417
-0.152212525037
-0.153872909932
-0.155529743015
-0.157183185521
-0.158833404692
-0.1604805727
-0.162124865574
-0.16376646213
-0.165405542905
-0.167042289095
-0.168676881508
-0.170309499519
-0.171940320047
-0.173569516534
-0.175197257955
-0.176823707831
-0.178449023272
-0.180073354036
-0.181696841614
-0.183319618338
-0.184941806516
-0.186563517597
-0.18818485136
-0.189805895142
-0.19142672309
-0.193047395457
-0.194667957921
-0.196288440954
-0.197908859217
-0.199529211001
-0.201149477708
-0.202769623367
-0.204389594202
-0.206009318231
-0.20762870492
-0.209247644876
-0.210866009583
-0.21248365119
-0.214100402336
-0.215716076037
-0.2173304656
-0.218943344603
-0.220554466907
-0.222163566729
-0.223770358753
-0.225374538291
-0.226975781495
-0.228573745608
-0.230168069272
-0.231758372877
-0.23334425895
-0.234925312603
-0.236501102011
-0.238071178946
-0.239635079347
-0.241192323933
-0.242742418859
-0.244284856412
-0.245819115743
-0.247344663643
-0.248860955348
-0.250367435387
-0.251863538456
-0.25334869033
-0.254822308806
-0.256283804671
-0.257732582701
-0.259168042685
-0.260589580474
-0.261996589052
-0.263388459627
-0.264764582741
-0.266124349398
-0.267467152206
-0.268792386529
-0.270099451659
-0.271387751984
-0.272656698174
-0.273905708365
-0.275134209349
-0.276341637763
-0.277527441276
-0.278691079775
-0.279832026542
-0.280949769427
-0.282043812004
-0.283113674722
-0.28415889604
-0.285179033543
-0.286173665044
-0.287142389661
-0.288084828874
-0.28900062756
-0.289889454995
-0.290751005839
-0.291585001077
-0.292391188942
-0.293169345794
-0.293919276969
-0.294640817589
-0.295333833337
-0.295998221187
-0.296633910096
-0.297240861651
-0.297819070672
-0.298368565773
-0.298889409869
-0.299381700643
-0.299845570957
-0.300281189217
-0.30068875969
-0.301068522757
-0.301420755132
-0.301745770009
-0.302043917171
-0.302315583031
-0.302561190631
-0.302781199576
-0.302976105918
-0.303146441983
-0.303292776142
-0.30341571253
-0.303515890704
-0.303593985247
-0.303650705325
-0.303686794177
-0.30370302856
-0.303700218138
-0.303679204816
-0.303640862024
-0.303586093951
-0.303515834722
-0.303431047537
-0.303332723747
-0.303221881894
-0.303099566701
-0.302966848016
-0.302824819713
-0.302674598551
-0.302517322991
-0.302354151979
-0.302186263683
-0.3020148542
-0.301841136227
-0.301666337701
-0.301491700405
-0.301318478548
-0.30114793732
-0.300981351415
-0.30082000354
-0.300665182896
-0.300518183647
-0.300380303364
-0.300252841464
-0.300137097627
-0.300034370214
-0.299945954666
-0.299873141906
-0.29981721673
-0.299779456205
-0.299761128063
-0.299763489099
-0.299787783574
-0.299835241627
-0.299907077701
-0.300004488971
-0.300128653799
-0.300280730196
-0.300461854308
-0.300673138921
-0.300915671992
-0.301190515201
-0.301498702535
-0.301841238898
-0.302219098753
-0.302633224802
-0.30308452669
-0.303573879763
-0.304102123846
-0.304670062081
-0.305278459787
-0.305928043384
-0.306619499348
-0.307353473222
-0.308130568667
-0.308951346575
-0.309816324221
-0.310725974476
-0.31168072507
-0.312680957913
-0.313727008467
-0.314819165178
-0.315957668969
-0.317142712783
-0.318374441197
-0.319652950084
-0.320978286345
-0.322350447694
-0.323769382516
-0.325234989772
-0.326747118978
-0.328305570241
-0.329910094358
-0.331560392977
-0.333256118822
-0.334996875979
-0.33678222024
-0.338611659516
-0.340484654307
-0.342400618228
-0.344358918606
-0.346358877124
-0.348399770533
-0.350480831417
-0.352601249015
-0.354760170102
-0.356956699922
-0.359189903174
-0.361458805054
-0.363762392346
-0.366099614563
-0.368469385137
-0.370870582658
-0.373302052153
-0.375762606418
-0.378251027384
-0.380766067528
-0.383306451324
-0.385870876725
-0.388458016692
-0.391066520744
-0.393695016547
-0.39634211153
-0.399006394531
-0.401686437466
-0.404380797022
-0.407088016373
-0.409806626911
-0.412535150002
-0.415272098747
-0.418015979765
-0.420765294977
-0.423518543407
-0.426274222984
-0.429030832345
-0.43178687265
-0.434540849381
-0.437291274151
-0.440036666499
-0.442775555681
-0.445506482451
-0.448228000826
-0.450938679842
-0.453637105286
-0.456321881418
-0.458991632662
-0.461645005278
-0.464280669013
-0.466897318714
-0.469493675919
-0.472068490413
-0.474620541751
-0.477148640744
-0.479651630909
-0.482128389875
-0.484577830751
-0.486998903452
-0.489390595974
-0.491751935626
-0.494081990214
-0.496379869174
-0.498644724647
-0.500875752515
-0.503072193366
-0.505233333417
-0.50735850537
-0.509447089212
-0.51149851296
-0.513512253342
-0.515487836411
-0.51742483811
-0.519322884757
-0.52118165348
-0.523000872578
-0.524780321824
-0.526519832693
-0.528219288534
-0.529878624665
-0.53149782841
-0.533076939064
-0.53461604779
-0.536115297454
-0.537574882385
-0.538995048076
-0.540376090813
-0.54171835724
-0.543022243857
-0.544288196452
-0.545516709471
-0.546708325319
-0.547863633604
-0.548983270312
-0.550067916925
-0.551118299475
-0.552135187544
-0.553119393198
-0.554071769871
-0.55499321119
-0.555884649744
-0.556747055807
-0.557581436002
-0.558388831921
-0.559170318694
-0.559927003518
-0.560660024129
-0.56137054725
-0.562059766983
-0.562728903172
-0.563379199728
-0.564011922915
-0.564628359618
-0.565229815565
-0.565817613532
-0.566393091525
-0.566957600934
-0.567512504669
-0.568059175281
-0.568598993069
-0.56913334417
-0.569663618643
-0.570191208551
-0.570717506025
-0.571243901344
-0.571771781001
-0.572302525784
-0.572837508853
-0.573378093838
-0.573925632936
-0.574481465037
-0.575046913851
-0.57562328607
-0.57621186954
-0.576813931469
-0.577430716653
-0.578063445738
-0.578713313516
-0.579381487248
-0.580069105036
-0.580777274226
-0.581507069859
-0.582259533161
-0.58303567009
-0.58383644992
-0.584662803887
-0.58551562388
-0.586395761195
-0.587304025339
-0.588241182902
-0.589207956478
-0.590205023665
-0.591233016111
-0.592292518641
-0.593384068442
-0.594508154322
-0.595665216035
-0.59685564368
-0.59807977717
-0.599337905774
-0.600630267737
-0.601957049966
-0.6033183878
-0.604714364849
-0.606145012916
-0.607610311988
-0.609110190306
-0.610644524518
-0.612213139896
-0.613815810639
-0.615452260253
-0.617122161997
-0.618825139414
-0.620560766929
-0.622328570531
-0.624128028512
-0.625958572296
-0.627819587323
-0.629710414011
-0.631630348789
-0.633578645185
-0.635554514993
-0.637557129493
-0.639585620738
-0.641639082903
-0.643716573685
-0.645817115764
-0.64793969832
-0.650083278594
-0.652246783508
-0.654429111322
-0.656629133342
-0.65884569567
-0.661077620989
-0.663323710386
-0.665582745213
-0.667853488972
-0.670134689234
-0.672425079579
-0.67472338156
-0.677028306685
-0.679338558419
-0.68165283419
-0.683969827417
-0.686288229532
-0.688606732015
-0.690924028424
-0.693238816425
-0.695549799815
-0.697855690531
-0.700155210657
-0.702447094405
-0.704730090083
-0.707002962036
-0.70926449257
-0.71151348384
-0.713748759711
-0.715969167581
-0.718173580175
-0.720360897288
-0.722530047494
-0.724679989806
-0.726809715289
-0.728918248617
-0.731004649589
-0.733068014572
-0.735107477901
-0.737122213214
-0.739111434715
-0.741074398391
-0.743010403143
-0.744918791863
-0.746798952431
-0.748650318648
-0.75047237109
-0.752264637889
-0.754026695437
-0.755758169018
-0.757458733353
-0.759128113073
-0.760766083109
-0.762372469004
-0.763947147139
-0.765490044883
-0.767001140658
-0.768480463924
-0.769928095083
-0.771344165299
-0.772728856239
-0.774082399732
-0.775405077348
-0.776697219899
-0.777959206861
-0.779191465717
-0.780394471223
-0.781568744605
-0.782714852671
-0.783833406863
-0.78492506223
-0.785990516332
-0.787030508084
-0.788045816528
-0.789037259542
-0.790005692492
-0.790952006825
-0.791877128599
-0.792782016971
-0.79366766262
-0.794535086132
-0.795385336338
-0.7962194886
-0.797038643067
-0.797843922888
-0.798636472395
-0.799417455247
-0.800188052557
-0.800949460981
-0.801702890797
-0.802449563957
-0.803190712127
-0.803927574715
-0.80466139689
-0.805393427592
-0.806124917543
-0.806857117261
-0.807591275069
-0.808328635126
-0.80907043545
-0.809817905975
-0.810572266607
-0.811334725312
-0.812106476222
-0.812888697771
-0.813682550853
-0.814489177023
-0.815309696721
-0.816145207546
-0.81699678256
-0.817865468643
-0.818752284889
-0.819658221055
-0.820584236053
-0.821531256507
-0.822500175352
-0.8234918505
-0.824507103562
-0.825546718632
-0.826611441131
-0.827701976719
-0.828818990275
-0.82996310494
-0.831134901228
-0.832334916218
-0.833563642801
-0.834821529015
-0.836108977437
-0.837426344668
-0.838773940871
-0.840152029399
-0.841560826496
-0.84300050106
-0.8444711745
-0.845972920657
-0.847505765796
-0.849069688685
-0.850664620735
-0.852290446225
-0.853947002586
-0.855634080771
-0.857351425684
-0.859098736687
-0.860875668169
-0.862681830188
-0.864516789174
-0.866380068697
-0.868271150301
-0.870189474394
-0.872134441201
-0.874105411773
-0.876101709047
-0.878122618969
-0.880167391655
-0.882235242611
-0.884325353998
-0.886436875932
-0.888568927839
-0.890720599842
-0.892890954181
-0.895079026676
-0.897283828215
-0.899504346274
-0.901739546462
-0.903988374089
-0.906249755757
-0.908522600965
-0.910805803737
-0.913098244252
-0.915398790494
-0.917706299902
-0.92001962103
-0.922337595205
-0.924659058184
-0.926982841809
-0.929307775658
-0.931632688681
-0.933956410832
-0.93627777468
-0.938595617009
-0.940908780398
-0.943216114776
-0.945516478961
-0.947808742169
-0.950091785491
-0.95236450335
-0.954625804916
-0.956874615496
-0.959109877881
-0.961330553657
-0.963535624483
-0.965724093319
-0.967894985616
-0.970047350463
-0.972180261688
-0.974292818909
-0.976384148542
-0.978453404757
-0.980499770388
-0.982522457788
-0.984520709633
-0.986493799676
-0.988441033449
-0.990361748906
-0.99225531702
-0.99412114232
-0.995958663376
-0.997767353229
-0.99954671977
-1.00129630606
-1.00301569059
-1.00470448751
-1.00636234678
-1.00798895427
-1.00958403183
-1.01114733729
-1.01267866437
-1.01417784267
-1.01564473741
-1.01707924931
-1.01848131434
-1.01985090336
-1.02118802185
-1.02249270951
-1.02376503979
-1.02500511949
-1.02621308818
-1.0273891177
-1.02853341154
-1.02964620422
-1.03072776065
-1.03177837542
-1.03279837205
-1.03378810229
-1.03474794526
-1.03567830672
-1.03657961815
-1.03745233594
-1.03829694051
-1.03911393534
-1.03990384613
-1.04066721979
-1.04140462352
-1.04211664385
-1.04280388559
-1.04346697092
-1.04410653835
-1.04472324168
-1.04531774905
-1.04589074187
-1.04644291381
-1.04697496979
-1.04748762497
-1.04798160369
-1.04845763849
-1.04891646908
-1.04935884136
-1.0497855064
-1.05019721947
-1.05059473904
-1.05097882586
-1.05135024197
-1.05170974977
-1.05205811111
-1.05239608638
-1.0527244336
-1.0530439076
-1.0533552591
-1.05365923394
-1.05395657223
-1.05424800758
-1.0545342663
-1.05481606671
-1.05509411837
-1.0553691214
-1.05564176579
-1.05591273079
-1.05618268423
-1.05645228198
-1.0567221673
-1.0569929704
-1.05726530779
-1.0575397819
-1.05781698054
-1.05809747648
-1.05838182704
-1.05867057369
-1.05896424167
-1.0592633397
-1.05956835962
-1.05987977613
-1.06019804651
-1.06052361041
-1.06085688964
-1.06119828794
-1.06154819088
-1.06190696568
-1.06227496112
-1.06265250744
-1.06303991627
-1.06343748059
-1.06384547471
-1.06426415427
-1.06469375624
-1.06513449899
-1.06558658233
-1.06605018757
-1.06652547766
-1.06701259728
-1.06751167295
-1.06802281324
-1.06854610886
-1.06908163292
-1.06962944104
-1.07018957166
-1.07076204616
-1.07134686917
-1.07194402881
-1.07255349691
-1.07317522936
-1.0738091663
-1.0744552325
-1.07511333763
-1.07578337655
-1.07646522968
-1.07715876332
-1.07786382994
-1.0785802686
-1.07930790525
-1.08004655313
-1.08079601308
-1.08155607397
-1.08232651302
-1.08310709622
-1.08389757871
-1.08469770512
-1.08550721003
-1.0863258183
-1.08715324549
-1.08798919827
-1.08883337479
-1.0896854651
-1.09054515152
-1.09141210909
-1.09228600591
-1.0931665036
-1.09405325764
-1.09494591781
-1.09584412859
-1.09674752952
-1.09765575563
-1.09856843782
-1.09948520324
-1.10040567571
-1.10132947608
-1.10225622261
-1.10318553137
-1.10411701662
-1.10505029116
-1.10598496672
-1.10692065431
-1.10785696462
-1.10879350833
-1.1097298965
-1.11066574091
-1.11160065441
-1.11253425123
-1.11346614736
-1.11439596086
-1.11532331217
-1.11624782447
-1.11716912394
-1.11808684011
-1.11900060614
-1.11991005911
-1.12081484034
-1.12171459562
-1.12260897555
-1.12349763572
-1.12438023707
-1.12525644605
-1.12612593494
-1.12698838202
-1.12784347184
-1.12869089546
-1.12953035058
-1.13036154183
-1.13118418092
-1.13199798683
-1.13280268598
-1.13359801241
-1.13438370794
-1.13515952227
-1.1359252132
-1.13668054666
-1.13742529691
-1.13815924658
-1.13888218681
-1.1395939173
-1.1402942464
-1.14098299118
-1.14165997744
-1.14232503981
-1.14297802172
-1.14361877542
-1.14424716204
-1.1448630515
-1.14546632256
-1.14605686273
-1.14663456827
-1.14719934411
-1.14775110377
-1.14828976932
-1.14881527123
-1.14932754831
-1.14982654759
-1.15031222415
-1.15078454101
-1.15124346899
-1.1516889865
-1.15212107942
-1.15253974086
-1.15294497097
-1.15333677677
-1.15371517188
-1.15408017632
-1.15443181625
-1.15477012371
-1.15509513639
-1.15540689733
-1.15570545463
-1.15599086121
-1.15626317446
-1.15652245595
-1.15676877113
-1.15700218898
-1.15722278172
-1.15743062444
-1.15762579478
-1.15780837259
-1.15797843955
-1.15813607887
-1.15828137486
-1.15841441264
-1.15853527773
-1.1586440557
-1.15874083181
-1.15882569064
-1.15889871572
-1.15895998915
-1.15900959127
-1.15904760027
-1.15907409185
-1.15908913883
-1.15909281085
-1.15908517396
-1.15906629032
-1.15903621789
-1.15899501
-1.15894271516
-1.15887937664
-1.15880503223
-1.1587197139
-1.15862344755
-1.15851625274
-1.15839814239
-1.15826912256
-1.15812919222
-1.15797834299
-1.15781655898
-1.15764381656
-1.15746008418
-1.15726532224
-1.1570594829
-1.15684250998
-1.15661433883
-1.15637489625
-1.1561241004
-1.15586186074
-1.15558807801
-1.15530264417
-1.15500544243
-1.15469634729
-1.1543752245
-1.15404193122
-1.153696316
-1.15333821896
-1.15296747187
-1.15258389829
-1.15218731375
-1.15177752591
-1.15135433481
-1.15091753301
-1.15046690593
-1.15000223205
-1.1495232832
-1.1490298249
-1.14852161665
-1.14799841231
-1.1474599604
-1.14690600454
-1.14633628384
-1.14575053328
-1.14514848418
-1.14452986464
-1.14389439999
-1.14324181331
-1.14257182586
-1.14188415768
-1.14117852802
-1.14045465593
-1.13971226082
-1.13895106295
-1.13817078407
-1.13737114796
-1.13655188102
-1.13571271286
-1.13485337691
-1.13397361101
-1.13307315803
-1.13215176647
-1.13120919107
-1.13024519346
-1.12925954272
-1.12825201604
-1.1272223993
-1.12617048772
-1.1250960864
-1.12399901099
-1.12287908823
-1.12173615656
-1.1205700667
-1.1193806822
-1.11816788001
-1.11693155101
-1.11567160056
-1.11438794901
-1.11308053219
-1.11174930191
-1.11039422642
-1.10901529089
-1.10761249777
-1.10618586729
-1.10473543779
-1.10326126612
-1.10176342795
-1.10024201812
-1.09869715096
-1.0971289605
-1.09553760077
-1.09392324599
-1.09228609079
-1.09062635035
-1.08894426053
-1.08724007801
-1.08551408034
-1.083766566
-1.08199785441
-1.08020828593
-1.07839822179
-1.07656804404
-1.07471815543
-1.07284897927
-1.07096095926
-1.0690545593
-1.06713026322
-1.06518857457
-1.06323001627
-1.06125513029
-1.05926447733
-1.05725863637
-1.05523820429
-1.05320379538
-1.05115604091
-1.04909558854
-1.04702310186
-1.04493925978
-1.0428447559
-1.04074029794
-1.03862660708
-1.03650441725
-1.03437447443
-1.03223753598
-1.0300943698
-1.02794575363
-1.02579247424
-1.02363532659
-1.02147511301
-1.01931264237
-1.01714872918
-1.0149841927
-1.01281985609
-1.01065654545
-1.0084950889
-1.00633631565
-1.00418105507
-1.00203013569
-0.999884384298
-0.997744624913
-0.995611677848
-0.993486358716
-0.991369477462
-0.989261837376
-0.98716423412
-0.985077454749
-0.983002276742
-0.98093946703
-0.978889781039
-0.976853961738
-0.97483273869
-0.972826827124
-0.970836927012
-0.96886372216
-0.966907879315
-0.964970047288
-0.963050856092
-0.961150916103
-0.959270817234
-0.957411128136
-0.955572395418
-0.953755142891
-0.951959870835
-0.950187055294
-0.948437147396
-0.946710572702
-0.94500773058
-0.943328993612
-0.94167470703
-0.940045188184
-0.938440726044
-0.936861580725
-0.935307983063
-0.933780134209
-0.932278205265
-0.930802336959
-0.929352639345
-0.927929191556
-0.926532041576
-0.925161206064
-0.923816670204
-0.922498387608
-0.921206280238
-0.919940238382
-0.918700120666
-0.917485754094
-0.916296934142
-0.915133424878
-0.913994959129
-0.912881238683
-0.911791934526
-0.910726687126
-0.909685106742
-0.908666773785
-0.907671239202
-0.906698024907
-0.905746624241
-0.904816502472
-0.903907097327
-0.903017819561
-0.902148053555
-0.901297157951
-0.90046446632
-0.899649287853
-0.898850908093
-0.898068589689
-0.897301573183
-0.89654907782
-0.895810302388
-0.895084426083
-0.894370609395
-0.893667995025
-0.892975708812
-0.892292860696
-0.891618545685
-0.890951844854
-0.890291826351
-0.889637546429
-0.888988050482
-0.8883423741
-0.887699544141
-0.887058579803
-0.886418493714
-0.885778293025
-0.885136980516
-0.884493555698
-0.883847015927
-0.883196357521
-0.88254057687
-0.881878671552
-0.881209641452
-0.880532489868
-0.879846224617
-0.879149859141
-0.878442413598
-0.877722915951
-0.876990403042
-0.876243921659
-0.875482529592
-0.874705296673
-0.873911305801
-0.873099653956
-0.87226945319
-0.871419831603
-0.870549934302
-0.869658924337
-0.868745983612
-0.867810313785
-0.866851137131
-0.86586769739
-0.864859260586
-0.863825115822
-0.862764576045
-0.861676978783
-0.86056168686
-0.859418089072
-0.858245600838
-0.857043664822
-0.855811751519
-0.854549359812
-0.853256017496
-0.851931281767
-0.850574739683
-0.849186008583
-0.847764736478
-0.846310602405
-0.844823316751
-0.843302621529
-0.841748290637
-0.840160130066
-0.838537978081
-0.836881705365
-0.835191215127
-0.833466443173
-0.831707357944
-0.829913960522
-0.828086284591
-0.826224396376
-0.824328394534
-0.822398410029
-0.820434605949
-0.818437177317
-0.816406350843
-0.814342384665
-0.812245568045
-0.810116221037
-0.807954694127
-0.805761367842
-0.803536652323
-0.801280986882
-0.798994839519
-0.796678706418
-0.794333111416
-0.791958605444
-0.789555765946
-0.787125196272
-0.784667525051
-0.782183405535
-0.779673514935
-0.777138553719
-0.774579244907
-0.771996333341
-0.769390584932
-0.766762785906
-0.764113742016
-0.761444277759
-0.758755235564
-0.756047474975
-0.75332187183
-0.750579317412
-0.747820717611
-0.745046992067
-0.742259073308
-0.739457905882
-0.736644445491
-0.733819658113
-0.730984519126
-0.72814001243
-0.725287129569
-0.722426868854
-0.719560234488
-0.716688235689
-0.713811885829
-0.71093220156
-0.708050201962
-0.705166907691
-0.70228334013
-0.699400520556
-0.696519469313
-0.693641204996
-0.690766743642
-0.687897097938
-0.685033276441
-0.682176282805
-0.67932711503
-0.67648676472
-0.673656216359
-0.670836446602
-0.668028423579
-0.665233106225
-0.662451443614
-0.659684374326
-0.656932825818
-0.654197713826
-0.651479941774
-0.648780400217
-0.646099966288
-0.643439503177
-0.640799859626
-0.638181869441
-0.635586351032
-0.633014106968
-0.630465923554
-0.627942570429
-0.625444800187
-0.622973348019
-0.620528931367
-0.618112249615
-0.615723983784
-0.613364796261
-0.611035330541
-0.608736210987
-0.606468042619
-0.604231410916
-0.602026881638
-0.599855000671
-0.597716293883
-0.595611267009
-0.593540405545
-0.591504174668
-0.589503019162
-0.587537363373
-0.585607611174
-0.583714145945
-0.581857330572
-0.58003750746
-0.578254998556
-0.576510105397
-0.574803109154
-0.573134270709
-0.571503830726
-0.569912009747
-0.568359008292
-0.56684500697
-0.565370166603
-0.563934628358
-0.562538513888
-0.561181925478
-0.559864946202
-0.558587640091
-0.557350052296
-0.55615220927
-0.554994118945
-0.553875770919
-0.55279713665
-0.551758169643
-0.550758805654
-0.549798962888
-0.5488785422
-0.547997427299
-0.547155484956
-0.546352565209
-0.54558850157
-0.544863111229
-0.544176195267
-0.543527538855
-0.542916911463
-0.542344067061
-0.541808744324
-0.541310666827
-0.540849543247
-0.540425067557
-0.540036919215
-0.539684763359
-0.539368250992
-0.539087019161
-0.538840691145
-0.538628876625
-0.538451171862
-0.538307159865
-0.538196410557
-0.538118480941
-0.538072915256
-0.538059245139
-0.538076989769
-0.538125656027
-0.538204738636
-0.538313720307
-0.538452071883
-0.538619252472
-0.538814709588
-0.539037879284
-0.539288186283
-0.539565044112
-0.539867855228
-0.540196011148
-0.540548892578
-0.54092586954
-0.541326301497
-0.541749537485
-0.542194916238
-0.542661766321
-0.543149406258
-0.543657144669
-0.544184280401
-0.544730102669
-0.5452938912
-0.545874916369
-0.54647243936
-0.547085712309
-0.547713978467
-0.548356472365
-0.549012419978
-0.549681038906
-0.550361538552
-0.551053120311
-0.551754977769
-0.552466296903
-0.553186256298
-0.55391402736
-0.554648774555
-0.555389655638
-0.556135821908
-0.556886418463
-0.55764058447
-0.558397453439
-0.559156153521
-0.5599158078
-0.560675534608
-0.561434447849
-0.562191657333
-0.562946269121
-0.563697385886
-0.564444107281
-0.565185530323
-0.565920749789
-0.56664885862
-0.567368948343
-0.568080109501
-0.568781432098
-0.569472006057
-0.570150921683
-0.570817270149
-0.571470143983
-0.572108637575
-0.572731847691
-0.573338874001
-0.573928819612
-0.574500791622
-0.575053901672
-0.575587266519
-0.576100008613
-0.576591256683
-0.577060146335
-0.577505820654
-0.577927430819
-0.578324136721
-0.57869510759
-0.579039522629
-0.57935657165
-0.579645455723
-0.579905387817
-0.580135593459
-0.580335311387
-0.580503794205
-0.58064030905
-0.580744138245
-0.580814579966
-0.5808509489
-0.580852576907
-0.580818813677
-0.580749027385
-0.580642605344
-0.580498954652
-0.580317502834
-0.58009769848
-0.579839011875
-0.579540935621
-0.579202985248
-0.578824699825
-0.57840564255
-0.577945401335
-0.577443589379
-0.576899845726
-0.576313835814
-0.575685252005
-0.575013814102
-0.574299269853
-0.573541395431
-0.572739995908
-0.571894905698
-0.571005988994
-0.570073140173
-0.569096284193
-0.568075376957
-0.567010405666
-0.565901389144
-0.564748378138
-0.563551455605
-0.56231073696
-0.561026370311
-0.559698536666
-0.558327450111
-0.556913357964
-0.555456540907
-0.553957313081
-0.552416022164
-0.550833049414
-0.549208809688
-0.547543751432
-0.545838356639
-0.544093140786
-0.542308652733
-0.5404854746
-0.538624221609
-0.536725541903
-0.53479011633
-0.5328186582
-0.530811913015
-0.528770658164
-0.526695702596
-0.524587886458
-0.522448080706
-0.520277186689
-0.518076135704
-0.515845888521
-0.513587434883
-0.511301792974
-0.508990008866
-0.506653155938
-0.504292334261
-0.501908669969
-0.499503314595
-0.49707744439
-0.494632259613
-0.492168983796
-0.489688862993
-0.487193165
-0.484683178557
-0.482160212525
-0.479625595052
-0.477080672707
-0.474526809607
-0.471965386515
-0.469397799936
-0.466825461176
-0.464249795408
-0.461672240708
-0.45909424708
-0.456517275476
-0.453942796797
-0.45137229088
-0.448807245487
-0.446249155275
-0.443699520758
-0.44115984727
-0.438631643913
-0.436116422502
-0.433615696512
-0.431130980013
-0.428663786606
-0.42621562836
-0.423788014747
-0.421382451575
-0.419000439925
-0.416643475093
-0.414313045528
-0.412010631783
-0.409737705464
-0.407495728188
-0.405286150551
-0.403110411097
-0.400969935304
-0.398866134569
-0.396800405216
-0.394774127507
-0.392788664664
-0.39084536191
-0.388945545519
-0.387090521882
-0.385281576587
-0.383519973516
-0.381806953959
-0.380143735739
-0.378531512366
-0.376971452199
-0.375464697631
-0.374012364295
-0.372615540284
-0.3712752854
-0.369992630419
-0.368768576375
-0.367604093871
-0.36650012241
-0.36545756975
-0.364477311276
-0.363560189406
-0.362707013011
-0.361918556864
-0.36119556111
-0.360538730766
-0.359948735237
-0.359426207866
-0.3589717455
-0.35858590809
-0.35826921831
-0.358022161201
-0.357845183845
-0.357738695061
-0.357703065128
-0.357738625528
-0.357845668726
-0.358024447963
-0.358275177081
-0.358598030372
-0.358993142449
-0.359460608151
-0.360000482459
-0.360612780449
-0.361297477264
-0.362054508109
-0.362883768276
-0.363785113183
-0.364758358451
-0.365803279989
-0.366919614115
-0.368107057692
-0.369365268287
-0.370693864361
-0.372092425471
-0.373560492497
-0.375097567894
-0.376703115963
-0.378376563138
-0.380117298307
-0.381924673135
-0.383798002425
-0.385736564485
-0.387739601523
-0.389806320057
-0.391935891342
-0.394127451824
-0.3963801036
-0.398692914902
-0.401064920603
-0.403495122728
-0.405982490995
-0.408525963361
-0.41112444659
-0.413776816835
-0.416481920238
-0.419238573538
-0.422045564704
-0.424901653569
-0.427805572491
-0.430756027019
-0.433751696574
-0.436791235148
-0.439873272005
-0.442996412407
-0.44615923834
-0.449360309259
-0.452598162845
-0.455871315765
-0.459178264451
-0.462517485883
-0.46588743839
-0.469286562448
-0.472713281502
-0.476166002783
-0.479643118146
-0.483143004906
-0.486664026687
-0.49020453428
-0.493762866506
-0.497337351084
-0.500926305509
-0.504528037936
-0.508140848068
-0.51176302805
-0.515392863371
-0.519028633765
-0.522668614126
-0.526311075415
-0.529954285581
-0.533596510481
-0.537236014804
-0.540871062997
-0.544499920192
-0.548120853139
-0.551732131137
-0.555332026969
-0.558918817832
-0.562490786275
-0.566046221129
-0.569583418444
-0.573100682421
-0.576596326341
-0.580068673493
-0.583516058105
-0.586936826263
-0.590329336835
-0.593691962386
-0.597023090088
-0.600321122633
-0.60358447913
-0.606811596005
-0.610000927888
-0.613150948499
-0.616260151525
-0.619327051483
-0.622350184584
-0.625328109583
-0.628259408621
-0.631142688053
-0.633976579272
-0.636759739517
-0.639490852672
-0.64216863005
-0.644791811165
-0.647359164494
-0.649869488221
-0.652321610966
-0.654714392503
-0.65704672446
-0.659317531003
-0.661525769499
-0.663670431173
-0.665750541732
-0.667765161985
-0.669713388434
-0.671594353849
-0.673407227824
-0.675151217312
-0.676825567135
-0.678429560481
-0.679962519367
-0.681423805093
-0.682812818662
-0.68412900118
-0.685371834236
-0.686540840252
-0.687635582811
-0.688655666958
-0.689600739479
-0.690470489152
-0.691264646968
-0.691982986334
-0.692625323238
-0.693191516397
-0.693681467371
-0.694095120654
-0.694432463728
-0.694693527103
-0.694878384313
-0.694987151897
-0.69501998934
-0.694977098995
-0.694858725964
-0.694665157967
-0.694396725162
-0.694053799953
-0.693636796758
-0.693146171751
-0.692582422579
-0.691946088043
-0.691237747753
-0.690458021759
-0.689607570146
-0.688687092602
-0.687697327964
-0.686639053728
-0.685513085536
-0.684320276637
-0.683061517314
-0.68173773429
-0.680349890109
-0.678898982485
-0.677386043631
-0.67581213956
-0.674178369364
-0.672485864463
-0.670735787838
-0.668929333237
-0.667067724359
-0.665152214018
-0.663184083278
-0.661164640583
-0.65909522085
-0.656977184555
-0.654811916794
-0.652600826328
-0.650345344614
-0.648046924814
-0.645707040793
-0.643327186102
-0.640908872944
-0.638453631131
-0.635963007025
-0.633438562471
-0.630881873719
-0.628294530333
-0.625678134096
-0.623034297907
-0.620364644662
-0.617670806145
-0.614954421901
-0.612217138109
-0.609460606453
-0.606686482989
-0.603896427014
-0.601092099927
-0.598275164102
-0.595447281751
-0.592610113797
-0.589765318748
-0.586914551574
-0.584059462592
-0.581201696356
-0.578342890552
-0.575484674902
-0.572628670081
-0.569776486637
-0.566929723928
-0.564089969062
-0.561258795861
-0.558437763829
-0.555628417132
-0.552832283608
-0.550050873773
-0.547285679856
-0.544538174846
-0.541809811562
-0.539102021733
-0.536416215106
-0.533753778568
-0.53111607529
-0.528504443897
-0.525920197649
-0.523364623658
-0.520838982116
-0.518344505554
-0.515882398121
-0.513453834893
-0.511059961196
-0.50870189197
-0.506380711144
-0.504097471046
-0.501853191838
-0.499648860976
-0.497485432699
-0.495363827545
-0.493284931893
-0.49124959754
-0.489258641293
-0.487312844605
-0.485412953226
-0.483559676894
-0.481753689045
-0.479995626556
-0.478286089521
-0.476625641048
-0.475014807091
-0.473454076305
-0.471943899937
-0.47048469174
-0.469076827918
-0.467720647097
-0.466416450326
-0.465164501108
-0.463965025456
-0.462818211974
-0.461724211972
-0.460683139604
-0.459695072029
-0.458760049609
-0.457878076121
-0.457049119002
-0.456273109616
-0.455549943552
-0.454879480932
-0.454261546763
-0.453695931293
-0.453182390404
-0.452720646021
-0.452310386546
-0.451951267305
-0.451642911034
-0.451384908362
-0.451176818337
-0.451018168951
-0.450908457698
-0.450847152143
-0.450833690512
-0.450867482295
-0.450947908867
-0.451074324127
-0.451246055149
-0.451462402848
-0.451722642659
-0.45202602523
-0.452371777128
-0.452759101556
-0.45318717908
-0.453655168366
-0.454162206931
-0.454707411897
-0.455289880759
-0.455908692155
-0.456562906651
-0.457251567521
-0.457973701547
-0.458728319808
-0.459514418491
-0.460330979689
-0.461176972217
-0.462051352417
-0.462953064978
-0.463881043744
-0.464834212539
-0.465811485972
-0.466811770262
-0.467833964048
-0.468876959201
-0.469939641637
-0.471020892127
-0.472119587094
-0.473234599424
-0.474364799256
-0.475509054776
-0.476666233005
-0.477835200576
-0.479014824514
-0.480203973
-0.481401516135
-0.482606326688
-0.483817280847
-0.485033258954
-0.486253146229
-0.487475833494
-0.488700217881
-0.489925203528
-0.491149702272
-0.492372634323
-0.493592928936
-0.494809525064
-0.496021372002
-0.497227430022
-0.498426670992
-0.499618078985
-0.500800650874
-0.501973396914
-0.503135341314
-0.504285522791
-0.505422995117
-0.506546827643
-0.507656105818
-0.50874993169
-0.509827424395
-0.510887720627
-0.511929975102
-0.512953360997
-0.513957070385
-0.514940314647
-0.515902324875
-0.516842352257
-0.517759668449
-0.518653565928
-0.519523358339
-0.520368380816
-0.521187990297
-0.52198156582
-0.522748508802
-0.523488243308
-0.524200216303
-0.524883897889
-0.525538781522
-0.526164384227
-0.526760246785
-0.52732593391
-0.527861034418
-0.528365161367
-0.528837952197
-0.529279068849
-0.529688197867
-0.530065050491
-0.530409362735
-0.530720895447
-0.53099943436
-0.531244790127
-0.531456798343
-0.53163531955
-0.531780239236
-0.531891467815
-0.531968940592
-0.532012617725
-0.532022484161
-0.53199854957
-0.531940848263
-0.531849439095
-0.531724405358
-0.531565854667
-0.531373918823
-0.531148753676
-0.530890538967
-0.53059947817
-0.530275798308
-0.529919749774
-0.529531606128
-0.529111663896
-0.528660242344
-0.528177683257
-0.527664350698
-0.527120630763
-0.526546931321
-0.525943681753
-0.525311332671
-0.52465035564
-0.523961242885
-0.523244506987
-0.52250068058
-0.521730316029
-0.52093398511
-0.520112278677
-0.519265806326
-0.518395196045
-0.517501093865
-0.5165841635
-0.515645085983
-0.514684559295
-0.513703297988
-0.5127020328
-0.511681510272
-0.510642492354
-0.509585756004
-0.50851209279
-0.507422308481
-0.506317222638
-0.505197668198
-0.504064491058
-0.50291854965
-0.50176071452
-0.500591867897
-0.499412903265
-0.498224724931
-0.497028247584
-0.495824395867
-0.49461410393
-0.493398314994
-0.492177980909
-0.490954061711
-0.489727525177
-0.488499346382
