-0.924310086699
-0.924287803417
-0.924243406949
-0.924177145459
-0.924089338446
-0.923980368665
-0.923850672835
-0.923700731376
-0.923531057349
-0.923342184842
-0.923134657026
-0.922909014107
-0.922665781419
-0.922405457862
-0.922128504921
-0.921835336446
-0.921526309398
-0.921201715703
-0.920861775372
-0.920506630995
-0.920136343695
-0.919750890606
-0.919350163909
-0.918933971416
-0.918502038693
-0.91805401265
-0.91758946653
-0.917107906185
-0.916608777504
-0.916091474857
-0.915555350387
-0.914999723954
-0.914423893566
-0.913827146079
-0.913208767979
-0.91256805604
-0.911904327661
-0.911216930701
-0.910505252627
-0.909768728814
-0.909006849846
-0.908219167706
-0.907405300723
-0.906564937214
-0.905697837749
-0.904803836014
-0.903882838255
-0.90293482132
-0.901959829351
-0.900957969173
-0.899929404486
-0.898874348955
-0.897793058333
-0.896685821756
-0.895552952366
-0.894394777439
-0.893211628175
-0.892003829352
-0.890771689006
-0.889515488326
-0.888235471937
-0.886931838735
-0.885604733432
-0.884254238952
-0.882880369803
-0.881483066538
-0.880062191386
-0.878617525136
-0.8771487653
-0.875655525602
-0.874137336775
-0.872593648659
-0.871023833549
-0.86942719074
-0.867802952169
-0.866150289076
-0.864468319548
-0.86275611683
-0.861012718252
-0.859237134624
-0.857428359953
-0.855585381306
-0.853707188671
-0.851792784654
-0.849841193862
-0.847851471822
-0.845822713306
-0.843754059938
-0.841644706966
-0.839493909123
-0.837300985482
-0.835065323258
-0.832786380519
-0.830463687784
-0.828096848498
-0.825685508407
-0.823229442726
-0.820728465844
-0.81818245655
-0.815591353597
-0.81295515053
-0.81027388989
-0.807547656903
-0.804776572795
-0.801960787855
-0.799100474391
-0.796195819701
-0.793247019196
-0.790254269807
-0.787217763783
-0.784137683002
-0.781014193882
-0.777847442998
-0.77463755345
-0.771384622066
-0.768088717463
-0.764749879007
-0.76136811666
-0.757943411731
-0.754475718485
-0.750964966577
-0.747411064269
-0.743813902339
-0.740173358614
-0.736489303044
-0.732761603197
-0.728990130082
-0.725174764188
-0.72131540161
-0.717411960168
-0.713464385381
-0.709472656199
-0.705436790383
-0.701356849426
-0.697232942934
-0.693065232379
-0.688853934152
-0.684599321863
-0.680301727846
-0.675961543828
-0.671579220757
-0.667155267777
-0.662690250375
-0.658184787716
-0.653639549206
-0.649055250345
-0.644432647916
-0.63977253461
-0.635075733138
-0.630343089945
-0.625575468609
-0.620773743028
-0.615938790499
-0.611071484781
-0.60617268926
-0.601243250299
-0.596283990873
-0.591295704581
-0.586279150104
-0.581235046198
-0.576164067264
-0.571066839569
-0.565943938141
-0.560795884384
-0.555623144413
-0.550426128131
-0.545205189042
-0.539960624765
-0.534692678255
-0.529401539655
-0.524087348766
-0.518750198065
-0.51339013621
-0.508007171969
-0.5026012785
-0.497172397909
-0.491720446008
-0.486245317198
-0.480746889398
-0.475225028954
-0.469679595448
-0.464110446351
-0.458517441451
-0.452900447007
-0.447259339586
-0.441594009534
-0.435904364059
-0.430190329895
-0.424451855542
-0.418688913067
-0.412901499474
-0.407089637651
-0.40125337691
-0.395392793141
-0.389507988625
-0.383599091514
-0.377666255045
-0.371709656516
-0.365729496064
-0.359725995312
-0.353699395908
-0.347649958016
-0.341577958807
-0.335483690978
-0.329367461351
-0.323229589587
-0.317070407037
-0.310890255766
-0.304689487766
-0.298468464375
-0.292227555905
-0.2859671415
-0.279687609199
-0.273389356214
-0.267072789399
-0.260738325904
-0.254386393978
-0.248017433905
-0.24163189904
-0.235230256918
-0.228812990396
-0.222380598797
-0.215933599019
-0.209472526588
-0.202997936594
-0.196510404513
-0.190010526856
-0.183498921642
-0.176976228656
-0.170443109486
-0.163900247315
-0.15734834647
-0.150788131707
-0.14422034725
-0.137645755572
-0.131065135939
-0.124479282722
-0.1178890035
-0.111295116969
-0.104698450693
-0.0980998386991
-0.0915001189811
-0.0849001309088
-0.0783007125955
-0.0717026982482
-0.0651069155339
-0.0585141829934
-0.0519253075329
-0.0453410820217
-0.0387622830224
-0.0321896686769
-0.0256239767692
-0.0190659229812
-0.0125161993563
-0.0059754729802
0.000555615114963
0.00707645082053
0.0135864475969
0.0200850468996
0.0265717183941
0.0330459599712
0.0395072975775
0.0459552848766
0.0523895027619
0.0588095587403
0.0652150862084
0.0716057436453
0.0779812137433
0.0843412024997
0.0906854382925
0.09701367096
0.103325670905
0.109621228242
0.115900151999
0.122162269394
0.128407425195
0.134635481167
0.140846315617
0.147039823041
0.153215913865
0.159374514288
0.165515566208
0.171639027245
0.177744870821
0.183833086313
0.18990367925
0.195956671546
0.201992101744
0.208010025273
0.214010514674
0.219993659812
0.225959568023
0.231908364215
0.237840190875
0.243755208002
0.249653592929
0.255535540041
0.261401260371
0.267250981082
0.273084944819
0.278903408939
0.28470664462
0.290494935848
0.296268578302
0.302027878131
0.307773150637
0.313504718888
0.31922291226
0.324928064934
0.330620514353
0.336300599673
0.341968660211
0.347625033907
0.353270055832
0.358904056741
0.364527361706
0.370140288819
0.37574314801
0.381336239965
0.386919855173
0.392494273102
0.398059761513
0.403616575923
0.40916495921
0.414705141374
0.42023733944
0.425761757511
0.431278586962
0.436788006769
0.442290183962
0.447785274204
0.453273422471
0.458754763828
0.464229424295
0.469697521774
0.47515916704
0.480614464772
0.486063514609
0.491506412231
0.496943250431
0.502374120183
0.507799111684
0.513218315362
0.518631822844
0.524039727861
0.529442127101
0.534839120991
0.540230814401
0.545617317274
0.550998745177
0.556375219765
0.561746869159
0.567113828253
0.572476238922
0.577834250167
0.583188018171
0.588537706291
0.593883484979
0.599225531636
0.604564030415
0.609899171965
0.615231153131
0.620560176612
0.625886450578
0.631210188264
0.636531607529
0.641850930401
0.647168382595
0.65248419303
0.657798593326
0.663111817295
0.668424100436
0.673735679417
0.679046791565
0.684357674356
0.689668564902
0.694979699454
0.700291312896
0.705603638252
0.710916906204
0.716231344603
0.721547178
0.726864627176
0.732183908689
0.737505234423
0.742828811151
0.748154840112
0.753483516593
0.758815029538
0.764149561161
0.769487286591
0.774828373522
0.780172981902
0.785521263634
0.790873362313
0.79622941299
0.801589541967
0.806953866631
0.812322495315
0.817695527206
0.823073052288
0.828455151327
0.83384189589
0.839233348417
0.844629562321
0.850030582136
0.855436443699
0.86084717437
0.866262793284
0.871683311637
0.877108732994
0.882539053625
0.887974262855
0.893414343437
0.898859271919
0.904309019026
0.909763550036
0.915222825147
0.920686799831
0.926155425166
0.931628648146
0.937106411956
0.942588656217
0.948075317184
0.953566327906
0.95906161833
0.964561115358
0.970064742855
0.975572421589
0.981084069128
0.986599599672
0.992118923831
0.997641948351
1.00316857579
1.00869870413
1.01423222637
1.01976903007
1.02530899681
1.03085200174
1.03639791295
1.04194659098
1.04749788817
1.05305164815
1.05860770525
1.06416588394
1.0697259983
1.07528785151
1.08085123543
1.08641593014
1.09198170359
1.09754831128
1.10311549606
1.10868298792
1.11425050391
1.11981774814
1.12538441183
1.13095017348
1.13651469909
1.14207764253
1.14763864593
1.1531973402
1.15875334562
1.16430627251
1.16985572203
1.17540128697
1.18094255267
1.18647909804
1.19201049652
1.19753631724
1.20305612614
1.20856948715
1.21407596339
1.21957511847
1.22506651768
1.23054972931
1.2360243259
1.24148988554
1.24694599309
1.25239224146
1.25782823278
1.26325357962
1.26866790608
1.27407084894
1.27946205865
1.28484120037
1.29020795487
1.29556201937
1.30090310841
1.30623095454
1.31154530896
1.31684594219
1.32213264452
1.32740522652
1.33266351938
1.33790737527
1.34313666758
1.34835129111
1.3535511622
1.35873621882
1.3639064206
1.3690617488
1.37420220627
1.37932781734
1.38443862768
1.38953470418
1.39461613477
1.3996830282
1.40473551388
1.40977374169
1.41479788172
1.41980812415
1.42480467904
1.42978777616
1.43475766486
1.43971461397
1.44465891167
1.44959086549
1.45451080225
1.45941906808
1.4643160285
1.46920206847
1.47407759256
1.47894302513
1.48379881049
1.4886454132
1.49348331832
1.49831303177
1.50313508062
1.50795001351
1.51275840103
1.51756083615
1.52235793462
1.52715033544
1.53193870126
1.53672371887
1.54150609957
1.54628657962
1.5510659206
1.55584490979
1.56062436047
1.56540511224
1.5701880312
1.57497401016
1.57976396877
1.58455885355
1.58935963785
1.59416732183
1.59898293222
1.60380752209
1.60864217052
1.61348798215
1.61834608667
1.62321763824
1.62810381473
1.63300581699
1.63792486795
1.64286221163
1.64781911214
1.65279685251
1.65779673353
1.66282007242
1.66786820153
1.67294246693
1.67804422698
1.68317485078
1.68833571671
1.69352821081
1.69875372526
1.70401365672
1.70930940483
1.71464237055
1.72001395464
1.72542555611
1.73087857073
1.73637438957
1.74191439759
1.74749997234
1.75313248263
1.75881328741
1.76454373463
1.77032516025
1.7761588873
1.7820462251
1.78798846855
1.79398689755
1.80004277649
1.80615735392
1.8123318623
1.81856751788
1.82486552066
1.8312270545
1.83765328737
1.84414537162
1.85070444442
1.85733162829
1.8640280317
1.87079474979
1.87763286512
1.88454344851
1.89152755996
1.8985862496
1.90572055868
1.91293152059
1.92022016192
1.92758750348
1.93503456138
1.94256234801
1.95017187313
1.95786414475
1.96564017009
1.97350095642
1.98144751186
1.98948084606
1.99760197079
2.00581190048
2.01411165255
2.02250224771
2.03098471008
2.03956006716
2.04822934967
2.05699359126
2.065853828
2.07481109776
2.0838664394
2.09302089178
2.10227549259
2.11163127707
2.12108927641
2.13065051617
2.14031601435
2.15008677938
2.15996380791
2.16994808249
2.18004056899
2.19024221396
2.20055394181
2.21097665184
2.22151121516
2.23215847149
2.24291922582
2.25379424504
2.26478425437
2.27588993385
2.28711191465
2.2984507754
2.30990703847
2.32148116618
2.33317355709
2.34498454219
2.35691438119
2.36896325882
2.38113128115
2.39341847199
2.4058247694
2.41835002221
2.4309939867
2.44375632342
2.45663659403
2.4696342584
2.48274867179
2.49597908222
2.50932462796
2.52278433532
2.53635711648
2.55004176762
2.56383696722
2.57774127458
2.59175312854
2.60587084643
2.62009262326
2.63441653108
2.64884051862
2.66336241115
2.67797991052
2.69269059548
2.70749192217
2.72238122487
2.7373557169
2.75241249181
2.76754852467
2.78276067364
2.79804568162
2.81340017821
2.82882068166
2.84430360115
2.85984523904
2.87544179338
2.89108936046
2.9067839375
2.9225214254
2.93829763161
2.95410827298
2.96994897878
2.98581529364
3.00170268061
3.01760652415
3.03352213317
3.04944474404
3.06536952359
3.08129157203
3.09720592584
3.11310756067
3.12899139406
3.14485228815
3.16068505231
3.17648444564
3.19224517943
3.20796191946
3.22362928823
3.23924186709
3.25479419821
3.27028078653
3.28569610147
3.30103457868
3.31629062158
3.3314586028
3.34653286559
3.36150772506
3.37637746942
3.39113636101
3.40577863742
3.42029851239
3.43469017678
3.44894779941
3.46306552792
3.47703748959
3.49085779212
3.50452052449
3.5180197577
3.53134954569
3.54450392617
3.55747692158
3.57026254003
3.58285477641
3.5952476135
3.6074350232
3.61941096788
3.63116940184
3.64270427285
3.65400952388
3.66507909491
3.67590692498
3.68648695425
3.69681312634
3.70687939078
3.71667970563
3.72620804023
3.73545837819
3.74442472047
3.75310108871
3.76148152859
3.76956011352
3.77733094833
3.7847881732
3.79192596772
3.79873855504
3.80522020624
3.8113652447
3.81716805066
3.82262306587
3.82772479832
3.83246782703
3.83684680689
3.84085647363
3.84449164872
3.84774724437
3.85061826852
3.85309982981
3.85518714252
3.85687553154
3.85816043726
3.85903742035
3.85950216653
3.85955049128
3.85917834433
3.85838181419
3.85715713244
3.85550067794
3.85340898089
3.85087872673
3.84790675987
3.84449008725
3.84062588173
3.83631148531
3.83154441206
3.82632235101
3.82064316869
3.81450491154
3.8079058081
3.80084427098
3.79331889861
3.78532847677
3.77687197996
3.76794857249
3.75855760939
3.74869863711
3.73837139403
3.72757581073
3.71631201011
3.7045803073
3.69238120934
3.67971541476
3.66658381292
3.65298748321
3.63892769408
3.62440590191
3.60942374973
3.59398306583
3.57808586219
3.5617343328
3.54493085186
3.52767797189
3.50997842167
3.49183510418
3.47325109432
3.45422963666
3.43477414303
3.41488819008
3.39457551677
3.37384002174
3.35268576069
3.33111694368
3.30913793238
3.28675323725
3.26396751471
3.2407855643
3.21721232572
3.1932528759
3.16891242604
3.14419631859
3.11911002427
3.09365913895
3.06784938064
3.04168658639
3.01517670915
2.9883258147
2.96114007847
2.93362578238
2.9057893117
2.87763715184
2.84917588517
2.82041218777
2.79135282626
2.76200465452
2.73237461046
2.70246971275
2.67229705758
2.64186381532
2.61117722728
2.58024460239
2.5490733139
2.51767079605
2.48604454073
2.45420209421
2.42215105372
2.38989906417
2.35745381475
2.32482303564
2.29201449459
2.25903599361
2.2258953656
2.19260047097
2.15915919434
2.12557944111
2.09186913419
2.05803621059
2.02408861812
1.99003431202
1.95588125167
1.92163739726
1.88731070647
1.85290913118
1.81844061417
1.78391308585
1.74933446102
1.71471263559
1.68005548335
1.64537085275
1.61066656373
1.57595040447
1.54123012827
1.50651345039
1.47180804491
1.4371215416
1.40246152287
1.36783552066
1.33325101343
1.29871542308
1.26423611202
1.22982038012
1.19547546181
1.16120852315
1.12702665892
1.09293688975
1.05894615931
1.02506133147
0.991289187571
0.957636423673
0.924109647847
0.890715377526
0.857460036889
0.824349954278
0.791391359673
0.7585903822
0.725953047699
0.693485276339
0.661192880281
0.629081561411
0.597156909112
0.565424398117
0.53388938641
0.502557113204
0.47143269698
0.440521133607
0.409827294525
0.379355925017
0.349111642553
0.31909893522
0.289322160239
0.259785542563
0.23049317358
0.201449009889
0.172656872193
0.144120444271
0.115843272068
0.0878287628667
0.060080184586
0.0326006651668
0.00539319207527
-0.021539388087
-0.0481943698633
-0.0745691891099
-0.100661423051
-0.126468790224
-0.151989150304
-0.177220503824
-0.202160991772
-0.226808895083
-0.251162634007
-0.275220767379
-0.298981991762
-0.322445140488
-0.345609182593
-0.368473221634
-0.39103649441
-0.413298369574
-0.435258346149
-0.456916051939
-0.478271241851
-0.499323796119
-0.520073718443
-0.540521134037
-0.560666287605
-0.580509541221
-0.600051372156
-0.619292370616
-0.638233237425
-0.656874781642
-0.675217918122
-0.693263665024
-0.711013141271
-0.728467563965
-0.745628245767
-0.762496592238
-0.779074099157
-0.795362349805
-0.811363012243
-0.827077836558
-0.842508652111
-0.857657364774
-0.872525954162
-0.887116470874
-0.901431033731
-0.915471827034
-0.929241097824
-0.942741153173
-0.955974357481
-0.968943129808
-0.981649941228
-0.994097312211
-1.00628781004
-1.01822404626
-1.02990867417
-1.04134438633
-1.05253391214
-1.06348001546
-1.07418549221
-1.0846531681
-1.09488589638
-1.10488655555
-1.11465804727
-1.12420329417
-1.13352523778
-1.14262683651
-1.15151106362
-1.16018090533
-1.16863935883
-1.1768894305
-1.18493413405
-1.19277648873
-1.20041951762
-1.20786624595
-1.2151196994
-1.2221829025
-1.22905887707
-1.23575064065
-1.24226120502
-1.2485935747
-1.25475074552
-1.26073570323
-1.26655142211
-1.27220086364
-1.27768697518
-1.28301268869
-1.28818091952
-1.29319456512
-1.29805650393
-1.30276959415
-1.30733667267
-1.31176055394
-1.31604402888
-1.3201898639
-1.32420079983
-1.32807955097
-1.33182880412
-1.33545121771
-1.33894942083
-1.34232601247
-1.34558356064
-1.34872460158
-1.35175163905
-1.35466714356
-1.35747355174
-1.36017326563
-1.36276865213
-1.36526204239
-1.36765573129
-1.36995197692
-1.37215300017
-1.37426098425
-1.37627807436
-1.37820637731
-1.38004796125
-1.3818048554
-1.38347904981
-1.38507249522
-1.38658710288
-1.38802474445
-1.38938725197
-1.39067641778
-1.3918939946
-1.39304169552
-1.3941211941
-1.39513412452
-1.39608208168
-1.39696662146
-1.39778926087
-1.39855147832
-1.39925471395
-1.39990036984
-1.40048981046
-1.40102436292
-1.40150531745
-1.40193392773
-1.40231141137
-1.40263895033
-1.40291769139
-1.40314874665
-1.403333194
-1.40347207765
-1.40356640864
-1.40361716538
-1.40362529422
-1.40359170995
-1.40351729639
-1.40340290699
-1.40324936532
-1.40305746574
-1.4028279739
-1.40256162737
-1.40225913624
-1.40192118364
-1.4015484264
-1.4011414956
-1.40070099717
-1.4002275125
-1.399721599
-1.3991837907
-1.39861459887
-1.39801451256
-1.39738399925
-1.39672350542
-1.39603345712
-1.39531426062
-1.39456630295
-1.39378995256
-1.39298555987
-1.39215345792
-1.39129396293
-1.39040737499
-1.38949397859
-1.38855404331
-1.3875878244
-1.38659556346
-1.38557748903
-1.38453381725
-1.38346475255
-1.38237048821
-1.38125120713
-1.38010708241
-1.37893827805
-1.37774494965
-1.37652724503
-1.37528530499
-1.37401926391
-1.37272925051
-1.37141538851
-1.37007779731
-1.36871659271
-1.36733188759
-1.36592379256
-1.3644924167
-1.36303786821
-1.36156025508
-1.36005968574
-1.35853626974
-1.35699011841
-1.3554213454
-1.35383006741
-1.35221640469
-1.3505804817
-1.34892242759
-1.34724237681
-1.34554046957
-1.34381685237
-1.34207167842
-1.34030510813
-1.33851730944
-1.33670845826
-1.33487873877
-1.33302834374
-1.33115747478
-1.32926634259
-1.32735516714
-1.32542417784
-1.32347361364
-1.32150372309
-1.31951476442
-1.31750700547
-1.31548072369
-1.31343620601
-1.31137374872
-1.30929365731
-1.30719624622
-1.30508183859
-1.30295076596
-1.30080336797
-1.2986399919
-1.29646099234
-1.29426673066
-1.29205757461
-1.2898338977
-1.28759607874
-1.28534450121
-1.28307955264
-1.28080162402
-1.2785111091
-1.27620840371
-1.27389390511
-1.27156801119
-1.26923111982
-1.26688362806
-1.2645259314
-1.26215842304
-1.25978149309
-1.25739552783
-1.25500090891
-1.25259801262
-1.25018720916
-1.24776886182
-1.2453433263
-1.24291094999
-1.24047207124
-1.23802701872
-1.23557611068
-1.23311965439
-1.2306579455
-1.22819126743
-1.22571989083
-1.22324407306
-1.22076405771
-1.21828007409
-1.21579233689
-1.21330104572
-1.21080638483
-1.20830852274
-1.20580761205
-1.20330378916
-1.20079717414
-1.19828787055
-1.19577596539
-1.19326152902
-1.19074461517
-1.18822526101
-1.18570348716
-1.18317929792
-1.18065268134
-1.17812360952
-1.17559203879
-1.17305791009
-1.17052114923
-1.16798166731
-1.16543936114
-1.16289411367
-1.1603457945
-1.15779426036
-1.15523935574
-1.15268091341
-1.15011875507
-1.14755269199
-1.14498252567
-1.14240804855
-1.13982904473
-1.13724529069
-1.13465655606
-1.13206260441
-1.12946319401
-1.12685807865
-1.12424700843
-1.12162973063
-1.11900599049
-1.11637553204
-1.11373809899
-1.11109343548
-1.10844128699
-1.1057814011
-1.10311352838
-1.10043742315
-1.09775284428
-1.09505955603
-1.09235732879
-1.08964593983
-1.08692517408
-1.08419482483
-1.0814546944
-1.0787045949
-1.0759443488
-1.07317378959
-1.07039276241
-1.06760112454
-1.06479874602
-1.06198551011
-1.05916131378
-1.05632606814
-1.05347969883
-1.05062214642
-1.04775336672
-1.04487333105
-1.04198202653
-1.03907945626
-1.03616563952
-1.03324061188
-1.03030442529
-1.02735714815
-1.02439886532
-1.02142967804
-1.01844970394
-1.01545907686
-1.01245794673
-1.00944647937
-1.00642485626
-1.00339327428
-1.0003519454
-0.997301096327
-0.994240968157
-0.991171815936
-0.988093908232
-0.985007526656
-0.981912965358
-0.978810530492
-0.97570053966
-0.972583321322
-0.96945921419
-0.966328566594
-0.963191735837
-0.96004908752
-0.956900994865
-0.95374783801
-0.950590003304
-0.947427882584
-0.944261872449
-0.941092373528
-0.937919789739
-0.934744527558
-0.931566995273
-0.928387602258
-0.925206758235
-0.922024872555
-0.918842353486
-0.9156596075
-0.91247703859
-0.909295047588
-0.906114031503
-0.902934382877
-0.899756489161
-0.896580732105
-0.893407487182
-0.890237123018
-0.887070000862
-0.883906474075
-0.88074688764
-0.877591577704
-0.874440871151
-0.871295085196
-0.868154527012
-0.865019493382
-0.861890270386
-0.858767133114
-0.855650345407
-0.852540159629
-0.849436816471
-0.846340544777
-0.843251561406
-0.840170071117
-0.837096266481
-0.834030327826
-0.830972423201
-0.827922708366
-0.824881326814
-0.821848409807
-0.818824076439
-0.81580843372
-0.812801576682
-0.809803588502
-0.80681454064
-0.803834493004
-0.800863494122
-0.797901581332
-0.794948780982
-0.79200510865
-0.789070569368
-0.786145157859
-0.783228858782
-0.780321646986
-0.777423487769
-0.774534337143
-0.771654142108
-0.768782840919
-0.765920363368
-0.763066631063
-0.760221557703
-0.757385049359
-0.754557004758
-0.751737315553
-0.748925866606
-0.746122536259
-0.743327196606
-0.740539713758
-0.737759948111
-0.734987754603
-0.732222982973
-0.729465478004
-0.72671507978
-0.723971623915
-0.721234941798
-0.71850486082
-0.715781204596
-0.713063793188
-0.710352443321
-0.707646968585
-0.704947179646
-0.70225288444
-0.699563888368
-0.696879994483
-0.694201003676
-0.691526714852
-0.688856925105
-0.686191429888
-0.683530023179
-0.680872497641
-0.678218644781
-0.675568255099
-0.672921118245
-0.670277023157
-0.667635758209
-0.664997111347
-0.662360870228
-0.659726822348
-0.657094755174
-0.65446445627
-0.65183571342
-0.649208314746
-0.646582048828
-0.643956704814
-0.641332072535
-0.638707942608
-0.636084106544
-0.633460356848
-0.630836487115
-0.628212292128
-0.625587567948
-0.622962112001
-0.620335723162
-0.617708201841
-0.615079350051
-0.612448971493
-0.609816871616
-0.607182857689
-0.604546738863
-0.601908326228
-0.59926743287
-0.59662387392
-0.593977466603
-0.591328030283
-0.588675386501
-0.586019359011
-0.583359773816
-0.580696459197
-0.578029245736
-0.575357966344
-0.572682456279
-0.570002553164
-0.567318097004
-0.564628930197
-0.561934897544
-0.559235846264
-0.556531625993
-0.5538220888
-0.551107089188
-0.548386484098
-0.54566013292
-0.542927897495
-0.540189642121
-0.537445233562
-0.534694541059
-0.531937436336
-0.529173793619
-0.526403489647
-0.523626403692
-0.520842417585
-0.518051415738
-0.515253285176
-0.512447915917
-0.50963519999
-0.506815032495
-0.503987311316
-0.50115193718
-0.498308813723
-0.495457847555
-0.492598948343
-0.48973202889
-0.486857005229
-0.483973796721
-0.481082326158
-0.478182519881
-0.475274307895
-0.472357624005
-0.469432405944
-0.466498595523
-0.463556138776
-0.460604986122
-0.457645092529
-0.454676417684
-0.451698926171
-0.448712587659
-0.445717377087
-0.442713274861
-0.439700267057
-0.436678345624
-0.43364750859
-0.430607760279
-0.427559111525
-0.424501579888
-0.421435189877
-0.418359973164
-0.415275968813
-0.412183223495
-0.409081791709
-0.405971736001
-0.402853127178
-0.399726044522
-0.396590575996
-0.393446818452
-0.390294877826
-0.387134869329
-0.38396691764
-0.380791157073
-0.377607731757
-0.37441679579
-0.371218513395
-0.368013059056
-0.364800617653
-0.361581384578
-0.358355565841
-0.355123378167
