-0.924310086699
-0.92428780342
-0.924243406962
-0.924177145492
-0.924089338516
-0.923980368791
-0.923850673046
-0.923700731709
-0.923531057849
-0.923342185566
-0.923134658043
-0.922909015503
-0.922665783295
-0.922405460338
-0.922128508137
-0.921835340566
-0.921526314607
-0.921201722216
-0.92086178343
-0.920506640869
-0.920136355689
-0.919750905057
-0.919350181188
-0.91893399193
-0.918502062886
-0.918054041006
-0.917589499572
-0.917107944475
-0.916608821645
-0.916091525496
-0.915555408211
-0.914999789691
-0.914423967985
-0.913827229993
-0.91320886224
-0.91256816154
-0.911904445331
-0.911217061511
-0.910505397583
-0.909768888955
-0.909007026245
-0.908219361467
-0.907405512975
-0.906565169113
-0.905698090471
-0.904804110754
-0.903883136221
-0.902935143731
-0.90196017743
-0.900958344145
-0.89992980757
-0.898874781361
-0.897793521255
-0.896686316366
-0.89555347981
-0.894395338825
-0.893212224574
-0.892004461786
-0.890772358441
-0.889516195668
-0.888236218022
-0.886932624323
-0.885605559201
-0.88425510549
-0.882881277599
-0.881484015977
-0.880063182744
-0.878618558568
-0.87714984084
-0.875656643152
-0.874138496101
-0.872594849384
-0.871025075152
-0.869428472544
-0.867804273342
-0.866151648624
-0.864469716313
-0.862757549483
-0.861014185292
-0.859238634374
-0.857429890559
-0.85558694073
-0.853708774694
-0.851794394871
-0.84984282568
-0.847853122459
-0.84582437979
-0.843755739103
-0.841646395455
-0.839495603382
-0.83730268176
-0.835067017607
-0.832788068793
-0.830465365633
-0.828098511373
-0.825687151569
-0.823231061215
-0.820730054493
-0.81818400998
-0.815592866216
-0.812956616533
-0.810275303254
-0.807549011385
-0.804777861929
-0.801962004949
-0.799101612525
-0.796196871723
-0.793247977719
-0.790255127206
-0.787218512192
-0.78413831431
-0.781014699733
-0.777847814783
-0.774637782308
-0.771384698878
-0.768088632855
-0.76474962334
-0.761367680033
-0.757942783977
-0.754474889167
-0.75096392499
-0.747409799435
-0.743812403007
-0.740171613258
-0.736487299862
-0.732759330111
-0.728987574735
-0.725171913944
-0.721312243556
-0.717408481109
-0.713460571843
-0.709468494427
-0.705432266342
-0.701351948801
-0.697227651129
-0.693059534516
-0.688847815073
-0.684592766129
-0.680294719736
-0.675954067342
-0.671571259611
-0.667146805407
-0.662681269935
-0.658175272078
-0.653629480959
-0.649044611794
-0.644421421086
-0.639760701238
-0.635063274679
-0.630329987566
-0.625561703193
-0.620759295171
-0.615923640507
-0.611055612671
-0.60615607476
-0.601225872845
-0.596265829609
-0.591276738354
-0.586259357469
-0.58121440541
-0.576142556281
-0.571044436047
-0.565920619436
-0.560771627545
-0.555597926183
-0.550399924946
-0.545177977024
-0.539932379725
-0.534663375684
-0.529371154727
-0.524055856333
-0.518717572651
-0.513356352011
-0.507972202847
-0.502565097979
-0.497134979174
-0.491681761896
-0.486205340197
-0.480705591641
-0.475182382213
-0.469635571131
-0.464065015496
-0.458470574718
-0.452852114676
-0.44720951155
-0.441542655294
-0.435851452715
-0.430135830143
-0.424395735668
-0.41863114094
-0.412842042542
-0.407028462932
-0.401190450989
-0.395328082164
-0.389441458292
-0.383530707075
-0.377595981296
-0.37163745779
-0.365655336232
-0.359649837775
-0.353621203592
-0.347569693372
-0.341495583803
-0.335399167099
-0.329280749595
-0.323140650461
-0.316979200557
-0.310796741454
-0.304593624647
-0.298370210976
-0.292126870255
-0.285863981129
-0.279581931136
-0.273281116987
-0.266961945037
-0.260624831934
-0.254270205426
-0.247898505298
-0.241510184406
-0.235105709788
-0.228685563802
-0.222250245275
-0.215800270614
-0.209336174849
-0.20285851258
-0.196367858793
-0.189864809513
-0.183349982273
-0.176824016375
-0.170287572925
-0.163741334629
-0.157186005337
-0.150622309331
-0.144050990365
-0.137472810442
-0.130888548363
-0.124298998036
-0.11770496658
-0.111107272235
-0.104506742108
-0.0979042097774
-0.0913005127883
-0.0846964900651
-0.0780929792795
-0.0714908141997
-0.064890822057
-0.0582938209599
-0.051700617385
-0.0451120037755
-0.0385287562708
-0.0319516325928
-0.0253813701083
-0.0188186840847
-0.0122642661543
-0.005718782994
0.000817124770061
0.00734284343269
0.0138577868553
0.0203613968922
0.0268531436053
0.03333252528
0.0397990682552
0.0462523265855
0.0526918815533
0.0591173410531
0.0655283388678
0.0719245338614
0.07830560911
0.0846712709939
0.091021248273
0.097355291167
0.10367317046
0.109974676644
0.11625961913
0.122527825513
0.128779140942
0.135013427558
0.141230564049
0.147430445289
0.153612982083
0.159778101006
0.165925744338
0.172055870076
0.17816845202
0.184263479927
0.190340959705
0.196400913647
0.202443380676
0.2084684166
0.21447609434
0.220466504142
0.226439753722
0.232395968368
0.238335290949
0.244257881847
0.250163918774
0.256053596499
0.261927126437
0.267784736136
0.273626668623
0.279453181639
0.285264546747
0.291061048319
0.29684298242
0.302610655584
0.308364383501
0.314104489627
0.319831303724
0.325545160362
0.331246397373
0.336935354304
0.342612370859
0.34827778537
0.353931933296
0.359575145786
0.3652077483
0.370830059322
0.376442389173
0.38204503893
0.387638299473
0.39322245066
0.398797760644
0.404364485332
0.409922867993
0.415473139016
0.421015515816
0.426550202888
0.432077391994
0.437597262501
0.443109981829
0.44861570603
0.45411458047
0.459606740607
0.465092312849
0.470571415492
0.476044159704
0.481510650556
0.486970988087
0.492425268372
0.497873584605
0.503316028162
0.508752689647
0.514183659896
0.519609030948
0.525028896951
0.530443355015
0.53585250599
0.541256455177
0.546655312956
0.552049195335
0.557438224417
0.562822528777
0.568202243769
0.573577511735
0.578948482152
0.584315311682
0.589678164172
0.595037210569
0.600392628778
0.60574460346
0.611093325784
0.616438993117
0.621781808688
0.627121981207
0.63245972445
0.637795256827
0.64312880092
0.648460583004
0.653790832561
0.65911978178
0.664447665046
0.66977471843
0.675101179177
0.680427285194
0.685753274533
0.691079384889
0.696405853088
0.701732914593
0.707060803005
0.712389749578
0.717719982732
0.723051727585
0.728385205481
0.733720633533
0.739058224177
0.74439818473
0.749740716968
0.755086016709
0.760434273421
0.765785669833
0.771140381578
0.776498576852
0.781860416088
0.78722605167
0.792595627665
0.797969279584
0.803347134181
0.808729309285
0.814115913662
0.819507046922
0.824902799466
0.830303252462
0.835708477876
0.841118538535
0.846533488233
0.851953371876
0.857378225665
0.862808077317
0.868242946319
0.873682844208
0.87912777489
0.884577734966
0.89003271409
0.895492695336
0.900957655569
0.906427565832
0.911902391712
0.917382093717
0.922866627623
0.928355944811
0.933849992579
0.939348714411
0.944852050228
0.950359936584
0.955872306825
0.961389091197
0.966910216903
0.972435608102
0.977965185866
0.98349886806
0.989036569186
0.994578200156
1.00012366802
1.00567287564
1.0112257213
1.01678209832
1.02234189454
1.02790499188
1.03347126577
1.03904058464
1.04461280931
1.05018779246
1.05576537802
1.06134540064
1.06692768508
1.07251204575
1.07809828615
1.08368619842
1.08927556298
1.09486614805
1.10045770947
1.10604999038
1.11164272106
1.11723561888
1.12282838821
1.12842072058
1.13401229476
1.13960277704
1.14519182156
1.15077907072
1.15636415569
1.16194669699
1.16752630521
1.17310258174
1.17867511961
1.18424350437
1.18980731515
1.19536612561
1.20091950506
1.20646701964
1.21200823345
1.21754270979
1.22307001241
1.22858970674
1.23410136123
1.23960454852
1.24509884683
1.25058384111
1.25605912436
1.26152429879
1.26697897702
1.27242278323
1.27785535421
1.28327634046
1.28868540715
1.29408223505
1.29946652138
1.30483798066
1.31019634539
1.31554136676
1.32087281522
1.32619048101
1.3314941746
1.33678372713
1.34205899065
1.34731983847
1.35256616526
1.35779788725
1.36301494228
1.36821728986
1.37340491109
1.37857780869
1.38373600683
1.38887955102
1.39400850801
1.39912296554
1.40422303221
1.40930883727
1.41438053039
1.41943828154
1.4244822807
1.42951273777
1.43452988235
1.43953396363
1.44452525026
1.44950403029
1.45447061107
1.45942531928
1.46436850091
1.46930052133
1.47422176538
1.47913263752
1.48403356196
1.48892498294
1.49380736489
1.49868119281
1.50354697252
1.50840523103
1.51325651693
1.51810140076
1.52294047545
1.52777435672
1.53260368357
1.53742911865
1.54225134875
1.54707108521
1.55188906432
1.5567060477
1.5615228227
1.56634020268
1.57115902731
1.57598016279
1.58080450204
1.58563296483
1.5904664978
1.59530607447
1.60015269513
1.60500738667
1.60987120236
1.61474522143
1.61963054874
1.62452831417
1.62943967209
1.6343658006
1.63930790076
1.64426719574
1.64924492982
1.65424236734
1.65926079161
1.66430150364
1.66936582095
1.67445507616
1.6795706156
1.68471379792
1.68988599251
1.69508857802
1.7003229408
1.70559047331
1.71089257252
1.71623063835
1.72160607206
1.72702027472
1.73247464564
1.73797058088
1.74350947182
1.74909270371
1.75472165439
1.760397693
1.76612217876
1.77189645992
1.77772187273
1.78359974053
1.78953137291
1.79551806506
1.80156109715
1.80766173387
1.81382122405
1.82004080041
1.82632167947
1.83266506151
1.83907213064
1.8455440551
1.85208198748
1.85868706522
1.86536041108
1.87210313378
1.87891632871
1.88580107864
1.89275845464
1.89978951695
1.90689531592
1.91407689302
1.92133528188
1.92867150928
1.93608659628
1.94358155917
1.95115741059
1.9588151605
1.96655581711
1.97438038786
1.98228988025
1.99028530259
1.99836766475
2.00653797873
2.01479725916
2.02314652369
2.03158679327
2.04011909224
2.04874444834
2.05746389253
2.06627845873
2.07518918325
2.08419710425
2.09330326086
2.10250869224
2.11181443638
2.12122152884
2.13073100116
2.14034387923
2.15006118144
2.1598839166
2.16981308178
2.17984965995
2.18999461744
2.20024890128
2.2106134364
2.22108912262
2.23167683163
2.24237740372
2.25319164454
2.26412032161
2.27516416086
2.28632384307
2.29760000018
2.30899321165
2.32050400067
2.3321328305
2.34388010061
2.35574614301
2.36773121844
2.37983551271
2.39205913304
2.40440210445
2.41686436622
2.42944576851
2.44214606896
2.45496492952
2.46790191336
2.48095648188
2.49412799195
2.50741569324
2.5208187258
2.5343361177
2.547966783
2.56170951983
2.57556300866
2.58952581088
2.60359636746
2.61777299798
2.6320538997
2.64643714706
2.66092069121
2.67550235995
2.6901798577
2.70495076586
2.71981254332
2.73476252715
2.74979793355
2.76491585902
2.78011328167
2.79538706272
2.81073394828
2.82615057115
2.84163345292
2.85717900612
2.87278353657
2.88844324582
2.90415423375
2.9199125012
2.93571395278
2.95155439969
2.96742956261
2.98333507465
2.9992664844
3.01521925886
3.03118878652
3.04717038034
3.06315928082
3.07915065892
3.09513961902
3.11112120184
3.12709038726
3.14304209707
3.15897119772
3.17487250288
3.19074077596
3.20657073259
3.22235704288
3.23809433367
3.25377719064
3.26940016029
3.28495775186
3.3004444391
3.31585466193
3.331182828
3.3464233142
3.36157046796
3.37661860855
3.3915620283
3.40639499362
3.42111174611
3.43570650349
3.45017346051
3.46450678986
3.47870064294
3.49274915076
3.50664642465
3.52038655714
3.53396362273
3.54737167876
3.56060476624
3.57365691084
3.58652212381
3.59919440308
3.61166773437
3.62393609243
3.63599344239
3.64783374118
3.65945093911
3.67083898161
3.681991811
3.69290336853
3.7035675965
3.71397844054
3.72412985211
3.73401579106
3.74363022843
3.75296714944
3.76202055653
3.77078447271
3.77925294497
3.78742004787
3.79527988734
3.80282660452
3.81005437989
3.81695743739
3.82353004875
3.82976653797
3.83566128577
3.84120873433
3.84640339195
3.85123983787
3.85571272715
3.85981679557
3.86354686459
3.86689784633
3.86986474855
3.87244267964
3.87462685357
3.87641259483
3.87779534335
3.87877065927
3.87933422771
3.87948186349
3.87920951561
3.87851327179
3.87738936277
3.87583416649
3.87384421218
3.87141618426
3.86854692605
3.86523344336
3.86147290785
3.85726266025
3.85260021335
3.84748325481
3.84190964975
3.83587744314
3.82938486201
3.82243031739
3.81501240608
3.80712991219
3.7987818085
3.78996725751
3.78068561243
3.77093641781
3.76071941009
3.75003451786
3.73888186196
3.72726175541
3.7151747031
3.70262140133
3.6896027372
3.67611978776
3.66217381909
3.64776628512
3.6328988264
3.61757326866
3.60179162126
3.58555607555
3.56886900299
3.55173295333
3.53415065252
3.51612500063
3.49765906962
3.47875610105
3.45941950369
3.43965285108
3.41945987898
3.39884448282
3.377810715
3.35636278224
3.3345050428
3.31224200368
3.28957831781
3.26651878115
3.24306832978
3.21923203695
3.19501511014
3.17042288802
3.14546083747
3.12013455046
3.09444974109
3.06841224239
3.04202800328
3.01530308544
2.98824366015
2.96085600514
2.93314650143
2.90512163013
2.87678796925
2.84815219049
2.81922105601
2.79000141519
2.76050020139
2.7307244287
2.70068118864
2.67037764688
2.63982104001
2.60901867214
2.57797791168
2.54670618796
2.51521098795
2.4834998529
2.45158037501
2.41946019406
2.38714699414
2.35464850018
2.32197247472
2.28912671444
2.2561190469
2.22295732712
2.18964943423
2.15620326815
2.12262674622
2.08892779983
2.05511437112
2.02119440964
1.98717586898
1.95306670352
1.91887486504
1.88460829951
1.85027494372
1.81588272206
1.78143954323
1.746953297
1.71243185097
1.67788304735
1.64331469978
1.60873459008
1.57415046516
1.53957003382
1.50500096362
1.47045087779
1.43592735211
1.40143791188
1.36699002881
1.33259111806
1.2982485352
1.26396957324
1.22976145968
1.1956313536
1.16158634274
1.12763344065
1.09377958387
1.06003162907
1.02639635036
0.992880436472
0.959490488139
0.926233015376
0.893114434893
0.860141067506
0.827319135606
0.794654760677
0.762153960854
0.729822648538
0.697666628065
0.665691593425
0.633903126049
0.602306692646
0.570907643115
0.539711208511
0.508722499094
0.477946502437
0.447388081617
0.41705197348
0.386942786988
0.357065001647
0.327422966019
0.298020896329
0.268862875155
0.239952850215
0.211294633251
0.182891899007
0.154748184314
0.126866887267
0.0992512665163
0.0719044406615
0.0448293877504
0.0180289448911
-0.00849419202717
-0.0347374685015
-0.0606984714696
-0.0863749292511
-0.111764711375
-0.136865828295
-0.161676430984
-0.186194810425
-0.210419396982
-0.234348759657
-0.257981605238
-0.281316777339
-0.304353255322
-0.327090153124
-0.349526717962
-0.371662328954
-0.393496495619
-0.415028856295
-0.436259176448
-0.4571873469
-0.477813381957
-0.498137417459
-0.518159708743
-0.53788062853
-0.557300664735
-0.576420418208
-0.595240600409
-0.613762031023
-0.631985635509
-0.649912442611
-0.667543581807
-0.684880280719
-0.701923862492
-0.718675743123
-0.735137428778
-0.75131051307
-0.767196674326
-0.782797672838
-0.798115348093
-0.813151616016
-0.827908466187
-0.842387959081
-0.856592223302
-0.87052345283
-0.884183904284
-0.897575894197
-0.91070179632
-0.923564038939
-0.936165102228
-0.948507515626
-0.960593855251
-0.972426741339
-0.984008835734
-0.995342839399
-1.00643148998
-1.01727755942
-1.02788385156
-1.03825319989
-1.04838846521
-1.05829253347
-1.06796831356
-1.07741873515
-1.08664674667
-1.0956553132
-1.10444741452
-1.11302604312
-1.12139420233
-1.12955490443
-1.13751116882
-1.14526602028
-1.15282248718
-1.16018359984
-1.1673523888
-1.17433188328
-1.18112510954
-1.18773508935
-1.19416483849
-1.20041736529
-1.20649566914
-1.21240273913
-1.21814155267
-1.22371507411
-1.22912625349
-1.23437802521
-1.2394733068
-1.24441499771
-1.24920597809
-1.25384910768
-1.25834722462
-1.26270314442
-1.26691965882
-1.27099953478
-1.2749455135
-1.27876030939
-1.28244660914
-1.28600707082
-1.28944432296
-1.29276096375
-1.29595956015
-1.29904264718
-1.30201272709
-1.30487226871
-1.30762370674
-1.3102694411
-1.31281183632
-1.31525322101
-1.31759588725
-1.31984209018
-1.32199404748
-1.32405393899
-1.3260239063
-1.32790605247
-1.32970244166
-1.33141509893
-1.33304601
-1.33459712107
-1.33607033869
-1.33746752964
-1.33879052091
-1.34004109965
-1.34122101317
-1.34233196905
-1.34337563516
-1.34435363985
-1.34526757204
-1.34611898148
-1.34690937892
-1.3476402364
-1.34831298751
-1.34892902774
-1.34948971475
-1.34999636881
-1.35045027315
-1.35085267437
-1.35120478288
-1.35150777336
-1.35176278521
-1.35197092306
-1.35213325725
-1.35225082435
-1.3523246277
-1.35235563795
-1.35234479358
-1.35229300148
-1.35220113752
-1.35207004712
-1.35190054578
-1.35169341973
-1.35144942649
-1.35116929543
-1.35085372837
-1.35050340021
-1.35011895949
-1.34970102895
-1.34925020621
-1.34876706429
-1.34825215223
-1.34770599569
-1.34712909755
-1.34652193848
-1.34588497756
-1.34521865289
-1.34452338215
-1.34379956321
-1.34304757477
-1.34226777693
-1.34146051178
-1.34062610406
-1.33976486174
-1.33887707662
-1.33796302501
-1.33702296829
-1.33605715358
-1.33506581438
-1.33404917117
-1.33300743211
-1.33194079364
-1.33084944118
-1.32973354977
-1.32859328475
-1.32742880241
-1.32624025071
-1.32502776993
-1.32379149335
-1.32253154797
-1.3212480552
-1.31994113151
-1.31861088919
-1.31725743698
-1.31588088082
-1.31448132449
-1.31305887035
-1.31161361997
-1.31014567483
-1.30865513699
-1.30714210974
-1.30560669824
-1.30404901016
-1.30246915629
-1.30086725116
-1.29924341359
-1.29759776727
-1.29593044133
-1.29424157078
-1.29253129709
-1.29079976859
-1.28904714093
-1.28727357749
-1.28547924975
-1.28366433762
-1.28182902975
-1.27997352382
-1.27809802673
-1.27620275483
-1.27428793408
-1.27235380013
-1.27040059841
-1.26842858417
-1.26643802248
-1.26442918814
-1.26240236564
-1.26035784898
-1.25829594151
-1.25621695572
-1.25412121296
-1.25200904316
-1.24988078446
-1.24773678288
-1.24557739186
-1.24340297181
-1.24121388964
-1.23901051825
-1.23679323592
-1.2345624258
-1.23231847524
-1.23006177518
-1.22779271949
-1.22551170427
-1.22321912716
-1.22091538662
-1.21860088118
-1.21627600874
-1.21394116574
-1.21159674647
-1.20924314224
-1.20688074066
-1.20450992485
-1.2021310727
-1.19974455605
-1.19735074002
-1.19494998221
-1.19254263204
-1.19012902997
-1.18770950686
-1.1852843833
-1.18285396895
-1.18041856193
-1.17797844824
-1.17553390118
-1.17308518086
-1.17063253365
-1.16817619176
-1.1657163728
-1.16325327941
-1.16078709889
-1.15831800292
-1.15584614728
-1.15337167162
-1.15089469928
-1.14841533719
-1.14593367573
-1.14344978868
-1.14096373327
-1.13847555015
-1.13598526353
-1.13349288124
-1.13099839499
-1.12850178049
-1.12600299777
-1.12350199144
-1.12099869103
-1.11849301139
-1.11598485309
-1.11347410283
-1.110960634
-1.10844430715
-1.10592497056
-1.10340246081
-1.10087660344
-1.09834721352
-1.09581409638
-1.09327704829
-1.09073585715
-1.08819030326
-1.08564016006
-1.08308519489
-1.08052516979
-1.07795984233
-1.07538896634
-1.07281229281
-1.07022957067
-1.06764054764
-1.06504497102
-1.06244258859
-1.05983314938
-1.05721640451
-1.05459210802
-1.05196001768
-1.04931989577
-1.04667150988
-1.04401463371
-1.04134904777
-1.03867454017
-1.03599090731
-1.03329795462
-1.03059549716
-1.02788336036
-1.02516138056
-1.02242940568
-1.01968729574
-1.01693492339
-1.01417217447
-1.0113989484
-1.0086151587
-1.00582073331
-1.00301561503
-1.00019976177
-0.997373146901
-0.994535759487
-0.991687604474
-0.988828702883
-0.985959091931
-0.983078825122
-0.980187972297
-0.977286619641
-0.974374869651
-0.971452841061
-0.968520668733
-0.9655785035
-0.962626511975
-0.95966487632
-0.956693793978
-0.953713477365
-0.950724153527
-0.947726063765
-0.944719463223
-0.941704620442
-0.938681816887
-0.935651346437
-0.932613514857
-0.929568639231
-0.92651704738
-0.923459077251
-0.920395076286
-0.917325400772
-0.91425041517
-0.911170491433
-0.908086008305
-0.904997350616
-0.901904908557
-0.898809076954
-0.895710254537
-0.892608843202
-0.889505247274
-0.88639987277
-0.883293126665
-0.880185416164
-0.877077147977
-0.873968727607
-0.870860558649
-0.867753042093
-0.864646575656
-0.861541553117
-0.858438363673
-0.855337391317
-0.852239014236
-0.849143604226
-0.846051526137
-0.842963137336
-0.839878787198
-0.836798816623
-0.833723557584
-0.83065333269
-0.827588454794
-0.824529226616
-0.821475940405
-0.818428877621
-0.815388308653
-0.812354492566
-0.809327676873
-0.806308097343
-0.803295977829
-0.800291530134
-0.797294953897
-0.794306436512
-0.791326153069
-0.788354266328
-0.785390926708
-0.782436272313
-0.779490428967
-0.776553510286
-0.773625617761
-0.770706840864
-0.767797257178
-0.764896932538
-0.762005921191
-0.75912426598
-0.756251998525
-0.753389139439
-0.750535698536
-0.747691675066
-0.74485705795
-0.742031826027
-0.739215948312
-0.736409384253
-0.733612084001
-0.73082398868
-0.728045030664
-0.725275133851
-0.722514213948
-0.719762178746
-0.717018928405
-0.714284355732
-0.711558346459
-0.708840779523
-0.706131527338
-0.703430456069
-0.700737425895
-0.698052291283
-0.69537490124
-0.692705099571
-0.690042725132
-0.687387612076
-0.684739590091
-0.682098484642
-0.679464117193
-0.676836305441
-0.67421486353
-0.671599602266
-0.66899032933
-0.666386849474
-0.66378896473
-0.661196474592
-0.658609176214
-0.656026864585
-0.653449332717
-0.650876371808
-0.648307771422
-0.645743319647
-0.643182803259
-0.640626007877
-0.638072718121
-0.635522717753
-0.632975789832
-0.630431716846
-0.62789028086
-0.625351263645
-0.622814446812
-0.620279611939
-0.617746540701
-0.615215014986
-0.61268481702
-0.610155729478
-0.607627535601
-0.605100019304
-0.602572965284
-0.600046159121
-0.597519387382
-0.594992437714
-0.592465098943
-0.589937161159
-0.587408415806
-0.584878655766
-0.58234767544
-0.579815270819
-0.577281239563
-0.57474538107
-0.572207496535
-0.56966738902
-0.567124863507
-0.564579726954
-0.562031788345
-0.559480858738
-0.556926751307
-0.554369281381
-0.551808266482
-0.549243526358
-0.54667488301
-0.544102160717
-0.541525186066
-0.538943787963
-0.536357797659
-0.533767048759
-0.531171377238
-0.528570621454
-0.525964622151
-0.523353222475
-0.520736267975
-0.518113606613
-0.515485088767
-0.512850567241
-0.510209897267
-0.507562936514
-0.504909545099
-0.502249585592
-0.499582923031
-0.496909424935
-0.49422896132
-0.491541404723
-0.488846630219
-0.486144515456
-0.483434940681
-0.480717788779
-0.477992945314
-0.47526029858
-0.472519739647
-0.469771162424
-0.467014463726
-0.464249543342
-0.461476304116
-0.458694652032
-0.455904496307
-0.453105749493
-0.450298327582
-0.447482150125
-0.444657140351
-0.4418232253
-0.438980335962
-0.436128407741
-0.433267379663
-0.43039719547
-0.427517803476
-0.424629156745
-0.421731213271
-0.418823936163
-0.415907293842
-0.412981260234
-0.410045814975
-0.407100943619
-0.40414663785
-0.401182895694
-0.398209721741
-0.395227127363
-0.392235130939
-0.389233758073
-0.386223041823
-0.383203022922
-0.380173749999
-0.377135279803
-0.374087677419
-0.371031016484
-0.367965379397
-0.364890857528
-0.361807551415
-0.358715570963
-0.355615035632
-0.352506074614
-0.349388827009
-0.346263441986
-0.343130078938
-0.339988907624
-0.336840108304
-0.333683871858
-0.330520399894
-0.327349904849
