-0.924310086699
-0.92428778629
-0.924243355824
-0.924177043828
-0.924089170268
-0.923980118437
-0.92385032566
-0.923700272995
-0.923530474162
-0.923341463901
-0.923133786004
-0.922907981255
-0.922664575488
-0.922404068023
-0.922126920655
-0.921833547431
-0.921524305378
-0.921199486358
-0.920859310181
-0.920503919101
-0.920133373774
-0.919747650745
-0.919346641495
-0.918930153042
-0.918497910078
-0.918049558588
-0.917584670853
-0.917102751749
-0.916603246211
-0.916085547695
-0.915549007494
-0.914992944711
-0.91441665671
-0.913819429842
-0.913200550242
-0.912559314503
-0.911895040031
-0.911207074884
-0.910494806929
-0.909757672138
-0.908995161899
-0.908206829186
-0.907392293501
-0.906551244502
-0.905683444254
-0.904788728061
-0.903867003896
-0.902918250414
-0.901942513612
-0.900939902196
-0.89991058174
-0.898854767745
-0.897772717739
-0.896664722538
-0.895531096849
-0.894372169372
-0.893188272572
-0.891979732318
-0.890746857545
-0.889489930148
-0.888209195257
-0.886904852074
-0.885577045426
-0.884225858166
-0.882851304566
-0.881453324793
-0.880031780566
-0.878586452064
-0.877117036123
-0.875623145753
-0.874104310973
-0.872559980946
-0.870989527361
-0.869392249017
-0.867767377502
-0.866114083887
-0.864431486309
-0.862718658304
-0.860974637769
-0.85919843638
-0.857389049326
-0.855545465191
-0.853666675824
-0.851751686041
-0.84979952301
-0.847809245166
-0.845779950524
-0.843710784271
-0.841600945526
-0.839449693165
-0.837256350658
-0.835020309837
-0.832741033573
-0.830418057333
-0.828050989628
-0.825639511363
-0.82318337413
-0.820682397507
-0.818136465426
-0.815545521705
-0.812909564842
-0.810228642182
-0.807502843585
-0.80473229471
-0.801917150065
-0.799057585937
-0.796153793358
-0.793205971222
-0.790214319685
-0.787179033968
-0.784100298674
-0.780978282715
-0.777813134931
-0.774604980494
-0.771353918118
-0.768060018155
-0.764723321573
-0.76134383984
-0.757921555694
-0.754456424789
-0.750948378158
-0.747397325452
-0.74380315888
-0.740165757769
-0.736484993657
-0.732760735805
-0.728992857043
-0.725181239812
-0.721325782311
-0.717426404608
-0.713483054619
-0.70949571384
-0.705464402713
-0.701389185538
-0.69727017484
-0.693107535096
-0.688901485773
-0.684652303604
-0.680360324056
-0.676025941981
-0.671649611405
-0.667231844482
-0.662773209601
-0.658274328694
-0.65373587377
-0.649158562737
-0.644543154574
-0.639890443917
-0.635201255161
-0.630476436156
-0.625716851585
-0.620923376148
-0.616096887625
-0.611238259946
-0.606348356347
-0.60142802273
-0.596478081306
-0.591499324615
-0.586492510005
-0.581458354633
-0.576397531066
-0.571310663519
-0.566198324776
-0.561061033824
-0.555899254225
-0.550713393215
-0.54550380154
-0.540270774003
-0.535014550703
-0.529735318916
-0.524433215585
-0.519108330358
-0.513760709108
-0.50839035788
-0.502997247178
-0.497581316538
-0.492142479285
-0.48668062742
-0.48119563655
-0.475687370792
-0.470155687574
-0.464600442278
-0.459021492655
-0.45341870297
-0.447791947816
-0.442141115569
-0.436466111452
-0.430766860179
-0.425043308172
-0.419295425346
-0.413523206451
-0.407726672002
-0.401905868801
-0.396060870071
-0.390191775247
-0.38429870945
-0.378381822679
-0.37244128878
-0.366477304211
-0.360490086684
-0.354479873695
-0.348446921017
-0.342391501186
-0.336313902019
-0.330214425224
-0.324093385109
-0.317951107445
-0.311787928495
-0.305604194238
-0.299400259794
-0.293176489068
-0.286933254614
-0.28067093771
-0.27438992865
-0.268090627223
-0.261773443375
-0.255438798025
-0.249087124013
-0.24271886714
-0.236334487289
-0.229934459573
-0.223519275485
-0.217089444016
-0.210645492707
-0.204187968595
-0.197717439036
-0.191234492358
-0.184739738332
-0.178233808442
-0.171717355915
-0.165191055522
-0.158655603124
-0.152111714969
-0.145560126725
-0.139001592274
-0.132436882259
-0.125866782403
-0.119292091621
-0.112713619942
-0.106132186263
-0.099548615969
-0.0929637384428
-0.0863783844936
-0.0797933837423
-0.0732095619911
-0.0666277386102
-0.060048723974
-0.0534733169758
-0.0469023026496
-0.0403364499254
-0.0337765095403
-0.0272232121268
-0.0206772664949
-0.0141393581208
-0.00761014785297
-0.00109027084034
0.00541966431418
0.0119190761773
0.0184074108907
0.0248841423673
0.0313487722897
0.0378008299255
0.0442398717767
0.050665481082
0.0570772671931
0.0634748648463
0.0698579333531
0.076226155731
0.0825792377995
0.0889169072615
0.0952389127913
0.101545023151
0.107835026348
0.11410872886
0.120365954922
0.12660654591
0.132830359809
0.139037270785
0.14522716885
0.151399959636
0.157555564258
0.163693919276
0.169814976738
0.175918704293
0.182005085371
0.188074119406
0.194125822101
0.200160225695
0.206177379246
0.212177348886
0.218160218054
0.224126087668
0.230075076243
0.236007319926
0.24192297244
0.247822204928
0.253705205682
0.259572179762
0.265423348478
0.271258948765
0.277079232411
0.282884465183
0.288674925817
0.294450904907
0.300212703682
0.305960632702
0.311695010463
0.31741616194
0.323124417086
0.328820109287
0.334503573808
0.340175146237
0.345835160947
0.351483949594
0.35712183967
0.362749153123
0.368366205064
0.373973302567
0.37957074359
0.385158816009
0.390737796788
0.396307951288
0.401869532721
0.407422781747
0.412967926229
0.418505181125
0.424034748541
0.429556817908
0.435071566311
0.440579158932
0.446079749622
0.451573481572
0.457060488089
0.462540893445
0.468014813804
0.473482358206
0.478943629589
0.484398725844
0.489847740881
0.495290765706
0.500727889475
0.506159200535
0.511584787428
0.517004739849
0.522419149553
0.527828111201
0.533231723136
0.538630088088
0.544023313799
0.549411513573
0.554794806733
0.560173319005
0.565547182817
0.570916537511
0.576281529482
0.581642312241
0.586999046405
0.592351899614
0.597701046396
0.603046667961
0.60838895196
0.613728092175
0.619064288189
0.624397745004
0.629728672639
0.635057285693
0.640383802893
0.645708446625
0.651031442444
0.656353018585
0.661673405461
0.666992835156
0.672311540921
0.677629756666
0.682947716457
0.688265654011
0.693583802202
0.698902392563
0.704221654805
0.709541816328
0.71486310175
0.720185732438
0.725509926048
0.730835896072
0.736163851395
0.741493995863
0.746826527866
0.752161639921
0.757499518289
0.762840342591
0.768184285451
0.773531512159
0.778882180355
0.784236439737
0.789594431801
0.794956289604
0.800322137564
0.805692091292
0.811066257463
0.816444733718
0.821827608613
0.827214961602
0.832606863065
0.838003374373
0.843404547998
0.84881042766
0.854221048511
0.85963643736
0.865056612925
0.870481586128
0.875911360403
0.881345932038
0.886785290532
0.892229418968
0.897678294394
0.903131888206
0.908590166536
0.914053090622
0.919520617171
0.924992698706
0.930469283878
0.935950317755
0.941435742077
0.946925495462
0.952419513577
0.957917729256
0.963420072567
0.968926470824
0.974436848547
0.979951127363
0.985469225848
0.990991059317
0.996516539558
1.00204557451
1.00757806788
1.01311391877
1.01865302116
1.02419526346
1.02974052796
1.0352886903
1.04083961887
1.04639317426
1.0519492087
1.0575075654
1.0630680781
1.06863057041
1.07419485538
1.079760735
1.08532799972
1.09089642813
1.09646578656
1.10203582888
1.10760629626
1.11317691705
1.11874740674
1.12431746802
1.12988679084
1.13545505267
1.14102191877
1.14658704257
1.15215006616
1.1577106208
1.1632683276
1.1688227982
1.17437363562
1.17992043507
1.1854627849
1.19100026765
1.19653246101
1.20205893901
1.20757927312
1.21309303345
1.21859978994
1.22409911362
1.22959057784
1.23507375949
1.24054824031
1.24601360807
1.25146945779
1.25691539299
1.26235102679
1.26777598309
1.2731898976
1.27859241894
1.28398320957
1.28936194677
1.29472832344
1.30008204898
1.30542285
1.31075047095
1.31606467481
1.32136524354
1.32665197862
1.33192470141
1.33718325348
1.34242749692
1.3476573145
1.35287260987
1.35807330762
1.36325935336
1.36843071368
1.37358737615
1.3787293492
1.38385666206
1.38896936458
1.39406752709
1.39915124021
1.40422061473
1.40927578132
1.41431689045
1.41934411211
1.42435763575
1.42935767001
1.43434444268
1.43931820056
1.44427920935
1.44922775365
1.45416413689
1.45908868142
1.46400172851
1.46890363844
1.47379479071
1.47867558415
1.48354643714
1.48840778791
1.4932600948
1.49810383656
1.50293951276
1.50776764417
1.5125887731
1.51740346394
1.5222123035
1.52701590154
1.53181489119
1.53660992942
1.54140169751
1.54619090146
1.55097827241
1.55576456706
1.560550568
1.56533708406
1.57012495053
1.57491502946
1.57970820975
1.58450540731
1.58930756505
1.59411565286
1.5989306675
1.60375363237
1.60858559726
1.61342763796
1.6182808558
1.62314637709
1.6280253525
1.63291895631
1.63782838556
1.6427548592
1.64769961705
1.65266391869
1.65764904238
1.66265628375
1.66768695452
1.67274238116
1.67782390344
1.68293287293
1.68807065156
1.69323861
1.69843812611
1.70367058337
1.70893736926
1.71423987364
1.71957948721
1.72495759992
1.73037559944
1.73583486963
1.74133678912
1.74688272992
1.75247405605
1.75811212231
1.76379827309
1.76953384124
1.77532014715
1.78115849776
1.78705018578
1.79299648902
1.79899866979
1.80505797439
1.81117563282
1.81735285847
1.82359084802
1.82989078144
1.83625382204
1.84268111671
1.84917379624
1.8557329757
1.86235975498
1.86905521935
1.8758204402
1.88265647573
1.88956437186
1.89654516303
1.9035998732
1.91072951679
1.91793509972
1.92521762041
1.93257807082
1.94001743749
1.94753670258
1.95513684482
1.96281884054
1.97058366452
1.97843229087
1.98636569385
1.99438484851
2.0024907314
2.01068432101
2.01896659822
2.0273385466
2.03580115254
2.04435540534
2.05300229704
2.06174282221
2.07057797752
2.07950876118
2.08853617221
2.09766120952
2.1068848709
2.11620815174
2.12563204365
2.13515753286
2.14478559853
2.1545172108
2.16435332872
2.17429489804
2.18434284883
2.1944980929
2.20476152117
2.21513400085
2.22561637248
2.23620944689
2.24691400202
2.25773077967
2.26866048212
2.27970376876
2.2908612525
2.30213349632
2.31352100962
2.32502424464
2.3366435928
2.34837938112
2.36023186857
2.3722012425
2.38428761511
2.39649101993
2.40881140844
2.4212486467
2.43380251215
2.44647269041
2.45925877236
2.47216025116
2.48517651959
2.49830686744
2.51155047907
2.5249064312
2.53837369084
2.55195111339
2.565637441
2.57943130109
2.59333120507
2.6073355473
2.62144260426
2.63565053392
2.64995737537
2.66436104858
2.67885935453
2.69344997538
2.70813047498
2.72289829957
2.7377507786
2.7526851259
2.76769844086
2.78278770997
2.79794980843
2.81318150191
2.82847944859
2.84384020121
2.85926020931
2.87473582162
2.89026328854
2.90583876468
2.92145831153
2.9371179002
2.9528134142
2.96854065229
2.98429533131
3.0000730891
3.01586948733
3.03168001446
3.04750008854
3.06332506003
3.07915021464
3.09497077598
3.11078190828
3.12657871895
3.14235626106
3.15810953581
3.17383349477
3.18952304213
3.20517303676
3.22077829422
3.23633358862
3.25183365432
3.26727318762
3.28264684821
3.29794926056
3.31317501522
3.32831866993
3.3433747507
3.35833775274
3.37320214133
3.38796235255
3.40261279395
3.41714784522
3.43156185867
3.44584915977
3.46000404759
3.47402079523
3.48789365024
3.50161683502
3.51518454727
3.5285909604
3.54183022403
3.55489646451
3.56778378552
3.58048626873
3.59299797454
3.60531294296
3.61742519453
3.62932873145
3.64101753876
3.65248558571
3.66372682726
3.67473520576
3.68550465278
3.69602909111
3.70630243691
3.71631860216
3.72607149712
3.73555503312
3.74476312545
3.75368969652
3.7623286791
3.77067401987
3.77871968301
3.78645965412
3.79388794417
3.80099859372
3.8077856772
3.81424330747
3.82036564035
3.82614687945
3.83158128095
3.83666315867
3.84138688902
3.84574691625
3.84973775757
3.85335400847
3.85659034801
3.85944154412
3.86190245895
3.86396805421
3.86563339646
3.86689366241
3.86774414411
3.86818025415
3.86819753073
3.86779164264
3.86695839421
3.86569373002
3.8639937396
3.86185466193
3.85927288979
3.85624497398
3.85276762734
3.84883772863
3.84445232617
3.83960864136
3.83430407195
3.82853619511
3.82230277031
3.815601742
3.80843124205
3.80078959198
3.79267530502
3.78408708785
3.77502384226
3.76548466647
3.75546885635
3.74497590632
3.73400551012
3.72255756136
3.71063215388
3.69822958185
3.68535033979
3.67199512232
3.65816482374
3.64386053752
3.6290835555
3.61383536701
3.59811765783
3.58193230901
3.56528139546
3.54816718456
3.5305921345
3.5125588926
3.49407029344
3.47512935692
3.45573928623
3.43590346567
3.41562545844
3.39490900429
3.37375801711
3.35217658245
3.33016895495
3.30773955573
3.28489296963
3.26163394253
3.23796737844
3.21389833672
3.18943202905
3.16457381652
3.13932920654
3.11370384982
3.08770353717
3.0613341964
3.03460188905
3.00751280718
2.98007327003
2.95228972072
2.92416872286
2.89571695715
2.86694121791
2.83784840963
2.80844554342
2.77873973347
2.7487381935
2.71844823308
2.68787725404
2.65703274674
2.62592228643
2.59455352943
2.56293420947
2.53107213381
2.49897517948
2.46665128944
2.43410846875
2.40135478062
2.36839834263
2.33524732271
2.30190993533
2.26839443747
2.23470912476
2.20086232746
2.16686240655
2.13271774975
2.09843676758
2.06402788934
2.02949955921
1.99486023227
1.96011837053
1.92528243902
1.89036090181
1.85536221815
1.82029483849
1.78516720064
1.74998772588
1.71476481509
1.67950684491
1.64422216397
1.60891908905
1.57360590133
1.53829084266
1.50298211187
1.46768786106
1.43241619195
1.39717515234
1.36197273242
1.32681686134
1.29171540362
1.25667615575
1.22170684272
1.18681511469
1.1520085436
1.11729461991
1.08268074935
1.04817424973
1.01378234777
0.979512176049
0.945370769926
0.911365064578
0.87750189207
0.843787978487
0.810229941132
0.776834285783
0.743607404023
0.710555570631
0.677684941047
0.645001548915
0.612511303688
0.580219988327
0.548133257069
0.516256633283
0.484595507409
0.453155134988
0.421940634779
0.390956986972
0.360209031496
0.329701466423
0.299438846475
0.269425581634
0.239665935855
0.210164025888
0.180923820213
0.151949138078
0.123243648659
0.094810870336
0.0666541700754
0.0387767629444
0.0111817117372
-0.0161280732749
-0.0431498344723
-0.0698809668913
-0.0963190181067
-0.122461687989
-0.14830682834
-0.1738524424
-0.199096684234
-0.224037858001
-0.248674417087
-0.273004963131
-0.297028244922
-0.320743157185
-0.344148739242
-0.367244173569
-0.390028784232
-0.412502035222
-0.434663528672
-0.456513002987
-0.47805033086
-0.499275517195
-0.520188696945
-0.540790132849
-0.561080213095
-0.581059448894
-0.600728471988
-0.620088032075
-0.63913899418
-0.657882335953
-0.67631914492
-0.694450615675
-0.712278047028
-0.729802839119
-0.74702649048
-0.763950595084
-0.780576839352
-0.796906999156
-0.812942936787
-0.828686597932
-0.844140008634
-0.859305272249
-0.874184566418
-0.888780140037
-0.903094310245
-0.917129459427
-0.93088803224
-0.944372532661
-0.957585521064
-0.970529611333
-0.983207468006
-0.995621803454
-1.00777537511
-1.01967098272
-1.0313114657
-1.04269970041
-1.05383859766
-1.0647311001
-1.07538017974
-1.08578883555
-1.09596009103
-1.10589699189
-1.1156026038
-1.12508001014
-1.13433230982
-1.14336261522
-1.15217405007
-1.16076974747
-1.16915284794
-1.17732649748
-1.18529384578
-1.19305804436
-1.20062224482
-1.20798959715
-1.21516324808
-1.22214633942
-1.2289420065
-1.23555337667
-1.24198356777
-1.24823568669
-1.25431282795
-1.26021807235
-1.2659544856
-1.27152511704
-1.27693299834
-1.28218114231
-1.28727254165
-1.29221016782
-1.29699696987
-1.30163587333
-1.30612977918
-1.31048156275
-1.31469407274
-1.31877013021
-1.32271252763
-1.32652402799
-1.33020736386
-1.33376523654
-1.33720031527
-1.34051523636
-1.34371260249
-1.34679498193
-1.34976490786
-1.35262487773
-1.35537735256
-1.35802475641
-1.36056947578
-1.3630138591
-1.36536021625
-1.3676108181
-1.36976789607
-1.37183364183
-1.37381020688
-1.37569970231
-1.37750419851
-1.37922572499
-1.38086627016
-1.38242778122
-1.38391216402
-1.38532128308
-1.38665696147
-1.3879209809
-1.38911508173
-1.39024096309
-1.391300283
-1.39229465852
-1.39322566596
-1.39409484113
-1.39490367956
-1.39565363686
-1.39634612899
-1.39698253265
-1.39756418566
-1.39809238735
-1.39856839905
-1.39899344448
-1.39936871031
-1.39969534658
-1.39997446731
-1.40020715096
-1.40039444107
-1.40053734676
-1.40063684334
-1.40069387293
-1.40070934505
-1.40068413724
-1.40061909568
-1.40051503583
-1.40037274307
-1.40019297335
-1.39997645382
-1.39972388351
-1.39943593393
-1.39911324979
-1.39875644962
-1.39836612641
-1.3979428483
-1.39748715922
-1.39699957955
-1.39648060673
-1.395930716
-1.39535036096
-1.39473997428
-1.39409996831
-1.39343073575
-1.3927326503
-1.39200606729
-1.39125132431
-1.39046874191
-1.3896586242
-1.38882125949
-1.38795692099
-1.3870658674
-1.38614834358
-1.38520458123
-1.38423479949
-1.38323920565
-1.38221799576
-1.38117135533
-1.38009945997
-1.37900247604
-1.37788056138
-1.37673386589
-1.37556253228
-1.3743666967
-1.37314648943
-1.37190203554
-1.37063345558
-1.36934086623
-1.36802438102
-1.36668411092
-1.36532016508
-1.36393265146
-1.36252167747
-1.36108735064
-1.35962977925
-1.35814907296
-1.3566453434
-1.35511870483
-1.35356927469
-1.35199717417
-1.35040252878
-1.34878546889
-1.34714613024
-1.34548465442
-1.34380118936
-1.34209588976
-1.3403689175
-1.33862044204
-1.33685064076
-1.33505969929
-1.33324781182
-1.3314151813
-1.32956201972
-1.32768854826
-1.32579499743
-1.32388160721
-1.32194862706
-1.319996316
-1.31802494256
-1.31603478474
-1.31402612991
-1.31199927469
-1.30995452471
-1.30789219448
-1.30581260704
-1.30371609374
-1.30160299384
-1.29947365416
-1.29732842867
-1.29516767804
-1.29299176914
-1.29080107453
-1.28859597191
-1.28637684358
-1.28414407575
-1.28189805801
-1.27963918258
-1.27736784371
-1.27508443695
-1.27278935841
-1.27048300411
-1.26816576917
-1.26583804709
-1.26350022899
-1.26115270288
-1.25879585286
-1.25643005837
-1.25405569348
-1.25167312607
-1.24928271715
-1.24688482011
-1.24447978001
-1.24206793288
-1.23964960505
-1.23722511249
-1.2347947602
-1.23235884156
-1.22991763779
-1.22747141739
-1.22502043563
-1.22256493407
-1.22010514008
-1.21764126647
-1.21517351112
-1.21270205659
-1.21022706989
-1.20774870221
-1.20526708868
-1.20278234824
-1.20029458349
-1.19780388064
-1.19531030942
-1.19281392314
-1.19031475871
-1.18781283673
-1.18530816167
-1.18280072197
-1.18029049033
-1.17777742396
-1.17526146485
-1.17274254016
-1.17022056254
-1.16769543062
-1.16516702941
-1.16263523081
-1.16009989413
-1.15756086665
-1.15501798421
-1.15247107178
-1.14991994416
-1.14736440661
-1.14480425556
-1.14223927927
-1.13966925862
-1.13709396783
-1.13451317523
-1.13192664399
-1.12933413299
-1.12673539755
-1.12413019024
-1.12151826174
-1.11889936158
-1.11627323901
-1.11363964379
-1.110998327
-1.10834904186
-1.1056915445
-1.10302559479
-1.10035095709
-1.09766740103
-1.09497470227
-1.09227264323
-1.0895610138
-1.08683961208
-1.08410824502
-1.0813667291
-1.07861489095
-1.07585256799
-1.07307960897
-1.07029587457
-1.06750123789
-1.06469558495
-1.06187881517
-1.05905084179
-1.05621159226
-1.05336100861
-1.05049904777
-1.04762568188
-1.0447408985
-1.04184470087
-1.03893710807
-1.03601815514
-1.03308789323
-1.03014638961
-1.02719372771
-1.02423000711
-1.02125534349
-1.01826986851
-1.01527372972
-1.01226709033
-1.00925012906
-1.00622303985
-1.00318603162
-1.00013932792
-0.997083166575
-0.994017799326
-0.990943491393
-0.987860521032
-0.984769179048
-0.981669768294
-0.978562603129
-0.975448008858
-0.972326321142
-0.969197885393
-0.96606305614
-0.962922196381
-0.959775676916
-0.956623875661
-0.953467176958
-0.950305970863
-0.947140652428
-0.943971620982
-0.940799279394
-0.937624033344
-0.934446290588
-0.931266460222
-0.928084951951
-0.924902175362
-0.921718539207
-0.918534450688
-0.915350314759
-0.912166533436
-0.908983505124
-0.90580162396
-0.902621279171
-0.899442854453
-0.89626672737
-0.89309326878
-0.889922842272
-0.886755803644
-0.883592500391
-0.880433271233
-0.87727844566
-0.874128343511
-0.870983274583
-0.867843538264
-0.864709423201
-0.861581206998
-0.858459155937
-0.855343524744
-0.852234556368
-0.849132481806
-0.846037519946
-0.842949877449
-0.839869748651
-0.836797315502
-0.83373274753
-0.830676201827
-0.82762782307
-0.824587743561
-0.821556083295
-0.818532950049
-0.815518439493
-0.812512635327
-0.80951560943
-0.806527422035
-0.803548121917
-0.800577746597
-0.797616322567
-0.794663865518
-0.79172038059
-0.788785862625
-0.78586029644
-0.782943657093
-0.780035910172
-0.777137012079
-0.774246910325
-0.771365543821
-0.768492843183
-0.765628731024
-0.762773122261
-0.759925924409
-0.757087037881
-0.754256356285
-0.751433766712
-0.748619150028
-0.745812381158
-0.743013329363
-0.740221858513
-0.737437827359
-0.734661089788
-0.731891495081
-0.72912888816
-0.726373109826
-0.723623996996
-0.720881382921
-0.718145097412
-0.715414967045
-0.712690815366
-0.709972463086
-0.707259728269
-0.704552426512
-0.701850371125
-0.699153373291
-0.696461242232
-0.693773785365
-0.691090808448
-0.688412115727
-0.685737510071
-0.683066793112
-0.680399765367
-0.677736226365
-0.675075974772
-0.672418808503
-0.669764524837
-0.667112920527
-0.664463791912
-0.661816935014
-0.659172145648
-0.65652921952
-0.653887952325
-0.651248139842
-0.648609578033
-0.645972063135
-0.643335391752
-0.640699360946
-0.638063768325
-0.635428412137
-0.63279309135
-0.630157605745
-0.627521755998
-0.624885343764
-0.622248171761
-0.619610043851
-0.616970765122
-0.614330141965
-0.611687982152
-0.609044094914
-0.606398291015
-0.603750382823
-0.601100184386
-0.598447511494
-0.595792181754
-0.593134014651
-0.590472831615
-0.587808456076
-0.585140713532
-0.582469431598
-0.579794440066
-0.577115570954
-0.574432658559
-0.571745539503
-0.56905405278
-0.566358039801
-0.563657344431
-0.560951813034
-0.558241294508
-0.555525640323
-0.552804704552
-0.550078343911
-0.547346417783
-0.544608788254
-0.541865320143
-0.539115881031
-0.536360341287
-0.533598574106
-0.530830455528
-0.528055864477
-0.525274682787
-0.522486795234
-0.519692089575
-0.516890456575
-0.51408179005
-0.511265986906
-0.508442947178
-0.50561257408
-0.50277477405
-0.499929456802
-0.497076535385
-0.494215926239
-0.491347549262
-0.488471327876
-0.485587189106
-0.48269506365
-0.47979488597
-0.476886594377
-0.473970131128
-0.471045442522
-0.468112479008
-0.465171195295
-0.462221550468
-0.45926350811
-0.45629703643
-0.453322108394
-0.450338701867
-0.447346799749
-0.444346390132
-0.441337466445
-0.438320027613
-0.435294078224
-0.432259628684
-0.429216695395
-0.426165300919
-0.423105474158
-0.420037250528
-0.416960672135
-0.41387578796
-0.410782654033
-0.407681333619
-0.404571897395
-0.401454423628
-0.398328998358
-0.395195715568
-0.392054677361
-0.388905994128
-0.385749784716
-0.382586176586
-0.379415305973
-0.376237318037
-0.373052367004
-0.369860616307
-0.366662238716
-0.363457416459
-0.360246341337
-0.357029214829
-0.353806248188
