-0.86919283465
-0.868824675693
-0.868801190717
-0.868761985806
-0.8687069664
-0.868636000842
-0.868548921101
-0.868445523698
-0.868325570813
-0.868188791597
-0.868034883641
-0.867863514633
-0.867674324162
-0.867466925675
-0.86724090857
-0.866995840406
-0.866731269235
-0.866446726011
-0.866141727096
-0.865815776817
-0.865468370083
-0.865098995022
-0.864707135643
-0.864292274494
-0.863853895302
-0.863391485578
-0.862904539174
-0.862392558771
-0.861855058289
-0.861291565192
-0.860701622688
-0.860084791803
-0.859440653308
-0.8587688095
-0.858068885825
-0.857340532315
-0.85658342485
-0.855797266231
-0.854981787044
-0.854136746331
-0.853261932045
-0.852357161295
-0.851422280374
-0.850457164579
-0.849461717805
-0.848435871939
-0.847379586035
-0.846292845294
-0.845175659839
-0.844028063302
-0.84285011123
-0.841641879321
-0.840403461494
-0.839134967814
-0.837836522285
-0.836508260513
-0.835150327275
-0.833762873986
-0.832346056102
-0.830900030466
-0.829424952609
-0.81920827183
-0.818220106204
-0.817196644741
-0.816136237801
-0.815037253417
-0.813898081011
-0.812717135068
-0.811492858757
-0.810223727478
-0.808908252336
-0.807544983524
-0.806132513609
-0.804669480704
-0.803154571524
-0.801586524314
-0.799964131631
-0.798286242985
-0.796551767318
-0.794759675318
-0.792909001562
-0.790998846476
-0.789028378104
-0.786996833689
-0.784903521047
-0.782747819742
-0.780529182044
-0.778247133679
-0.775901274362
-0.773491278103
-0.771016893302
-0.768477942616
-0.765874322603
-0.76320600315
-0.760473026675
-0.757675507113
-0.75481362869
-0.751887644478
-0.748897874754
-0.745844705146
-0.742728584596
-0.73955002312
-0.736309589405
-0.733007908217
-0.729645657651
-0.726223566235
-0.722742409878
-0.719203008691
-0.715606223687
-0.71195295337
-0.708244130227
-0.704480717134
-0.700663703693
-0.69679410251
-0.692872945425
-0.688901279722
-0.68488016431
-0.68081066591
-0.676693855255
-0.672530803307
-0.668322577533
-0.658214772522
-0.653595275313
-0.648935479132
-0.644237143484
-0.639502002166
-0.634731758434
-0.629928080347
-0.625092596302
-0.62022689078
-0.615332500318
-0.610410909721
-0.605463548529
-0.600491787751
-0.595496936869
-0.590480241146
-0.585442879214
-0.580385960977
-0.57531052582
-0.570217541131
-0.565107901147
-0.559982426111
-0.554841861759
-0.549686879117
-0.54451807462
-0.539335970542
-0.534141015734
-0.528933586659
-0.523713988723
-0.518482457894
-0.513239162579
-0.507984205781
-0.502717627492
-0.497439407324
-0.492149467364
-0.486847675229
-0.481533847313
-0.476207752206
-0.470869114265
-0.465517617323
-0.460152908513
-0.454774602195
-0.449382283964
-0.443975514708
-0.438553834724
-0.433116767842
-0.427663825563
-0.422194511176
-0.416708323842
-0.411204762632
-0.405683330489
-0.40014353811
-0.394584907722
-0.389006976746
-0.383409301323
-0.3777914597
-0.372153055454
-0.366493720545
-0.36081311819
-0.355110945544
-0.349386936179
-0.344443788093
-0.338360847455
-0.332272959683
-0.326180734915
-0.3200847554
-0.31398557409
-0.307883713301
-0.301779663485
-0.295673882092
-0.289566792546
-0.283458783338
-0.27735020725
-0.271241380704
-0.265132583251
-0.259024057205
-0.252916007423
-0.246808601236
-0.240701968534
-0.234596202008
-0.228491357544
-0.222387454784
-0.216284477835
-0.210182376131
-0.204081065459
-0.197980429123
-0.191880319257
-0.185780558282
-0.179680940486
-0.173581233747
-0.167481181362
-0.161380503997
-0.155278901736
-0.149176056227
-0.14307163291
-0.136965283316
-0.130856647436
-0.124745356133
-0.118631033599
-0.112513299837
-0.106391773161
-0.100266072695
-0.0941358208685
-0.0880006458839
-0.0818601841576
-0.07571408271
-0.0695620014996
-0.0634036156883
-0.0572386178258
-0.0510667199428
-0.044887655543
-0.038701181483
-0.0325070797321
-0.026305159003
-0.0200952562445
-0.0138772379907
-0.00765100155926
-0.00141647609286
0.00482637656023
0.0110775611309
0.0173370483821
0.0162229546107
0.0222005300504
0.0281868757641
0.0341823441528
0.0401872447966
0.0462018445213
0.0522263676767
0.0582609966144
0.0643058723586
0.0703610954547
0.0764267269862
0.0825027897452
0.0885892695429
0.0946861166453
0.100793247319
0.106910545471
0.113037864367
0.119175028411
0.125321834972
0.13147805624
0.13764344109
0.143817716951
0.150000591654
0.156191755243
0.162390881742
0.168597630861
0.174811649627
0.181032573925
0.187260029951
0.193493635548
0.199733001432
0.205977732293
0.21222742777
0.218481683284
0.224740090739
0.231002239084
0.237267714727
0.243536101814
0.249806982367
0.256079936287
0.262354541227
0.268630372339
0.274907001901
0.281183998838
0.28746092814
0.293737350194
0.300012820034
0.306286886525
0.312559091499
0.318828968846
0.325096043584
0.331359830921
0.337619835315
0.343875549564
0.350126453927
0.356372015296
0.36261168644
0.368844905324
0.375071094531
0.381289660791
0.384885647294
0.390509534752
0.396117211719
0.40170942001
0.407286936115
0.412850569198
0.418401158974
0.423939573492
0.429466706831
0.434983476687
0.440490821898
0.445989699883
0.451481084012
0.456965960923
0.462445327779
0.467920189485
0.473391555866
0.478860438818
0.484327849437
0.489794795138
0.495262276772
0.500731285742
0.506202801143
0.511677786915
0.517157189029
0.522641932718
0.528132919742
0.533631025721
0.539137097524
0.544651950728
0.550176367155
0.555711092497
0.561256834029
0.56681425842
0.572383989652
0.577966607046
0.583562643402
0.589172583271
0.594796861339
0.60043586095
0.606089912768
0.611759293569
0.61744422518
0.623144873566
0.628861348064
0.634593700769
0.640341926066
0.646105960332
0.651885681781
0.657680910468
0.663491408459
0.669316880152
0.675156972753
0.681011276919
0.68687932755
0.692760604739
0.698654534875
0.704560491896
0.710477798698
0.71640572868
0.721628562891
0.727061387185
0.732492455175
0.737922198199
0.743351041502
0.748779403107
0.754207692733
0.759636310759
0.765065647243
0.770496080998
0.775927978741
0.781361694309
0.786797567954
0.792235925718
0.797677078883
0.803121323519
0.808568940104
0.814020193236
0.819475331427
0.824934586978
0.830398175941
0.83586629815
0.841339137327
0.84681686126
0.852299622041
0.857787556361
0.863280785858
0.868779417506
0.874283544049
0.879793244454
0.885308584399
0.890829616763
0.896356382142
0.901888909348
0.907427215909
0.912971308566
0.918521183729
0.924076827929
0.929638218225
0.935205322581
0.940778100201
0.946356501819
0.951940469939
0.957529939031
0.963124835668
0.968725078613
0.97433057885
0.979941239564
0.985556956063
0.991177615656
0.996803097474
1.00243327225
1.00806800205
1.01370713998
1.01935052982
1.02499800568
1.0306493916
1.03630450109
1.04196313678
1.0476250899
1.04646045482
1.0519756837
1.05748490577
1.06298775859
1.06848388983
1.07397295673
1.0794546254
1.08492857012
1.09039447251
1.09585202069
1.10130090844
1.10674083435
1.11217150107
1.11759261459
1.12300388359
1.12840501904
1.1337957338
1.13917574245
1.14454476136
1.14990250881
1.15524870543
1.16058307476
1.16590534406
1.1712152452
1.17651251581
1.18179690053
1.18706815235
1.19232603408
1.19757031979
1.20280079636
1.20801726494
1.21321954237
1.21840746249
1.22358087731
1.22873965805
1.23388369593
1.23901290282
1.24412721155
1.24922657607
1.25431097129
1.25938039273
1.26443485586
1.26947439527
1.27449906361
1.27950893032
1.28450408025
1.28948461215
1.29445063707
1.29940227671
1.30433966177
1.30926293034
1.31417222634
1.31906769807
1.32394949689
1.32881777601
1.3336726895
1.3385143915
1.34334303553
1.34815877413
1.35296175857
1.34237487722
1.34703397091
1.35169510417
1.35635863218
1.36102489421
1.36569421514
1.37036690689
1.37504326995
1.3797235948
1.38440816338
1.38909725052
1.39379112524
1.39849005199
1.40319429191
1.40790410382
1.41261974527
1.41734147341
1.42206954574
1.42680422081
1.43154575874
1.43629442175
1.44105047443
1.44581418406
1.45058582072
1.45536565736
1.46015396982
1.46495103666
1.46975713902
1.47457256038
1.47939758621
1.48423250368
1.48907760123
1.4939331682
1.49879949436
1.50367686951
1.50856558307
1.51346592369
1.51837817888
1.52330263468
1.52823957542
1.53318928345
1.53815203903
1.54312812013
1.54811780243
1.55312135926
1.55813906158
1.56317117807
1.56821797513
1.57327971693
1.57835666551
1.58344908075
1.58855722044
1.59368134021
1.59882169351
1.60397853152
1.60915210303
1.61434265428
1.61955042877
1.62477566707
1.63001860659
1.66983421027
1.67412612501
1.67840033131
1.68265875671
1.68690340111
1.69113633017
1.69535966861
1.69957559355
1.70378632798
1.70799413434
1.71220130833
1.7164101731
1.72062307366
1.72484237175
1.7290704412
1.73330966363
1.73756242477
1.7418311112
1.74611810771
1.75042579515
1.75475654873
1.75911273695
1.76349672098
1.76791085443
1.7723574837
1.77683894851
1.781357583
1.78591571697
1.79051567738
1.79515979011
1.79985038178
1.80458978165
1.80938032355
1.81422434776
1.81912420276
1.82408224689
1.82910084968
1.83418239308
1.8393292723
1.84454389633
1.84982868813
1.85518608442
1.86061853505
1.86612850204
1.87171845809
1.87739088478
1.88314827029
1.88899310684
1.89492788762
1.90095510357
1.90707723972
1.91329677131
1.91961615977
1.92603784843
1.93256425817
1.93919778302
1.94594078572
1.95279559331
1.95976449287
1.96684972737
1.97419152561
1.98297853249
1.99190380504
2.00096703618
2.01016783147
2.01950570763
2.02898009137
2.0385903184
2.04833563259
2.05821518548
2.06822803596
2.07837315023
2.08864940195
2.09905557276
2.10959035296
2.12025234245
2.13104005202
2.14195190482
2.15298623811
2.16414130535
2.17541527846
2.18680625044
2.19831223826
2.20993118596
2.22166096819
2.23349939386
2.24544421024
2.25749310729
2.26964372228
2.28189364473
2.29424042163
2.30668156298
2.31921454753
2.33183682892
2.34454584188
2.35733900885
2.37021374671
2.38316747365
2.39619761629
2.4093016168
2.4224769402
2.43572108156
2.44903157327
2.46240599216
2.47584196659
2.48933718318
2.50288939347
2.51649642016
2.53015616301
2.54386660432
2.55762581388
2.57143195346
2.58528328056
2.5991781517
2.61311502482
2.62709246106
2.64110912574
2.65516378853
2.6692553228
2.68338270416
2.69535926696
2.71144573569
2.72749504627
2.74350059189
2.75945619258
2.77535609245
2.7911949541
2.80696785045
2.82267025425
2.83829802557
2.85384739755
2.86931496065
2.88469764553
2.89999270496
2.91519769476
2.93031045401
2.94532908481
2.96025193155
2.97507756019
2.98980473744
3.00443241036
3.01895968645
3.03338581464
3.04771016738
3.06193222432
3.07605155772
3.09006782003
3.10398073397
3.11779008528
3.13149571843
3.14509753549
3.1585954982
3.17198963322
3.18528004064
3.19846690539
3.21155051149
3.22453125862
3.2374096808
3.25018646648
3.26286247974
3.27543878179
3.28791665241
3.30029761053
3.31258343346
3.3247761742
3.33687817624
3.34889208536
3.36082085811
3.37266776636
3.38443639788
3.39613065244
3.40775473344
3.4193131349
3.43081062359
3.4422522166
3.45364315412
3.46498886761
3.47629494365
3.48756708339
3.49881105808
3.50979081597
3.52400973594
3.53814685207
3.5521675004
3.56603691536
3.57972064146
3.59318493849
3.60639717483
3.61932620369
3.63194271745
3.64421957534
3.65613210024
3.66765834074
3.67877929509
3.68947909414
3.69974514096
3.70956820555
3.71894247336
3.72786554734
3.73633840363
3.74436530165
3.75195365021
3.75911383148
3.76585898563
3.7722047592
3.77816902089
3.78377154883
3.78903369385
3.79397802343
3.79862795137
3.80300735829
3.80714020826
3.81105016666
3.81476022443
3.81829233379
3.82166705998
3.8249032537
3.82801774806
3.83102508401
3.83393726727
3.83676355961
3.83951030669
3.8421808042
3.8447752034
3.84729045683
3.8497203042
3.85205529816
3.85428286902
3.85638742711
3.85835050105
3.86015090973
3.86176496554
3.863166706
3.86432815069
3.86521958018
3.86580983338
3.86606661985
3.86595684297
3.86544693059
3.864503169
3.83808743002
3.82928660169
3.82024282866
3.81100707597
3.80162451049
3.79213402868
3.78256790298
3.77295154584
3.76330338855
3.75363487001
3.74395052941
3.73424819503
3.72451926072
3.71474904043
3.70491719074
3.69499819102
3.68496187059
3.6747739726
3.66439674429
3.65378954428
3.64290945758
3.63171191043
3.62015127728
3.60818147362
3.5957565292
3.58283113698
3.56936117417
3.55530419284
3.54061987793
3.52527047156
3.50922116311
3.49244044478
3.47490043302
3.45657715615
3.43745080887
3.41750597402
3.39673181208
3.37512221852
3.35267594878
3.32939671036
3.30529322108
3.28037923208
3.25467351391
3.22819980345
3.20098670944
3.17306757402
3.14448028771
3.1152670553
3.08547411051
3.05515137744
3.02435207769
2.99313228261
2.96155041099
2.92966667378
2.89754246834
2.86523972629
2.83282022009
2.80034483515
2.7678728155
2.73546099253
2.6641696568
2.63416843429
2.60408221562
2.57390338638
2.54362341991
2.51323314412
2.48272301272
2.4520833758
2.42130474475
2.39037804722
2.35929486758
2.32804766925
2.29662999543
2.26503664542
2.23326382415
2.20130926317
2.16917231186
2.13685399821
2.10435705898
2.07168593952
2.03884676428
2.00584727898
1.97269676623
1.9394059365
1.90598679671
1.87245249887
1.83881717148
1.80509573652
1.77130371495
1.73745702376
1.70357176749
1.66966402748
1.63574965163
1.60184404789
1.56796198418
1.53411739776
1.50032321663
1.46659119561
1.43293176961
1.39935392627
1.36586510016
1.33247109039
1.29917600332
1.26598222171
1.23289040147
1.19989949673
1.16700681371
1.13420809342
1.10149762271
1.06886837312
1.03631216597
1.00381986224
0.971381574834
0.938986900732
0.906625169794
0.874285706716
0.841958102166
0.809632488781
0.777299817433
0.744952128902
0.739390523864
0.710811318385
0.682366755845
0.654053143987
0.625866998419
0.597805032011
0.569864142423
0.542041398306
0.514334024715
0.486739388282
0.459254982647
0.431878414671
0.404607391879
0.377439711572
0.350373252
0.323405965938
0.296535876951
0.269761078586
0.243079736672
0.216490094836
0.189990483289
0.163579330873
0.137255180304
0.111016706457
0.0848627375305
0.0587922788099
0.0328045387529
0.00689895703386
-0.0189247658417
-0.0446666377844
-0.0703263436916
-0.0959032138319
-0.121396192547
-0.146803807791
-0.172124142028
-0.19735480501
-0.222492908937
-0.247535046495
-0.272477272244
-0.297315087771
-0.322043431031
-0.346656670211
-0.371148602424
-0.395512457499
-0.419740907029
-0.443826078854
-0.467759576997
-0.491532507096
-0.515135507253
-0.538558784159
-0.561792154317
-0.584825090095
-0.607646770282
-0.63024613477
-0.652611942919
-0.674732835138
-0.696597397115
-0.718194226164
-0.739511999062
-0.76053954075
-0.742362831769
-0.760627019777
-0.778612412041
-0.796325464953
-0.813772665587
-0.830960442472
-0.847895087692
-0.864582692549
-0.881029098073
-0.897239860653
-0.913220231994
-0.928975151709
-0.944509249998
-0.959826857259
-0.974932017092
-0.989828499019
-1.00451980739
-1.01900918334
-1.03329959729
-1.04739373035
-1.06129394384
-1.07500223737
-1.08852019671
-1.10184893388
-1.11498902257
-1.12794043273
-1.14070246863
-1.15327371468
-1.1656519934
-1.17783433947
-1.18981699306
-1.20159541505
-1.21316432557
-1.2245177663
-1.23564918598
-1.24655154727
-1.25721745238
-1.26763928401
-1.27780935735
-1.28772007877
-1.29736410634
-1.30673450767
-1.31582491056
-1.32462964252
-1.33314385589
-1.3413636358
-1.34928608907
-1.35690941295
-1.36423294323
-1.37125718195
-1.37798380554
-1.38441565458
-1.39055670675
-1.39641203473
-1.40198775091
-1.40729094072
-1.41232958632
-1.41711248233
-1.42164914505
-1.42594971657
-1.23203820269
-1.23961174278
-1.24709577759
-1.25448833468
-1.26178720515
-1.26898997731
-1.27609407144
-1.28309677493
-1.2899952772
-1.29678670375
-1.30346814867
-1.31003670527
-1.3164894941
-1.32282368832
-1.3290365359
-1.3351253785
-1.34108766711
-1.34692097423
-1.35262300283
-1.35819159224
-1.36362472127
-1.3689205088
-1.37407721234
-1.37909322491
-1.38396707078
-1.38869740033
-1.39328298472
-1.39772271064
-1.40201557548
-1.40616068338
-1.4101572423
-1.41400456228
-1.41770205506
-1.42124923498
-1.42464572122
-1.42789124105
-1.43098563414
-1.43392885738
-1.4367209902
-1.43936223984
-1.44185294635
-1.44419358702
-1.4463847799
-1.44842728614
-1.45032201106
-1.4520700036
-1.45367245432
-1.45513069179
-1.45644617753
-1.45762049949
-1.45865536449
-1.45955258964
-1.4603140931
-1.4609418845
-1.46143805518
-1.46180476869
-1.46204425157
-1.46215878485
-1.46215069608
-1.4620223523
-1.44066455448
-1.43853290685
-1.43632475808
-1.43404420501
-1.43169536553
-1.42928237015
-1.42680935313
-1.42428044331
-1.42169975458
-1.41907137622
-1.41639936319
-1.41368772633
-1.41094042282
-1.40816134678
-1.40535432022
-1.40252308448
-1.39967129212
-1.39680249943
-1.39392015961
-1.39102761669
-1.38812810016
-1.38522472045
-1.38232046513
-1.37941819599
-1.37652064679
-1.37363042187
-1.37074999531
-1.36788171084
-1.36502778229
-1.36219029446
-1.35937120449
-1.35657234351
-1.35379541847
-1.35104201422
-1.34831359553
-1.34561150912
-1.34293698561
-1.3402911412
-1.33767497918
-1.33508939111
-1.33253515758
-1.33001294874
-1.32752332428
-1.32506673309
-1.32264351257
-1.32025388745
-1.31789796837
-1.31557575018
-1.31328710999
-1.31103180503
-1.30880947057
-1.30661961773
-1.30446163148
-1.3023347689
-1.30023815764
-1.29817079497
-1.29613154726
-1.29411915013
-1.29213220934
-1.29016920244
-1.27523042708
-1.27201743794
-1.26879206863
-1.26556384229
-1.26234219178
-1.25913641539
-1.25595563394
-1.25280874925
-1.24970440442
-1.24665094604
-1.24365638855
-1.24072838092
-1.23787417585
-1.23510060154
-1.23241403618
-1.22982038532
-1.22732506198
-1.22493296977
-1.22264848888
-1.22047546499
-1.21841720099
-1.21647645163
-1.21465542082
-1.21295576168
-1.21137857909
-1.20992443472
-1.20859335442
-1.20738483771
-1.20629786942
-1.20533093318
-1.2044820266
-1.20374867813
-1.20312796525
-1.20261653397
-1.20221061944
-1.2019060674
-1.20169835654
-1.20158262138
-1.20155367566
-1.20160603605
-1.20173394606
-1.20193139999
-1.20219216679
-1.20250981375
-1.20287772986
-1.20328914877
-1.20373717119
-1.20421478676
-1.20471489516
-1.20523032653
-1.20575386101
-1.20627824742
-1.20679622105
-1.2073005205
-1.20778390347
-1.20823916166
-1.20865913459
-1.20903672256
-1.20936489848
-1.2096367189
-1.14408907819
-1.14106643759
-1.13801083717
-1.13492395832
-1.13180744411
-1.12866289447
-1.12549186179
-1.12229584691
-1.11907629538
-1.11583459394
-1.11257206715
-1.1092899743
-1.10598950635
-1.10267178323
-1.09933785133
-1.09598868139
-1.09262516684
-1.08924812272
-1.08585828527
-1.08245631243
-1.07904278523
-1.0756182102
-1.07218302303
-1.06873759337
-1.0652822309
-1.06181719265
-1.05834269152
-1.05485890589
-1.0513659902
-1.04786408638
-1.04435333576
-1.04083389134
-1.03730593007
-1.03376966476
-1.03022535538
-1.02667331927
-1.02311394006
-1.01954767476
-1.01597505885
-1.01239670907
-1.00881332354
-1.00522567916
-1.00163462606
-0.998041079092
-0.994446006362
-0.990850414874
-0.987255333489
-0.983661793425
-0.980070806643
-0.976483342506
-0.972900303177
-0.969322498282
-0.965750619381
-0.96218521486
-0.958626665828
-0.955075163644
-0.951530689665
-0.947992997771
-0.944461600206
-0.94093575717
-0.925542873637
-0.922645124118
-0.919755787169
-0.916873021589
-0.913995069008
-0.911120259211
-0.908247014538
-0.905373853326
-0.902499392347
-0.89962234824
-0.896741537932
-0.893855878094
-0.89096438364
-0.888066165367
-0.885160426786
-0.882246460241
-0.879323642417
-0.876391429336
-0.873449350972
-0.870497005585
-0.867534053896
-0.864560213222
-0.861575251668
-0.858578982482
-0.855571258663
-0.852551967881
-0.849521027793
-0.846478381772
-0.843423995097
-0.840357851595
-0.837279950745
-0.834190305213
-0.831088938772
-0.827975884577
-0.824851183726
-0.821714884031
-0.818567038945
-0.815407706558
-0.812236948602
-0.809054829377
-0.805861414548
-0.802656769765
-0.79944095904
-0.796214042858
-0.792976076017
-0.789727105159
-0.786467166034
-0.783196280495
-0.779914453278
-0.7766216686
-0.773317886657
-0.770003040075
-0.766677030399
-0.763339724709
-0.759990952445
-0.756630502521
-0.753258120831
-0.749873508207
-0.746476318903
-0.74306615968
-0.742588617513
-0.737826844842
-0.733049987818
-0.728260639781
-0.723461403223
-0.718654883642
-0.713843683453
-0.709030396019
-0.70421759982
-0.69940785279
-0.694603686866
-0.689807602768
-0.685022065038
-0.680249497373
-0.675492278272
-0.670752737011
-0.666033149977
-0.661335737371
-0.656662660287
-0.652016018189
-0.647397846779
-0.642810116261
-0.638254730001
-0.633733523576
-0.629248264197
-0.6248006505
-0.620392312675
-0.616024812924
-0.611699646214
-0.6074182413
-0.603181961986
-0.598992108587
-0.594849919566
-0.590756573296
-0.586713189914
-0.582720833229
-0.57878051264
-0.574893185031
-0.57105975659
-0.567281084537
-0.563557978702
-0.559891202937
-0.556281476324
-0.552729474155
-0.549235828654
-0.545801129433
-0.542425923661
-0.539110715932
-0.535855967835
-0.532662097215
-0.529529477145
-0.5264584346
-0.523449248854
-0.520502149631
-0.517617315012
-0.514794869136
-0.512034879729
-0.509337355489
-0.506702243362
-0.504129425761
-0.528983636011
-0.52301140538
-0.517048523082
-0.511098019572
-0.505162931298
-0.49924629777
-0.493351158659
-0.48748055087
-0.481637505384
-0.475825043696
-0.470046173857
-0.464303886328
-0.458601149866
-0.452940907559
-0.447326072809
-0.441759524964
-0.436244104407
-0.430782607223
-0.425377779829
-0.420032313946
-0.414748841988
-0.409529932622
-0.404378086095
-0.399295729165
-0.394285209883
-0.389348792747
-0.384488654648
-0.379706881658
-0.375005466281
-0.370386304717
-0.365851193998
-0.361401829293
-0.357039801968
-0.35276659876
-0.348583602009
-0.34449209046
-0.34049324012
-0.336588125053
-0.33277771841
-0.329062894226
-0.325444430257
-0.321923011646
-0.318499234876
-0.315173611503
-0.311946571549
-0.308818466878
-0.305789574976
-0.302860103302
-0.300030193944
-0.297299928059
-0.294669329684
-0.292138368868
-0.289706964459
-0.287374986857
-0.285142260867
-0.283008568389
-0.280973650575
-0.279037209205
-0.277198907337
-0.27545836953
-0.320432269567
-0.318686455104
-0.316976183191
-0.315301414224
-0.313662092898
-0.312058148142
-0.310489493089
-0.308956025083
-0.307457625752
-0.30599416112
-0.30456548178
-0.303171423121
-0.301811805582
-0.300486434959
-0.299195102739
-0.297937586479
-0.29671365023
-0.295523044994
-0.294365509207
-0.293240769239
-0.29214853992
-0.291088525073
-0.290060418082
-0.289063902484
-0.288098652571
-0.287164334006
-0.286260604439
-0.285387114128
-0.284543506572
-0.283729419158
-0.282944483822
-0.282188327709
-0.281460573832
-0.280760841712
-0.280088748017
-0.279443907189
-0.27882593207
-0.27823443451
-0.277669025953
-0.277129317989
-0.276614922868
-0.276125453973
-0.275660526272
-0.27521975672
-0.274802764628
-0.274409171981
-0.274038603695
-0.273690687838
-0.273365055792
-0.273061342396
-0.272779186033
-0.27251822869
-0.27227811597
-0.272058497065
-0.271859024708
-0.271679355101
-0.271519147829
-0.271378065753
-0.271255774879
-0.271151944208
