-0.86919283465
-0.867338854552
-0.867313937354
-0.867272900703
-0.867216472532
-0.867145651968
-0.867061689776
-0.866966063818
-0.866860449961
-0.866746688953
-0.866626749848
-0.866502690631
-0.866376616737
-0.866250638187
-0.86612682611
-0.866007169391
-0.865893532218
-0.86578761326
-0.865690907167
-0.865604669081
-0.865529882726
-0.865467232648
-0.865417081035
-0.865379449515
-0.865354006204
-0.865340058198
-0.865336549602
-0.865342065088
-0.86535483888
-0.865372768957
-0.865393436199
-0.865414128083
-0.865431866494
-0.86544343912
-0.865445433857
-0.865434275599
-0.865406264764
-0.865357616861
-0.865284502427
-0.865183086639
-0.865049567936
-0.864880215022
-0.864671401637
-0.864419638576
-0.864121602445
-0.863774160764
-0.863374393062
-0.862919607732
-0.862407354447
-0.861835432089
-0.861201892176
-0.860505037893
-0.859743418907
-0.858915822216
-0.85802125938
-0.857058950516
-0.856028305521
-0.854928903027
-0.853760467622
-0.852522845902
-0.851215981939
-0.835963105349
-0.834629309569
-0.833231563541
-0.831764362714
-0.830222371714
-0.828600510986
-0.826894040831
-0.82509864157
-0.82321048859
-0.821226321104
-0.819143503546
-0.81696007861
-0.814674811062
-0.812287221594
-0.809797610101
-0.807207067951
-0.804517478939
-0.801731508813
-0.798852583409
-0.79588485561
-0.792833161507
-0.78970296632
-0.786500300779
-0.783231688825
-0.77990406763
-0.776524701059
-0.773101087812
-0.769640865576
-0.766151712589
-0.762641248069
-0.75911693301
-0.755585972833
-0.752055223383
-0.748531101715
-0.745019503061
-0.741525725277
-0.738054401971
-0.73460944538
-0.731193999925
-0.727810407209
-0.72446018305
-0.721144006938
-0.717861724139
-0.714612360426
-0.71139414925
-0.708204570925
-0.705040403236
-0.701897782651
-0.698772275164
-0.695658955609
-0.692552494156
-0.689447248554
-0.686337360585
-0.683216855106
-0.680079740032
-0.67692010553
-0.673732220765
-0.670510626506
-0.667250222019
-0.663946344726
-0.661653828201
-0.658148775786
-0.654582597251
-0.650952536994
-0.64725625328
-0.643491839015
-0.639657837085
-0.635753250117
-0.631777544541
-0.627730648949
-0.623612946792
-0.619425263529
-0.615168848433
-0.610845351296
-0.606456794368
-0.602005539915
-0.597494253825
-0.592925865765
-0.588303526423
-0.583630562402
-0.578910429372
-0.574146664108
-0.569342836049
-0.564502499024
-0.559629143783
-0.554726151973
-0.549796752151
-0.544843978434
-0.539870632321
-0.534879248191
-0.529872062933
-0.524850990094
-0.519817598888
-0.514773098333
-0.509718326701
-0.504653746416
-0.49957944445
-0.494495138171
-0.489400186571
-0.484293606662
-0.479174094818
-0.474040052739
-0.468889617642
-0.463720696254
-0.458531002111
-0.453318095614
-0.44807942627
-0.442812376515
-0.43751430647
-0.432182599005
-0.426814704454
-0.421408184331
-0.415960753432
-0.410470319703
-0.404935021303
-0.399353260333
-0.393723732736
-0.388045453927
-0.382317779802
-0.376540422792
-0.370370032336
-0.365420678123
-0.360418710874
-0.355360537275
-0.350242720634
-0.345062004323
-0.339815333918
-0.33449987783
-0.3291130462
-0.323652507898
-0.318116205447
-0.312502367734
-0.306809520402
-0.301036493829
-0.29518242864
-0.289246778722
-0.283229311753
-0.277130107262
-0.270949552295
-0.264688334778
-0.258347434681
-0.251928113142
-0.245431899708
-0.238860577883
-0.232216169186
-0.22550091594
-0.218717263021
-0.211867838807
-0.204955435568
-0.197982989541
-0.190953560927
-0.183870314055
-0.176736497915
-0.16955542729
-0.162330464675
-0.155065003154
-0.147762450385
-0.140426213837
-0.133059687372
-0.125666239252
-0.118249201631
-0.110811861545
-0.103357453408
-0.0958891529831
-0.0884100727721
-0.0809232587495
-0.073431688342
-0.0659382695341
-0.0584458409659
-0.0509571728728
-0.0434749687078
-0.0360018672779
-0.0285404452229
-0.0210932196624
-0.0136626508405
-0.00625114460306
0.00113894544996
0.00850531628096
0.0158457143312
0.0231579351498
0.0250051092017
0.031859831004
0.0386915968077
0.0455034042575
0.0522982215878
0.0590789305508
0.0658482715087
0.0726087914797
0.0793627958793
0.0861123046482
0.0928590133898
0.0996042600663
0.106348997724
0.113093773622
0.11983871506
0.126583522078
0.133327467132
0.140069401714
0.146807769815
0.153540628006
0.160265671826
0.166980268078
0.173681492539
0.180366172515
0.18703093361
0.193672249998
0.200286497461
0.206870008397
0.213419127978
0.219930270634
0.226399976015
0.232824963612
0.23920218522
0.245528874472
0.251802592705
0.258021270489
0.264183244188
0.270287287027
0.27633263419
0.28231900158
0.288246597961
0.294116130284
0.299928802127
0.305686305252
0.311390804391
0.317044915478
0.322651677633
0.328214519288
0.333737218947
0.339223861127
0.344678788111
0.350106548209
0.355511841244
0.36089946206
0.366274242841
0.371640995059
0.377004451884
0.382369211863
0.387739684657
0.393120039612
0.403636071381
0.408238895075
0.412818263608
0.417384936997
0.421949626723
0.426522887407
0.431115014831
0.435735951979
0.440395204452
0.445101766235
0.449864056388
0.45468986687
0.459586321269
0.464559843875
0.469616138211
0.474760173845
0.47999618011
0.485327645226
0.490757319259
0.496287219343
0.501918635749
0.507652137484
0.513487576402
0.519424089068
0.525460095958
0.531593297971
0.537820670558
0.544138456209
0.550542156338
0.557026523963
0.563585558819
0.57021250676
0.5768998654
0.583639398004
0.590422157571
0.5972385229
0.604078248197
0.610930527439
0.617784074336
0.624627218223
0.631448015731
0.638234377511
0.644974208723
0.651655561443
0.658266796601
0.664796752572
0.671234917126
0.677571599083
0.683798095783
0.689906852349
0.695891608693
0.701747530304
0.707471319126
0.713061301111
0.718517487565
0.723841607892
0.729037112029
0.734109141562
0.739064469261
0.743911407568
0.74240869642
0.7475137706
0.752558814749
0.757551575522
0.762500284945
0.767413529135
0.772300113616
0.777168928154
0.782028813906
0.786888435492
0.791756160339
0.796639947288
0.801547246084
0.806484908914
0.811459114762
0.816475306893
0.821538143387
0.826651460309
0.831818246766
0.83704063093
0.842319875907
0.847656384303
0.853049710324
0.858498578352
0.864000907056
0.869553838315
0.875153770461
0.880796395565
0.886476740771
0.892189213879
0.897927653579
0.903685384867
0.909455280248
0.915229827334
0.921001203366
0.926761357028
0.932502097723
0.938215192158
0.943892467777
0.949525922192
0.955107837377
0.960630897004
0.966088304955
0.97147390269
0.976782282958
0.982008897108
0.987150153232
0.992203502377
0.997167510193
1.00204191167
1.00682764689
1.01152687631
1.01614297437
1.02068050111
1.02514515183
1.02954368565
1.0338838343
1.03817419317
1.04242409722
1.04664348453
1.05017286451
1.05442015084
1.05869991249
1.06302122059
1.06739276064
1.07182274462
1.07631882936
1.08088804192
1.08553671312
1.09027041978
1.0950939363
1.10001119598
1.10502526231
1.11013831038
1.11535161819
1.12066556788
1.12607965629
1.13159251465
1.13720193669
1.14290491458
1.14869768223
1.15457576488
1.1605340347
1.1665667713
1.17266772666
1.17883019367
1.18504707771
1.19131097043
1.19761422531
1.20394903424
1.21030750461
1.21668173629
1.22306389795
1.22944630219
1.23582147874
1.24218224538
1.2485217757
1.25483366332
1.26111198168
1.26735133894
1.27354692718
1.27969456529
1.28579073493
1.29183260882
1.297818071
1.30374572835
1.30961491308
1.31542567593
1.32117876975
1.32687562358
1.3325183073
1.33810948716
1.3436523725
1.34915065461
1.35460843814
1.36003016637
1.36542054111
1.3707844388
1.37612682382
1.38145266065
1.3810655775
1.38721725345
1.39335626479
1.39948236735
1.40559414217
1.41168889022
1.41776262182
1.42381013889
1.42982520199
1.43580076902
1.44172928778
1.44760302179
1.45341438685
1.45915627614
1.46482235269
1.47040729121
1.47590695522
1.48131850028
1.48664039966
1.49187239431
1.49701537436
1.50207120407
1.50704250585
1.51193242171
1.51674437139
1.52148182634
1.5261481171
1.53074628842
1.53527901275
1.53974856763
1.54415687771
1.54850561646
1.55279635821
1.55703076662
1.56121080287
1.56533893446
1.56941832573
1.57345299126
1.57744789644
1.58140899233
1.58534317713
1.58925818124
1.59316237878
1.59706453374
1.60097349415
1.60489785148
1.60884558596
1.61282372005
1.61683800245
1.62089264383
1.62499012276
1.62913107614
1.63331428333
1.63753674755
1.64179387169
1.64607972004
1.65038735143
1.65470920505
1.65903751621
1.66336473777
1.67197304981
1.67910913194
1.6862282431
1.69329374699
1.70027013424
1.70712351477
1.71382207418
1.72033648744
1.72664028437
1.73271016242
1.73852624327
1.74407227108
1.74933575109
1.7543080289
1.75898431111
1.76336362983
1.76744875381
1.77124605018
1.77476530135
1.77801948221
1.78102450318
1.783798925
1.78636365136
1.78874160536
1.7909573958
1.79303697903
1.79500732177
1.79689606983
1.79873122734
1.80054085026
1.80235275761
1.80419426306
1.80609192895
1.80807134433
1.81015692767
1.81237175485
1.81473741198
1.81727387278
1.81999939927
1.82293046482
1.82608169785
1.82946584485
1.83309375088
1.83697435603
1.84111470611
1.84551997625
1.85019350584
1.85513684377
1.86034980294
1.86583052315
1.87157554174
1.87757987163
1.88383708623
1.89033941119
1.89707782275
1.90404215261
1.91122119931
1.91860284592
1.92617418387
1.93392164263
1.93949921243
1.94769836919
1.95603463062
1.96447772793
1.97299910129
1.98157266743
1.99017542575
1.99878787994
2.00739426445
2.01598257835
2.02454444121
2.03307479671
2.04157149778
2.05003481321
2.05846689792
2.06687126889
2.07525232501
2.08361494303
2.09196417366
2.10030505228
2.10864252871
2.11698151053
2.12532700566
2.13368434257
2.14205944119
2.15045910506
2.15889130463
2.16736542388
2.17589244667
2.18448506481
2.19315769697
2.20192641485
2.21080878009
2.21982360188
2.22899063046
2.23833020481
2.24786287487
2.25760901796
2.26758846745
2.27782016783
2.2883218663
2.29910984577
2.31019869909
2.32160114042
2.3333278456
2.34538731197
2.35778572734
2.3705268391
2.38361181726
2.39703910924
2.41080428878
2.42489990705
2.43931535828
2.45403677704
2.46904698647
2.48432551831
2.4998487244
2.51558999618
2.5315201038
2.54760765939
2.56451047567
2.58196025106
2.59948057149
2.61702783908
2.63455877785
2.6520310102
2.66940364311
2.68663785484
2.70369747152
2.72054952263
2.73716476387
2.75351815577
2.76958928673
2.78536272996
2.80082832428
2.81598137084
2.83082273857
2.84535887383
2.85960171132
2.87356848584
2.88728144661
2.90076747845
2.91405763614
2.92718660049
2.94019206675
2.95311407725
2.965994312
2.97887535153
2.99179992717
3.00481017414
3.01794690239
3.03124890002
3.0447522829
3.05848990282
3.07249082534
3.08677988627
3.10137733429
3.11629856463
3.1315539471
3.1471487493
3.16308315373
3.17935236593
3.19594680827
3.21285239293
3.23005086569
3.24752021122
3.26523510929
3.28316743075
3.3012867616
3.31956094331
3.3379566174
3.35643976292
3.37497621571
3.39353215918
3.41207457742
3.43057166235
3.44899316817
3.46731070749
3.48549798546
3.50353096933
3.52498980584
3.54474660469
3.56414314744
3.58312952006
3.60166215007
3.6197043313
3.6372265975
3.65420693826
3.67063085405
3.68649125067
3.70178817692
3.71652841278
3.73072491852
3.74439615844
3.75756531578
3.77025941765
3.78250839111
3.79434407318
3.80579919848
3.8169063891
3.82769717102
3.83820104107
3.84844460714
3.85845082271
3.86823833428
3.87782095796
3.88720729757
3.89640051379
3.90539824926
3.91419271106
3.92277090734
3.93111503117
3.9392029802
3.94700899745
3.95450441472
3.96165847753
3.96843922785
3.97481441949
3.98075243959
3.98622320979
3.99119904089
3.99565541616
3.99957168048
4.00293161511
4.00572388131
4.00794231979
4.00958609722
4.01065969553
4.01117274464
4.01113970355
4.01057939974
4.00951444072
4.00797051567
4.00597560824
4.00355914442
4.00075110123
3.99758110299
3.99407753242
3.99026668321
3.98617197914
3.94731887715
3.92366743822
3.90034013681
3.87793689983
3.85700514389
3.83802082716
3.82137222122
3.80734697681
3.79612293247
3.78776297419
3.78221410259
3.77931070819
3.77878189996
3.78026258419
3.78330785508
3.78741014014
3.79201844661
3.79655898373
3.80045639156
3.80315479181
3.80413788988
3.80294739962
3.79919913057
3.79259616969
3.78293870101
3.77013013464
3.75417935363
3.73519903142
3.71340011564
3.6890827126
3.66262373556
3.63446179346
3.60507989285
3.57498659948
3.54469635654
3.514709681
3.48549395894
3.45746553401
3.43097373248
3.4062873957
3.38358439855
3.36294452437
3.34434594723
3.32766544416
3.31268232927
3.2990859717
3.28648663478
3.27442925915
3.26240971112
3.24989293262
3.23633236362
3.2211899635
3.20395613656
3.18416886786
3.16143140091
3.13542783504
3.1059360883
3.07283775733
3.03612450776
2.99590074261
2.95866671248
2.9199842317
2.87854550184
2.83466556726
2.788751592
2.74128651929
2.69280932299
2.64389271291
2.59511927025
2.54705706058
2.50023579604
2.45512459556
2.41211232249
2.37149136674
2.33344558802
2.29804295435
2.26523320471
2.2348506438
2.20662195146
2.18017866804
2.15507380994
2.13080188566
2.10682143
2.08257905946
2.0575339807
2.0311818596
2.0030769827
1.97285171459
1.94023237278
1.90505079901
1.86725109873
1.82689123848
1.78413942558
1.73926543519
1.6926272854
1.64465388041
1.59582443489
1.54664564898
1.49762771623
1.44926030849
1.4019896899
1.35619806427
1.31218615867
1.27015989408
1.2302217992
1.19236759418
1.15648811825
1.12237651188
1.08974030228
1.0582177945
1.02739795255
0.996842775122
0.966111041022
0.934782224661
0.902479368369
0.868889745783
0.833782257705
0.797020663292
0.758571957359
0.718509448345
0.668528606764
0.636281827801
0.602657408883
0.567107086808
0.529280614587
0.489064270189
0.446601423681
0.402293268304
0.356779260337
0.310898297984
0.265633094833
0.222041466471
0.181179258409
0.144020326277
0.111379284522
0.0838426435023
0.0617134607571
0.0449737722372
0.0332679008551
0.0259083421198
0.0219043952458
0.0200121479942
0.0188029419575
0.0167461442949
0.0123010221892
0.00401182931341
-0.00940008207688
-0.0289531922188
-0.0553373320912
-0.088864434556
-0.129441951306
-0.176570921424
-0.229369091959
-0.2866178724
-0.346830360714
-0.408336310797
-0.46937881004
-0.528216673443
-0.583226186752
-0.632995868941
-0.676408370225
-0.712704444807
-0.741525082364
-0.762929272579
-0.777386421042
-0.785744031542
-0.789172815443
-0.789092784373
-0.787085039353
-0.784794816019
-0.783831831015
-0.785674072284
-0.791580884794
-0.802520547323
-0.819116562509
-0.84161565854
-0.86987910863
-0.903397505181
-0.941327673938
-0.982549071256
-1.02074075668
-1.03456011799
-1.04858532636
-1.06283089332
-1.0772920345
-1.0919478304
-1.10676453468
-1.12169889065
-1.13670135605
-1.15171917308
-1.16669924777
-1.18159081937
-1.1963479027
-1.21093147737
-1.22531137961
-1.23946783059
-1.2533925153
-1.26708911391
-1.28057318862
-1.29387134603
-1.30701962949
-1.3200611462
-1.33304299541
-1.34601263126
-1.35901385904
-1.37208271764
-1.38524353793
-1.39850547928
-1.41185983119
-1.42527832426
-1.43871262607
-1.4520951093
-1.46534088002
-1.47835095261
-1.49101636511
-1.50322295435
-1.51485646128
-1.52580761916
-1.53597689113
-1.54527856848
-1.5536440096
-1.56102388586
-1.56738939291
-1.57273247528
-1.57706518814
-1.58041837508
-1.5828398702
-1.58439243442
-1.58515161214
-1.58520365016
-1.58464356313
-1.5835733687
-1.58210045917
-1.58033603405
-1.57839349465
-1.57638670193
-1.57442802161
-1.57262612257
-1.57108355019
-1.569894156
-1.57268463828
-1.57639337094
-1.58038442214
-1.58462328794
-1.58907675801
-1.59371274643
-1.59849963102
-1.6034052052
-1.6083953808
-1.61343280363
-1.61847555551
-1.62347611461
-1.62838073125
-1.63312934843
-1.63765615801
-1.64189083672
-1.64576045369
-1.64919198757
-1.65211533981
-1.65446668439
-1.65619195828
-1.65725027218
-1.65761701152
-1.65728640233
-1.65627333828
-1.65461429978
-1.6523672444
-1.64961040529
-1.64643999778
-1.64296689981
-1.63931243528
-1.63560344596
-1.63196688429
-1.62852419295
-1.6253857549
-1.62264569917
-1.62037733267
-1.61862943745
-1.61742362915
-1.61675291721
-1.61658154601
-1.61684613069
-1.61745803694
-1.6183068936
-1.61926507384
-1.6201929381
-1.62094460027
-1.62137396056
-1.62134074293
-1.62071628159
-1.61938881902
-1.61726810529
-1.61428912283
-1.61041480094
-1.60563762745
-1.59998010956
-1.59349408032
-1.58625888994
-1.57837856149
-1.56997802686
-1.53994895388
-1.53612412343
-1.53218295268
-1.52813342494
-1.52399159266
-1.51978163981
-1.51553534071
-1.51129093323
-1.50709147302
-1.50298277924
-1.49901111617
-1.49522077775
-1.49165174942
-1.48833761546
-1.48530385903
-1.48256666959
-1.4801323316
-1.47799722223
-1.47614839946
-1.47456471895
-1.47321838223
-1.4720767924
-1.47110457886
-1.47026564951
-1.46952513709
-1.46885112379
-1.46821605275
-1.46759776383
-1.46698012054
-1.46635322343
-1.4657132295
-1.46506181664
-1.46440534524
-1.46375377706
-1.46311941392
-1.46251551787
-1.46195487122
-1.46144833081
-1.46100342714
-1.46062305653
-1.46030431341
-1.46003750965
-1.45980542827
-1.45958285818
-1.45933645446
-1.45902496287
-1.45859983807
-1.4580062715
-1.45718462701
-1.4560722616
-1.4546056858
-1.45272299477
-1.45036647994
-1.44748531275
-1.44403817912
-1.43999573683
-1.43534276869
-1.43007991236
-1.42422486293
-1.41781296492
-1.41750373852
-1.41407157757
-1.40784672992
-1.39901602036
-1.38798586071
-1.37535327196
-1.36186263208
-1.34835118172
-1.33568712726
-1.32470472122
-1.3161409374
-1.31057827304
-1.3083978098
-1.309745974
-1.31451750262
-1.32235600778
-1.33267231537
-1.3446795166
-1.35744249943
-1.3699387018
-1.381126021
-1.39001328016
-1.39572843224
-1.39757979041
-1.39510600604
-1.38811124397
-1.37668298115
-1.36119101415
-1.34226752541
-1.32076934208
-1.29772473787
-1.27426819446
-1.25156738187
-1.23074717817
-1.21281578887
-1.19859792727
-1.18867958354
-1.18336817045
-1.18267083452
-1.18629252975
-1.19365414506
-1.20392964318
-1.21609989672
-1.22901978205
-1.2414941878
-1.25235797461
-1.26055462743
-1.26520839219
-1.26568508352
-1.26163746374
-1.2530320803
-1.24015564468
-1.22360036328
-1.20422900243
-1.18312179696
-1.16150850679
-1.14068991165
-1.12195374465
-1.10649045508
-1.09531423333
-1.18264722322
-1.17957317616
-1.17652517431
-1.17350322733
-1.17050733568
-1.16753749066
-1.16459367306
-1.16167585287
-1.15878399112
-1.15591804212
-1.15307795329
-1.1502636621
-1.14747509224
-1.14471215242
-1.14197473829
-1.13926273519
-1.13657601855
-1.13391445194
-1.13127788501
-1.12866615373
-1.1260790827
-1.12351648655
-1.12097816882
-1.11846391878
-1.11597350953
-1.11350669903
-1.11106323304
-1.10864284699
-1.10624526486
-1.10387019649
-1.10151733601
-1.09918636284
-1.09687694356
-1.09458873182
-1.09232136569
-1.09007446469
-1.08784762938
-1.08564044392
-1.083452479
-1.0812832926
-1.07913242843
-1.07699941434
-1.07488376303
-1.07278497442
-1.07070253712
-1.06863592717
-1.06658460474
-1.06454801186
-1.06252557306
-1.06051669772
-1.05852078136
-1.05653720432
-1.05456532961
-1.05260450265
-1.05065405379
-1.04871330159
-1.04678155392
-1.04485810632
-1.04294224006
-1.04103322217
-1.04812651681
-1.04719821483
-1.04627133005
-1.04534461427
-1.04441681332
-1.0434866677
-1.04255291267
-1.04161427794
-1.04066948776
-1.03971726143
-1.03875631361
-1.03778535404
-1.03680308748
-1.03580821403
-1.03479942962
-1.03377542589
-1.03273489008
-1.03167650535
-1.03059895162
-1.02950090598
-1.02838104275
-1.02723803406
-1.02607055081
-1.02487726374
-1.0236568439
-1.02240796322
-1.02112929561
-1.01981951793
-1.01847731025
-1.01710135563
-1.01569034017
-1.01424295322
-1.01275788736
-1.01123383791
-1.00966950298
-1.00806358415
-1.00641478724
-1.00472182252
-1.00298340504
-1.0011982555
-0.999365101313
-0.997482677376
-0.99554972669
-0.993565001524
-0.991527265081
-0.989435292774
-0.987287872809
-0.985083806622
-0.982821909506
-0.980501010882
-0.978119953837
-0.975677594552
-0.973172802373
-0.970604460361
-0.967971465655
-0.965272729729
-0.962507179212
-0.959673757278
-0.956771424845
-0.953799161256
-0.924153956917
-0.921696648418
-0.91917731898
-0.916594620215
-0.913947222443
-0.911233816564
-0.908453116406
-0.905603860235
-0.902684811161
-0.89969475729
-0.896632512195
-0.893496915409
-0.890286832929
-0.887001158458
-0.883638815697
-0.880198760691
-0.876679982979
-0.873081505568
-0.86940238461
-0.865641709086
-0.861798600268
-0.857872211349
-0.853861728244
-0.849766371659
-0.845585399219
-0.841318106582
-0.836963827718
-0.83252193499
-0.827991838969
-0.823372987779
-0.818664866727
-0.813866999259
-0.808978949129
-0.804000322476
-0.798930769018
-0.793769982667
-0.788517701866
-0.783173709258
-0.77773783061
-0.772209934006
-0.766589930308
-0.760877774502
-0.75507346676
-0.749177052785
-0.743188623881
-0.737108316746
-0.730936312496
-0.724672835073
-0.718318150291
-0.711872566311
-0.705336434899
-0.698710152404
-0.691994160316
-0.685188945711
-0.67829504122
-0.671313023933
-0.6642435137
-0.657087172183
-0.649844703186
-0.642516853476
-0.644874982116
-0.637806541882
-0.630664242349
-0.623448794428
-0.616160941259
-0.60880145861
-0.601371154549
-0.593870868452
-0.586301470585
-0.578663862406
-0.570958976343
-0.56318777451
-0.55535124745
-0.547450413771
-0.539486319869
-0.531460038788
-0.523372668868
-0.515225333405
-0.507019181025
-0.498755385455
-0.49043514455
-0.482059679734
-0.473630236156
-0.465148082366
-0.456614508871
-0.44803082661
-0.439398366404
-0.430718478743
-0.421992532863
-0.413221915556
-0.404408030889
-0.395552300602
-0.386656163785
-0.377721075514
-0.368748505605
-0.359739938071
-0.350696870325
-0.341620811471
-0.3325132807
-0.323375806934
-0.314209929131
-0.305017195995
-0.295799165179
-0.28655740309
-0.27729348518
-0.268008995427
-0.258705524633
-0.249384668828
-0.240048028634
-0.230697208786
-0.221333816978
-0.211959462761
-0.202575757523
-0.193184314975
-0.183786750712
-0.174384680842
-0.16497972093
-0.155573485552
-0.14616758742
-0.136763635732
-0.127312524272
-0.117837661297
-0.10836836931
-0.0989064033969
-0.0894535138783
-0.0800114455748
-0.0705819376444
-0.0611667227658
-0.0517675256319
-0.0423860620097
-0.0330240387712
-0.023683153776
-0.0143650949238
-0.00507153931233
0.00419584659003
0.01343540649
0.0226454946844
0.0318244769665
0.0409707308316
0.0500826451004
0.0591586202186
0.0681970694636
0.0771964198535
0.0861551121871
0.0950716012237
0.103944356787
0.112771864934
0.121552628129
0.130285164986
0.138968010739
0.147599718213
0.156178858041
0.164704018078
0.173173803225
0.181586836105
0.189941757451
0.198237225558
0.206471915748
0.214644520806
0.222753751703
0.230798337494
0.23877702478
0.246688577955
0.254531780128
0.262305433437
0.270008358499
0.277639394149
0.285197398013
0.292681246881
0.300089836048
0.307422078495
0.314676904943
0.321853264275
0.328950123144
0.335966465043
0.342901290066
0.349753615457
0.356522475725
0.36320692189
0.369806020994
