-0.924310086699
-0.924287786293
-0.924243355837
-0.924177043861
-0.924089170337
-0.923980118563
-0.923850325871
-0.923700273327
-0.92353047466
-0.923341464622
-0.923133787019
-0.922907982647
-0.922664577359
-0.922404070493
-0.922126923863
-0.92183355154
-0.921524310575
-0.921199492857
-0.920859318223
-0.920503928957
-0.920133385747
-0.919747665172
-0.919346658745
-0.918930173523
-0.918497934235
-0.918049586903
-0.917584703847
-0.917102789986
-0.916603290294
-0.916085598268
-0.915549065242
-0.914993010363
-0.914416731035
-0.913819513651
-0.913200644385
-0.912559419873
-0.911895157557
-0.911207205534
-0.910494951706
-0.909757832082
-0.90899533808
-0.908207022705
-0.907392505486
-0.906551476106
-0.905683696651
-0.904789002443
-0.903867301468
-0.902918572391
-0.901942861215
-0.900940276645
-0.899910984251
-0.898855199524
-0.897773179974
-0.896665216397
-0.895531623471
-0.894372729862
-0.893188867994
-0.891980363686
-0.890747525819
-0.889490636226
-0.888209939968
-0.886905636171
-0.885577869576
-0.884226722947
-0.882852210459
-0.881454272171
-0.880032769694
-0.878587483085
-0.877118109057
-0.87562426049
-0.874105467264
-0.8725611784
-0.870990765441
-0.869393527029
-0.867768694597
-0.866115439054
-0.864432878369
-0.862720085909
-0.860976099397
-0.859199930333
-0.857390573726
-0.855547017979
-0.853668254755
-0.851753288684
-0.849801146747
-0.847810887188
-0.84578160783
-0.843712453669
-0.841602623626
-0.839451376383
-0.837258035213
-0.835021991749
-0.83274270866
-0.830419721214
-0.828052637718
-0.825641138871
-0.823184976058
-0.820683968649
-0.818138000366
-0.815547014812
-0.81291101027
-0.810230033868
-0.807504175244
-0.804733559835
-0.80191834192
-0.79905869756
-0.796154817552
-0.793206900556
-0.790215146488
-0.787179750329
-0.784100896435
-0.78097875347
-0.777813470026
-0.774605171017
-0.771353954902
-0.768059891773
-0.764723022337
-0.761343357794
-0.757920880618
-0.754455546193
-0.75094728528
-0.747396007257
-0.743801604059
-0.740163954737
-0.73648293055
-0.732758400484
-0.728990237086
-0.72517832252
-0.721322554702
-0.717422853419
-0.713479166306
-0.709491474578
-0.705459798392
-0.701384201768
-0.697264796946
-0.693101748122
-0.688895274481
-0.684645652471
-0.680353217277
-0.676018363468
-0.671641544787
-0.667223273104
-0.662764116524
-0.658264696696
-0.653725685345
-0.649147800093
-0.644531799634
-0.639878478319
-0.635188660257
-0.630463193009
-0.625702940974
-0.62090877856
-0.616081583259
-0.611222228711
-0.60633157786
-0.601410476316
-0.596459745997
-0.591480179148
-0.586472532819
-0.581437523873
-0.576375824576
-0.571288058841
-0.566174799151
-0.56103656419
-0.555873817212
-0.550686965146
-0.545476358426
-0.540242291543
-0.53498500428
-0.529704683595
-0.52440146611
-0.519075441147
-0.513726654254
-0.508355111141
-0.502960781979
-0.497543605965
-0.492103496079
-0.486640343975
-0.481154024909
-0.475644402639
-0.47011133423
-0.464554674698
-0.458974281422
-0.453370018287
-0.447741759503
-0.442089393057
-0.436412823777
-0.430711975975
-0.424986795668
-0.419237252356
-0.413463340373
-0.40766507981
-0.401842517038
-0.395995724845
-0.390124802227
-0.384229873859
-0.378311089289
-0.372368621906
-0.366402667711
-0.36041344395
-0.35440118765
-0.348366154114
-0.3423086154
-0.336228858848
-0.330127185683
-0.32400390973
-0.317859356272
-0.311693861084
-0.305507769656
-0.299301436614
-0.293075225372
-0.28682950799
-0.280564665253
-0.274281086958
-0.267979172402
-0.261659331035
-0.255321983284
-0.248967561494
-0.242596510974
-0.236209291116
-0.229806376542
-0.223388258255
-0.216955444759
-0.210508463109
-0.204047859857
-0.197574201875
-0.19108807701
-0.184590094555
-0.178080885515
-0.171561102643
-0.165031420236
-0.158492533685
-0.151945158768
-0.145390030687
-0.138827902861
-0.13225954547
-0.125685743779
-0.119107296246
-0.112525012445
-0.105939710823
-0.0993522163158
-0.0927633578599
-0.0861739658212
-0.0795848693801
-0.0729968939008
-0.0664108583187
-0.0598275725758
-0.0532478351359
-0.0466724306065
-0.0401021274935
-0.0335376761129
-0.0269798066789
-0.0204292275857
-0.0138866238964
-0.00735265604898
-0.000827958784412
0.00568685969992
0.0121912183738
0.0186845637799
0.0251663702296
0.0316361398021
0.0380934021594
0.0445377141961
0.0509686595415
0.0573858479363
0.0637889145042
0.0701775189424
0.076551344653
0.0829100978383
0.089253506583
0.0955813199422
0.101893307057
0.108189256315
0.114468974569
0.120732286432
0.126979033656
0.133209074603
0.13942228381
0.145618551666
0.151797784174
0.157959902824
0.164104844549
0.170232561767
0.176343022499
0.182436210546
0.188512125715
0.194570784078
0.200612218245
0.206636477644
0.21264362878
0.218633755459
0.22460695897
0.230563358199
0.236503089664
0.242426307458
0.248333183094
0.254223905238
0.260098679319
0.265957727021
0.27180128565
0.277629607369
0.283442958318
0.289241617607
0.295025876206
0.300796035721
0.306552407087
0.312295309179
0.318025067351
0.323742011935
0.329446476698
0.335138797286
0.340819309669
0.346488348603
0.352146246128
0.357793330121
0.363429922915
0.369056340007
0.374672888858
0.380279867813
0.385877565134
0.391466258176
0.397046212686
0.402617682265
0.408180907963
0.413736118029
0.419283527815
0.424823339812
0.430355743843
0.43588091738
0.441399025998
0.446910223935
0.452414654775
0.457912452214
0.463403740916
0.468888637437
0.474367251209
0.479839685566
0.485306038791
0.490766405194
0.496220876178
0.5016695413
0.507112489311
0.512549809158
0.517981590946
0.52340792684
0.52882891192
0.534244644947
0.539655229076
0.545060772481
0.550461388897
0.555857198089
0.561248326229
0.566634906196
0.57201707779
0.577394987871
0.582768790422
0.588138646536
0.593504724339
0.598867198851
0.604226251782
0.609582071285
0.61493485166
0.620284793005
0.625632100852
0.630976985749
0.636319662836
0.641660351383
0.646999274326
0.652336657776
0.657672730526
0.663007723553
0.668341869507
0.67367540221
0.679008556143
0.684341565946
0.689674665911
0.695008089488
0.700342068785
0.705676834086
0.711012613365
0.71634963181
0.721688111355
0.727028270221
0.732370322459
0.737714477509
0.743060939768
0.748409908167
0.753761575763
0.759116129344
0.764473749056
0.769834608038
0.775198872086
0.780566699339
0.785938239986
0.791313636
0.796693020912
0.802076519601
0.807464248132
0.812856313621
0.818252814145
0.823653838684
0.829059467107
0.8344697702
0.839884809731
0.845304638562
0.850729300791
0.856158831942
0.861593259187
0.867032601604
0.872476870461
0.877926069535
0.88338019545
0.888839238035
0.894303180698
0.899772000806
0.905245670071
0.910724154933
0.916207416937
0.921695413097
0.927188096232
0.932685415293
0.938187315646
0.943693739322
0.949204625234
0.954719909342
0.96023952477
0.965763401879
0.971291468273
0.976823648766
0.982359865277
0.987900036677
0.993444078574
0.998991903052
1.00454341834
1.01009852847
1.01565713282
1.02121912567
1.02678439575
1.03235282564
1.03792429129
1.04349866141
1.0490757969
1.05465555028
1.06023776509
1.06582227536
1.07140890504
1.07699746749
1.08258776499
1.08817958833
1.09377271638
1.09936691581
1.10496194078
1.11055753276
1.11615342042
1.12174931956
1.12734493313
1.1329399514
1.13853405212
1.14412690084
1.14971815126
1.15530744574
1.1608944158
1.16647868281
1.17205985867
1.17763754662
1.18321134211
1.18878083373
1.1943456042
1.19990523142
1.20545928963
1.21100735046
1.21654898419
1.22208376092
1.22761125183
1.23313103037
1.23864267359
1.24414576331
1.24963988738
1.25512464092
1.26059962751
1.26606446031
1.27151876325
1.27696217208
1.28239433541
1.28781491571
1.29322359022
1.29862005183
1.30400400988
1.30937519092
1.31473333935
1.32007821803
1.32540960885
1.33072731318
1.33603115224
1.3413209675
1.34659662087
1.35185799501
1.35710499339
1.36233754044
1.36755558159
1.37275908324
1.37794803277
1.38312243842
1.38828232922
1.39342775479
1.39855878527
1.40367551106
1.4087780427
1.41386651068
1.41894106521
1.42400187608
1.42904913249
1.43408304286
1.43910383476
1.44411175473
1.44910706828
1.45409005975
1.45906103238
1.46402030828
1.46896822848
1.47390515308
1.47883146135
1.48374755191
1.48865384293
1.49355077245
1.4984387986
1.50331839995
1.50819007588
1.51305434696
1.51791175536
1.52276286525
1.52760826332
1.53244855913
1.53728438569
1.5421163998
1.54694528259
1.55177173994
1.55659650285
1.56142032789
1.56624399754
1.5710683205
1.57589413197
1.58072229389
1.58555369506
1.59038925131
1.59522990546
1.60007662733
1.60493041361
1.60979228763
1.61466329912
1.61954452383
1.62443706304
1.62934204303
1.63426061442
1.63919395148
1.64414325124
1.64910973263
1.65409463546
1.65909921934
1.66412476253
1.66917256067
1.67424392552
1.67934018359
1.68446267467
1.6896127504
1.69479177277
1.7000011125
1.70524214754
1.71051626144
1.71582484177
1.7211692785
1.72655096243
1.73197128362
1.73743162986
1.74293338513
1.74847792821
1.75406663124
1.75970085839
1.76538196461
1.77111129445
1.77689018094
1.78271994463
1.78860189263
1.79453731785
1.80052749828
1.8065736964
1.81267715873
1.81883911545
1.82506078015
1.83134334972
1.83768800432
1.84409590747
1.85056820627
1.85710603171
1.86371049907
1.87038270842
1.87712374527
1.88393468118
1.89081657458
1.89777047157
1.90479740679
1.91189840441
1.91907447903
1.92632663677
1.93365587622
1.94106318956
1.94854956349
1.95611598037
1.96376341912
1.97149285624
1.97930526669
1.98720162478
1.99518290493
2.00325008242
2.01140413395
2.01964603822
2.02797677633
2.03639733203
2.04490869195
2.0535118456
2.06220778527
2.07099750578
2.07988200405
2.08886227859
2.0979393287
2.10711415364
2.11638775153
2.12576111813
2.13523524545
2.14481112015
2.15448972185
2.16427202118
2.17415897772
2.18415153781
2.19425063212
2.20445717313
2.21477205247
2.2251961381
2.23573027139
2.24637526402
2.25713189487
2.26800090673
2.27898300295
2.29007884401
2.30128904404
2.31261416727
2.32405472444
2.33561116919
2.34728389445
2.3590732288
2.37097943287
2.38300269575
2.39514313147
2.40740077547
2.41977558123
2.43226741692
2.44487606215
2.45760120485
2.47044243825
2.483399258
2.49647105944
2.50965713502
2.52295667189
2.53636874961
2.54989233815
2.56352629597
2.57726936839
2.59112018607
2.60507726376
2.61913899929
2.63330367266
2.6475694455
2.6619343606
2.67639634179
2.69095319393
2.7056026032
2.72034213755
2.73516924737
2.75008126641
2.76507541281
2.78014879042
2.79529839021
2.81052109197
2.82581366604
2.84117277531
2.85659497731
2.87207672647
2.88761437644
2.90320418258
2.91884230458
2.93452480901
2.95024767216
2.96600678273
2.98179794474
2.99761688031
3.01345923262
3.02932056874
3.04519638251
3.06108209742
3.07697306943
3.09286458971
3.1087518874
3.12463013226
3.14049443725
3.156339861
3.17216141028
3.18795404222
3.2037126666
3.21943214787
3.23510730715
3.25073292411
3.26630373867
3.28181445265
3.29725973126
3.31263420447
3.32793246829
3.34314908591
3.35827858876
3.37331547741
3.38825422247
3.40308926532
3.41781501877
3.43242586769
3.44691616954
3.4612802549
3.47551242785
3.48960696647
3.50355812322
3.51736012533
3.53100717527
3.54449345114
3.55781310717
3.57096027423
3.58392906046
3.59671355187
3.60930781314
3.62170588843
3.63390180237
3.64588956113
3.65766315362
3.66921655284
3.68054371742
3.69163859324
3.7024951153
3.7131072097
3.72346879579
3.73357378861
3.74341610137
3.7529896482
3.76228834709
3.77130612298
3.78003691108
3.78847466032
3.79661333706
3.80444692886
3.81196944857
3.81917493844
3.8260574745
3.832611171
3.83883018506
3.84470872137
3.85024103712
3.8554214469
3.86024432781
3.8647041246
3.86879535482
3.87251261416
3.87585058171
3.87880402527
3.88136780672
3.88353688731
3.88530633302
3.88667131976
3.88762713869
3.8881692013
3.88829304454
3.88799433582
3.88726887787
3.88611261357
3.88452163057
3.88249216578
3.88002060978
3.87710351102
3.87373757982
3.86991969225
3.8656468938
3.86091640289
3.85572561411
3.85007210132
3.84395362055
3.83736811265
3.83031370572
3.82278871737
3.81479165677
3.80632122641
3.79737632371
3.7879560424
3.7780596737
3.76768670723
3.75683683183
3.74550993602
3.73370610844
3.72142563792
3.70866901348
3.69543692414
3.68173025845
3.667550104
3.65289774662
3.63777466951
3.6221825522
3.60612326933
3.58959888932
3.57261167293
3.55516407162
3.53725872582
3.51889846316
3.50008629647
3.48082542173
3.46111921596
3.44097123495
3.42038521095
3.39936505027
3.37791483075
3.35603879925
3.333741369
3.31102711689
3.28790078072
3.2643672564
3.24043159505
3.21609900007
3.19137482418
3.16626456637
3.14077386883
3.11490851382
3.08867442051
3.06207764177
3.0351243609
3.00782088837
2.98017365846
2.95218922589
2.92387426244
2.89523555346
2.86627999445
2.8370145875
2.80744643774
2.77758274981
2.74743082419
2.71699805357
2.68629191921
2.6553199872
2.62408990473
2.59260939635
2.56088626018
2.52892836412
2.49674364198
2.46434008966
2.43172576128
2.39890876528
2.36589726055
2.33269945246
2.29932358896
2.26577795666
2.23207087684
2.19821070153
2.16420580955
2.13006460252
2.09579550091
2.06140694012
2.02690736647
1.99230523327
1.95760899689
1.92282711283
1.88796803176
1.85304019567
1.81805203391
1.7830119594
1.7479283647
1.7128096182
1.67766406034
1.64249999975
1.60732570957
1.57214942365
1.53697933288
1.50182358149
1.46669026343
1.43158741873
1.39652302995
1.36150501862
1.32654124176
1.29163948838
1.2568074761
1.22205284775
1.18738316801
1.15280592015
1.11832850279
1.08395822666
1.04970231152
1.015567883
0.981561969597
0.947691499681
0.913963298573
0.88038408567
0.846960471646
0.813698955707
0.780605922916
0.747687641586
0.714950260742
0.68239980766
0.650042185477
0.617883170878
0.585928411871
0.554183425638
0.52265359647
0.491344173798
0.460260270306
0.429406860142
0.398788777227
0.36841071365
0.338277218183
0.308392694879
0.278761401789
0.249387449781
0.22027480147
0.191427270258
0.162848519491
0.13454206173
0.106511258136
0.0787593179798
0.0512892982664
0.024104103485
-0.00279351452218
-0.0294009565665
-0.0557157759959
-0.0817356784545
-0.107458521517
-0.132882314202
-0.158005216355
-0.18282553792
-0.207341738075
-0.231552424255
-0.255456351057
-0.279052419017
-0.302339673282
-0.325317302157
-0.347984635552
-0.370341143305
-0.392386433414
-0.414120250153
-0.435542472097
-0.456653110042
-0.477452304841
-0.497940325144
-0.518117565056
-0.537984541718
-0.557541892805
-0.576790373956
-0.595730856144
-0.614364322971
-0.632691867916
-0.650714691532
-0.668434098589
-0.685851495182
-0.702968385803
-0.719786370373
-0.736307141265
-0.752532480287
-0.768464255665
-0.784104419003
-0.79945500225
-0.814518114657
-0.829295939736
-0.843790732239
-0.858004815135
-0.871940576617
-0.88560046712
-0.898986996372
-0.912102730463
-0.92495028896
-0.937532342042
-0.949851607682
-0.961910848869
-0.97371287087
-0.985260518539
-0.99655667367
-1.00760425241
-1.01840620269
-1.02896550177
-1.03928515377
-1.04936818727
-1.05921765303
-1.06883662164
-1.07822818134
-1.08739543585
-1.09634150221
-1.10506950877
-1.11358259314
-1.12188390025
-1.12997658044
-1.13786378758
-1.14554867729
-1.15303440519
-1.16032412514
-1.16742098762
-1.17432813809
-1.1810487154
-1.18758585028
-1.19394266384
-1.20012226608
-1.20612775453
-1.21196221283
-1.2176287094
-1.22313029613
-1.22847000712
-1.23365085742
-1.23867584185
-1.24354793382
-1.24827008415
-1.25284522004
-1.25727624391
-1.26156603239
-1.26571743531
-1.2697332747
-1.27361634382
-1.27736940628
-1.28099519507
-1.28449641179
-1.28787572574
-1.29113577315
-1.29427915642
-1.29730844339
-1.3002261666
-1.30303482267
-1.30573687165
-1.3083347364
-1.31083080208
-1.31322741556
-1.31552688501
-1.31773147938
-1.31984342803
-1.32186492033
-1.32379810535
-1.32564509157
-1.32740794657
-1.32908869688
-1.33068932776
-1.33221178309
-1.33365796524
-1.33502973505
-1.33632891177
-1.33755727313
-1.33871655532
-1.33980845316
-1.3408346202
-1.34179666888
-1.34269617075
-1.34353465666
-1.34431361711
-1.34503450247
-1.34569872337
-1.34630765101
-1.34686261759
-1.34736491671
-1.34781580381
-1.34821649664
-1.34856817573
-1.34887198492
-1.34912903187
-1.34934038863
-1.34950709217
-1.34963014497
-1.34971051561
-1.34974913938
-1.34974691889
-1.34970472467
-1.34962339583
-1.34950374068
-1.3493465374
-1.34915253463
-1.34892245218
-1.34865698168
-1.34835678718
-1.34802250589
-1.34765474878
-1.34725410125
-1.34682112381
-1.34635635274
-1.3458603007
-1.34533345747
-1.34477629051
-1.34418924569
-1.34357274791
-1.34292720177
-1.3422529922
-1.34155048511
-1.34082002808
-1.34006195095
-1.33927656651
-1.33846417116
-1.33762504552
-1.33675945509
-1.33586765094
-1.33494987032
-1.33400633734
-1.33303726361
-1.33204284893
-1.33102328191
-1.32997874067
-1.32890939348
-1.32781539945
-1.32669690919
-1.32555406547
-1.32438700395
-1.32319585377
-1.3219807383
-1.32074177579
-1.31947908004
-1.3181927611
-1.31688292592
-1.31554967903
-1.31419312321
-1.31281336016
-1.31141049116
-1.30998461769
-1.30853584211
-1.30706426826
-1.30557000211
-1.30405315234
-1.30251383094
-1.30095215381
-1.29936824128
-1.29776221866
-1.29613421679
-1.29448437249
-1.29281282907
-1.29111973672
-1.289405253
-1.28766954317
-1.28591278057
-1.28413514694
-1.28233683272
-1.28051803729
-1.2786789692
-1.27681984636
-1.27494089617
-1.27304235565
-1.27112447148
-1.26918750003
-1.26723170737
-1.2652573692
-1.26326477074
-1.26125420661
-1.25922598065
-1.25718040569
-1.2551178033
-1.25303850348
-1.25094284434
-1.24883117168
-1.24670383864
-1.2445612052
-1.24240363769
-1.24023150833
-1.2380451946
-1.23584507874
-1.23363154707
-1.23140498942
-1.22916579842
-1.22691436888
-1.22465109704
-1.22237637986
-1.22009061434
-1.21779419673
-1.2154875218
-1.21317098207
-1.21084496708
-1.2085098626
-1.20616604987
-1.20381390485
-1.20145379748
-1.19908609092
-1.19671114083
-1.19432929466
-1.19194089094
-1.18954625859
-1.18714571629
-1.18473957183
-1.18232812151
-1.17991164953
-1.17749042747
-1.17506471377
-1.17263475323
-1.17020077655
-1.16776299995
-1.16532162476
-1.1628768371
-1.16042880759
-1.15797769106
-1.15552362638
-1.15306673625
-1.15060712712
-1.14814488903
-1.14568009565
-1.14321280423
-1.14074305566
-1.13827087458
-1.13579626947
-1.13331923286
-1.13083974154
-1.12835775682
-1.12587322482
-1.12338607681
-1.1208962296
-1.11840358596
-1.11590803503
-1.11340945287
-1.11090770292
-1.10840263657
-1.10589409378
-1.10338190363
-1.100865885
-1.09834584719
-1.09582159067
-1.09329290772
-1.09075958318
-1.08822139524
-1.0856781161
-1.08312951283
-1.08057534813
-1.07801538109
-1.07544936805
-1.07287706335
-1.07029822018
-1.06771259137
-1.0651199302
-1.06251999124
-1.05991253109
-1.05729730924
-1.05467408885
-1.05204263749
-1.04940272793
-1.04675413891
-1.04409665584
-1.04143007154
-1.03875418696
-1.0360688118
-1.03337376525
-1.03066887653
-1.02795398558
-1.0252289436
-1.02249361359
-1.01974787091
-1.01699160376
-1.01422471362
-1.01144711571
-1.00865873935
-1.00585952838
-1.00304944141
-1.00022845215
-0.997396549677
-0.994553738604
-0.991700039293
-0.988835487979
-0.98596013687
-0.983074054211
-0.9801773243
-0.977270047477
-0.974352340062
-0.971424334266
-0.968486178052
-0.965538034966
-0.962580083928
-0.959612518988
-0.956635549038
-0.9536493975
-0.950654301971
-0.947650513837
-0.944638297855
-0.9416179317
-0.938589705491
-0.935553921274
-0.932510892491
-0.929460943416
-0.926404408568
-0.923341632101
-0.920272967174
-0.917198775304
-0.914119425697
-0.911035294564
-0.907946764429
-0.904854223422
-0.901758064558
-0.89865868502
-0.895556485421
-0.892451869081
-0.889345241285
-0.886237008553
-0.883127577911
-0.880017356162
-0.876906749171
-0.87379616115
-0.870685993965
-0.867576646444
-0.864468513705
-0.861361986502
-0.858257450584
-0.855155286075
-0.852055866875
-0.848959560087
-0.845866725458
-0.842777714852
-0.839692871749
-0.836612530766
-0.833537017211
-0.830466646659
-0.827401724564
-0.824342545894
-0.821289394801
-0.818242544322
-0.8152022561
-0.812168780151
-0.809142354651
-0.806123205753
-0.803111547443
-0.800107581415
-0.797111496979
-0.794123471004
-0.791143667878
-0.788172239503
-0.785209325313
-0.782255052316
-0.779309535169
-0.776372876262
-0.773445165838
-0.770526482125
-0.767616891493
-0.764716448627
-0.761825196719
-0.758943167673
-0.75607038233
-0.753206850702
-0.75035257222
-0.747507535992
-0.744671721072
-0.741845096737
-0.739027622769
-0.736219249743
-0.733419919325
-0.730629564566
-0.727848110202
-0.725075472958
-0.722311561843
-0.719556278457
-0.716809517286
-0.714071166003
-0.711341105754
-0.708619211456
-0.705905352075
-0.703199390912
-0.700501185874
-0.69781058974
-0.695127450429
-0.692451611251
-0.689782911155
-0.687121184971
-0.684466263643
-0.681817974454
-0.679176141248
-0.676540584633
-0.673911122194
-0.671287568681
-0.668669736203
-0.666057434405
-0.663450470648
-0.660848650171
-0.658251776257
-0.655659650386
-0.653072072387
-0.650488840578
-0.647909751909
-0.64533460209
-0.642763185728
-0.640195296444
-0.637630726996
-0.635069269399
-0.632510715034
-0.629954854761
-0.627401479025
-0.624850377961
-0.622301341497
-0.619754159454
-0.617208621644
-0.614664517964
-0.612121638496
-0.609579773594
-0.607038713981
-0.604498250838
-0.60195817589
-0.599418281498
-0.596878360747
-0.594338207525
-0.591797616618
-0.589256383783
-0.586714305838
-0.58417118074
-0.581626807667
-0.579080987093
-0.57653352087
-0.573984212301
-0.571432866212
-0.56887928903
-0.56632328885
-0.563764675505
-0.561203260634
-0.558638857745
-0.55607128228
-0.553500351675
-0.55092588542
-0.548347705115
-0.545765634525
-0.543179499629
-0.540589128676
-0.537994352228
-0.535395003208
-0.532790916943
-0.530181931206
-0.527567886256
-0.524948624873
-0.5223239924
-0.519693836771
-0.517058008552
-0.514416360965
-0.511768749925
-0.509115034069
-0.506455074787
-0.503788736249
-0.501115885438
-0.498436392177
-0.495750129162
-0.493056971995
-0.490356799213
-0.487649492323
-0.484934935841
-0.482213017326
-0.479483627425
-0.476746659912
-0.474002011735
-0.471249583069
-0.468489277364
-0.465721001407
-0.462944665378
-0.46016018292
-0.457367471208
-0.454566451019
-0.451757046821
-0.448939186849
-0.446112803202
-0.443277831934
-0.44043421316
-0.437581891157
-0.434720814483
-0.43185093609
-0.428972213452
-0.426084608688
-0.423188088705
-0.42028262533
-0.417368195461
-0.414444781213
-0.411512370077
-0.408570955073
-0.405620534921
-0.402661114202
-0.39969270353
-0.396715319731
-0.393728986011
-0.390733732141
-0.387729594638
-0.38471661694
-0.381694849598
-0.378664350449
-0.375625184809
-0.372577425646
-0.369521153764
-0.366456457982
-0.363383435308
-0.360302191111
-0.357212839291
-0.354115502443
-0.351010312014
-0.347897408458
-0.344776941383
-0.341649069691
-0.338513961709
-0.335371795317
-0.332222758063
-0.329067047268
-0.325904870126
