-0.925898745922
-0.925883669987
-0.925853483998
-0.925808136915
-0.925747560917
-0.925671671567
-0.925580368019
-0.925473533255
-0.925351034344
-0.925212722745
-0.925058434625
-0.924887991216
-0.92470119919
-0.924497851064
-0.924277725624
-0.924040588381
-0.923786192033
-0.923514276959
-0.923224571727
-0.92291679361
-0.922590649132
-0.922245834611
-0.921882036724
-0.921498933074
-0.921096192773
-0.920673477021
-0.920230439697
-0.919766727948
-0.919281982788
-0.91877583968
-0.918247929137
-0.917697877301
-0.917125306528
-0.916529835965
-0.91591108212
-0.915268659419
-0.914602180757
-0.913911258039
-0.913195502708
-0.912454526259
-0.911687940737
-0.91089535923
-0.910076396334
-0.909230668612
-0.908357795034
-0.907457397393
-0.906529100716
-0.905572533651
-0.904587328829
-0.903573123225
-0.902529558482
-0.901456281231
-0.900352943386
-0.899219202421
-0.898054721633
-0.89685917038
-0.895632224309
-0.894373565564
-0.893082882974
-0.891759872229
-0.890404236034
-0.889015684259
-0.887593934057
-0.88613870998
-0.884649744078
-0.883126775979
-0.881569552965
-0.879977830024
-0.878351369901
-0.876689943129
-0.874993328054
-0.873261310847
-0.871493685506
-0.869690253851
-0.867850825506
-0.865975217878
-0.864063256121
-0.862114773098
-0.860129609334
-0.858107612964
-0.856048639669
-0.853952552613
-0.851819222373
-0.849648526857
-0.847440351229
-0.845194587818
-0.842911136027
-0.840589902243
-0.838230799735
-0.835833748551
-0.833398675416
-0.830925513618
-0.828414202903
-0.825864689355
-0.823276925279
-0.820650869087
-0.817986485168
-0.81528374377
-0.812542620873
-0.809763098059
-0.806945162386
-0.804088806253
-0.801194027275
-0.798260828145
-0.795289216502
-0.7922792048
-0.789230810169
-0.786144054288
-0.783018963245
-0.77985556741
-0.776653901301
-0.77341400345
-0.770135916284
-0.766819685988
-0.763465362388
-0.760072998828
-0.756642652051
-0.753174382086
-0.749668252138
-0.746124328482
-0.742542680364
-0.738923379904
-0.735266502008
-0.731572124286
-0.727840326974
-0.724071192867
-0.720264807258
-0.716421257883
-0.712540634878
-0.708623030743
-0.704668540313
-0.700677260745
-0.696649291507
-0.692584734379
-0.68848369347
-0.684346275237
-0.680172588523
-0.675962744595
-0.671716857202
-0.667435042643
-0.663117419839
-0.65876411042
-0.654375238825
-0.649950932407
-0.645491321548
-0.640996539792
-0.636466723975
-0.631902014372
-0.627302554852
-0.622668493037
-0.617999980469
-0.613297172791
-0.608560229919
-0.603789316238
-0.598984600784
-0.594146257446
-0.589274465156
-0.584369408095
-0.579431275888
-0.574460263808
-0.569456572973
-0.564420410547
-0.55935198993
-0.554251530954
-0.549119260068
-0.543955410517
-0.538760222517
-0.533533943422
-0.528276827882
-0.522989137987
-0.517671143408
-0.512323121523
-0.506945357528
-0.50153814454
-0.496101783681
-0.490636584155
-0.4851428633
-0.479620946632
-0.474071167871
-0.468493868947
-0.462889399993
-0.457258119319
-0.451600393369
-0.445916596658
-0.440207111693
-0.434472328879
-0.428712646398
-0.422928470084
-0.417120213267
-0.411288296609
-0.405433147921
-0.39955520196
-0.393654900218
-0.387732690688
-0.381789027622
-0.375824371271
-0.369839187614
-0.363833948076
-0.357809129235
-0.351765212516
-0.345702683879
-0.339622033501
-0.333523755446
-0.327408347333
-0.321276309998
-0.315128147155
-0.308964365052
-0.302785472127
-0.296591978665
-0.290384396455
-0.284163238452
-0.277929018438
-0.271682250691
-0.265423449661
-0.259153129649
-0.252871804497
-0.246579987282
-0.240278190027
-0.233966923413
-0.227646696507
-0.221318016505
-0.214981388479
-0.20863731514
-0.202286296617
-0.195928830245
-0.189565410367
-0.183196528152
-0.176822671424
-0.170444324505
-0.164061968074
-0.157676079033
-0.151287130394
-0.144895591167
-0.138501926277
-0.132106596471
-0.125710058254
-0.119312763823
-0.112915161019
-0.106517693276
-0.100120799587
-0.0937249144764
-0.0873304679659
-0.080937885559
-0.0745475882191
-0.068159992353
-0.0617755097941
-0.0553945477853
-0.0490175089598
-0.0426447913198
-0.0362767882102
-0.0299138882876
-0.0235564754828
-0.0172049289559
-0.0108596230428
-0.0045209271923
0.0018107941075
0.00813518141364
0.0144518804254
0.0207605420937
0.0270608227449
0.0333523842174
0.0396348940139
0.0459080254681
0.0521714579259
0.0584248769436
0.0646679744992
0.0709004492206
0.0771220066285
0.0833323593932
0.0895312276068
0.0957183390684
0.101893429583
0.108056243272
0.114206532895
0.120344060184
0.126468596183
0.132579921601
0.138677827165
0.144762113985
0.15083259392
0.156889089942
0.16293143651
0.168959479934
0.17497307874
0.180972104033
0.186956439842
0.192925983477
0.198880645849
0.204820351803
0.21074504042
0.216654665305
0.222549194868
0.228428612567
0.234292917144
0.24014212283
0.245976259524
0.251795372949
0.257599524775
0.263388792713
0.269163270579
0.274923068318
0.280668312005
0.2863991438
0.292115721871
0.29781822028
0.303506828829
0.309181752873
0.314843213084
0.320491445187
0.326126699648
0.331749241331
0.337359349109
0.342957315441
0.34854344591
0.354118058726
0.359681484189
0.365234064122
0.370776151264
0.376308108642
0.381830308899
0.387343133602
0.392846972523
0.398342222889
0.403829288617
0.409308579521
0.414780510506
0.420245500746
0.425703972846
0.431156351996
0.436603065116
0.442044539995
0.447481204432
0.452913485372
0.458341808049
0.463766595136
0.4691882659
0.474607235374
0.480023913539
0.485438704528
0.49085200585
0.496264207631
0.501675691891
0.507086831835
0.512497991192
0.517909523569
0.523321771853
0.528735067639
0.53414973071
0.539566068543
0.544984375863
0.550404934245
0.555828011753
0.561253862625
0.566682727009
0.572114830743
0.577550385177
0.582989587053
0.588432618424
0.593879646622
0.599330824274
0.604786289364
0.61024616534
0.615710561264
0.621179572007
0.626653278488
0.632131747947
0.637615034261
0.643103178299
0.648596208305
0.654094140321
0.659596978631
0.665104716244
0.670617335395
0.676134808066
0.681657096536
0.68718415394
0.692715924843
0.69825234583
0.703793346101
0.709338848067
0.714888767954
0.720443016405
0.726001499077
0.731564117226
0.737130768295
0.742701346473
0.748275743254
0.753853847963
0.759435548273
0.765020730695
0.770609281036
0.776201084839
0.781796027784
0.787393996066
0.792994876727
0.798598557967
0.804204929406
0.809813882315
0.815425309804
0.821039106972
0.826655171018
0.832273401309
0.837893699403
0.84351596904
0.849140116085
0.854766048431
0.860393675865
0.866022909894
0.871653663533
0.877285851051
0.882919387694
0.888554189361
0.894190172256
0.89982725251
0.90546534577
0.911104366769
0.916744228868
0.922384843579
0.928026120075
0.933667964677
0.939310280335
0.944952966094
0.950595916565
0.95623902138
0.961882164653
0.967525224449
0.97316807225
0.97881057244
0.984452581794
0.99009394899
0.995734514137
1.00137410832
1.0070125532
1.01264966056
1.018285232
1.02391905859
1.02955092052
1.03518058692
1.04080781557
1.04643235276
1.05205393314
1.05767227965
1.06328710344
1.06889810393
1.0745049688
1.08010737416
1.08570498467
1.09129745374
1.09688442382
1.1024655267
1.10804038385
1.11360860686
1.11916979792
1.12472355027
1.13026944882
1.13580707076
1.14133598615
1.14685575871
1.15236594648
1.15786610266
1.16335577638
1.16883451361
1.17430185798
1.17975735178
1.18520053681
1.19063095544
1.19604815155
1.20145167155
1.20684106541
1.2122158877
1.21757569866
1.22292006519
1.22824856198
1.23356077251
1.23885629013
1.24413471911
1.24939567563
1.25463878884
1.25986370185
1.2650700727
1.27025757533
1.27542590051
1.28057475674
1.28570387112
1.2908129902
1.29590188075
1.30097033058
1.30601814919
1.31104516852
1.31605124356
1.32103625292
1.32600009941
1.33094271051
1.33586403887
1.34076406265
1.34564278589
1.35050023886
1.35533647826
1.36015158742
1.36494567651
1.3697188826
1.37447136974
1.37920332898
1.38391497831
1.38860656263
1.39327835359
1.39793064949
1.40256377501
1.40717808106
1.41177394446
1.41635176766
1.42091197843
1.42545502951
1.42998139821
1.43449158602
1.43898611824
1.4434655435
1.44793043332
1.45238138172
1.45681900469
1.46124393976
1.46565684556
1.47005840134
1.47444930649
1.47883028018
1.48320206081
1.4875654057
1.4919210906
1.49626990937
1.50061267358
1.50495021215
1.50928337108
1.51361301313
1.51794001757
1.52226527994
1.52658971184
1.53091424082
1.53523981015
1.53956737883
1.54389792144
1.54823242815
1.55257190475
1.55691737263
1.56126986893
1.5656304466
1.57000017458
1.57438013797
1.57877143824
1.58317519348
1.58759253868
1.592024626
1.59647262514
1.60093772366
1.60542112735
1.60992406064
1.61444776698
1.61899350927
1.62356257031
1.62815625317
1.6327758817
1.63742280094
1.64209837754
1.64680400021
1.65154108015
1.6563110514
1.66111537131
1.66595552084
1.67083300493
1.67574935282
1.68070611832
1.68570488003
1.6907472416
1.69583483187
1.70096930495
1.70615234033
1.71138564287
1.71667094277
1.72200999545
1.72740458138
1.73285650585
1.73836759867
1.74393971379
1.74957472886
1.75527454469
1.76104108467
1.76687629406
1.77278213927
1.77876060697
1.78481370318
1.79094345228
1.79715189586
1.80344109159
1.80981311192
1.81627004272
1.82281398185
1.82944703766
1.8361713273
1.84298897511
1.84990211081
1.85691286762
1.86402338035
1.87123578338
1.87855220857
1.8859747831
1.89350562721
1.90114685194
1.90890055674
1.91676882705
1.9247537318
1.9328573209
1.94108162261
1.94942864092
1.95790035287
1.96649870582
1.97522561468
1.98408295914
1.99307258084
2.00219628052
2.01145581517
2.02085289517
2.03038918137
2.04006628223
2.04988575093
2.05984908248
2.06995771084
2.08021300607
2.09061627145
2.10116874073
2.11187157526
2.12272586127
2.13373260712
2.14489274063
2.15620710641
2.16767646331
2.17930148183
2.19108274162
2.20302072913
2.21511583516
2.2273683526
2.23977847418
2.25234629036
2.26507178718
2.27795484432
2.29099523315
2.3041926149
2.31754653892
2.33105644099
2.3447216418
2.35854134542
2.37251463798
2.38664048633
2.40091773687
2.41534511447
2.42992122148
2.44464453683
2.45951341526
2.47452608661
2.48968065529
2.50497509973
2.52040727206
2.53597489781
2.55167557577
2.56750677789
2.58346584933
2.59955000861
2.61575634784
2.63208183307
2.64852330472
2.66507747812
2.68174094416
2.69851017003
2.71538150005
2.73235115659
2.74941524108
2.76656973516
2.78381050188
2.80113328695
2.81853372018
2.83600731693
2.85354947963
2.8711554995
2.88882055819
2.90653972964
2.92430798192
2.94212017921
2.95997108386
2.97785535844
2.99576756797
3.01370218214
3.03165357768
3.04961604067
3.06758376909
3.08555087525
3.10351138844
3.12145925754
3.13938835373
3.15729247325
3.17516534021
3.19300060951
3.21079186968
3.22853264595
3.24621640319
3.26383654907
3.28138643713
3.29885936996
3.31624860243
3.33354734492
3.35074876666
3.36784599901
3.38483213889
3.40170025215
3.41844337704
3.43505452769
3.45152669761
3.46785286323
3.48402598748
3.50003902338
3.51588491766
3.53155661442
3.54704705878
3.56234920054
3.57745599795
3.59236042137
3.60705545703
3.62153411076
3.63578941175
3.64981441634
3.66360221173
3.67714591982
3.69043870091
3.70347375754
3.71624433822
3.72874374123
3.74096531831
3.75290247848
3.76454869173
3.77589749277
3.78694248468
3.79767734266
3.80809581762
3.81819173987
3.82795902269
3.8373916659
3.84648375945
3.85522948687
3.86362312874
3.87165906615
3.87933178408
3.88663587466
3.89356604057
3.90011709815
3.90628398069
3.91206174144
3.91744555676
3.92243072905
3.9270126897
3.93118700196
3.93494936371
3.93829561019
3.94122171662
3.94372380078
3.94579812547
3.94744110093
3.94864928711
3.94941939593
3.94974829343
3.94963300174
3.94907070108
3.94805873163
3.94659459522
3.94467595707
3.94230064725
3.93946666222
3.93617216615
3.93241549213
3.92819514339
3.92350979426
3.91835829113
3.91273965328
3.90665307358
3.90009791906
3.89307373147
3.88558022759
3.87761729955
3.86918501496
3.86028361699
3.85091352427
3.84107533074
3.83076980539
3.81999789184
3.80876070784
3.7970595447
3.78489586652
3.77227130943
3.75918768062
3.74564695735
3.73165128578
3.71720297975
3.70230451947
3.68695855006
3.67116788002
3.65493547963
3.63826447921
3.62115816732
3.60361998885
3.58565354304
3.5672625814
3.54845100558
3.52922286506
3.5095823549
3.48953381332
3.46908171921
3.44823068958
3.42698547699
3.40535096679
3.38333217444
3.36093424264
3.33816243848
3.31502215049
3.29151888565
3.26765826637
3.24344602733
3.21888801238
3.19399017133
3.16875855672
3.14319932053
3.11731871083
3.0911230685
3.06461882373
3.03781249271
3.01071067407
2.98332004547
2.95564736007
2.92769944298
2.89948318775
2.87100555275
2.84227355764
2.81329427972
2.78407485037
2.75462245138
2.72494431137
2.69504770212
2.66493993498
2.6346283572
2.60412034829
2.57342331643
2.54254469484
2.51149193813
2.48027251873
2.44889392328
2.41736364904
2.38568920038
2.35387808515
2.32193781123
2.28987588299
2.2576997978
2.2254170426
2.19303509046
2.16056139716
2.12800339788
2.09536850379
2.06266409881
2.02989753632
1.99707613593
1.96420718031
1.93129791202
1.89835553046
1.86538718875
1.83239999077
1.79940098818
1.76639717752
1.73339549735
1.70040282544
1.66742597603
1.63447169714
1.60154666793
1.56865749613
1.53581071553
1.50301278354
1.47027007878
1.43758889881
1.40497545781
1.37243588448
1.33997621984
1.30760241528
1.27532033052
1.24313573174
1.21105428977
1.17908157834
1.14722307239
1.11548414653
1.08387007347
1.05238602263
1.02103705878
0.989828140766
0.958764120308
0.927849740922
0.897089636876
0.866488332261
0.836050240124
0.805779661705
0.775680785743
0.745757687871
0.716014330099
0.686454560374
0.657082112227
0.627900604508
0.598913541195
0.570124311294
0.541536188818
0.513152332846
0.48497578767
0.457009483009
0.42925623432
0.401718743169
0.374399597694
0.347301273135
0.320426132443
0.293776426962
0.267354297181
0.241161773556
0.215200777408
0.189473121878
0.163980512955
0.138724550562
0.113706729713
0.088928441715
0.0643909754417
0.0400955186556
0.0160431593842
-0.00776511265096
-0.0313284045583
-0.0546459187523
-0.0777169513865
-0.100540890744
-0.123117215589
-0.145445493482
-0.167525379062
-0.189356612292
-0.210939016681
-0.232272497479
-0.253357039845
-0.274192706993
-0.294779638327
-0.315118047548
-0.335208220759
-0.355050514551
-0.374645354081
-0.393993231154
-0.413094702284
-0.431950386772
-0.450560964772
-0.468927175368
-0.487049814657
-0.504929733834
-0.522567837296
-0.539965080751
-0.557122469352
-0.574041055835
-0.590721938686
-0.607166260326
-0.623375205313
-0.639349998582
-0.655091903693
-0.670602221122
-0.685882286572
-0.700933469318
-0.715757170585
-0.730354821955
-0.744727883811
-0.758877843817
-0.772806215431
-0.786514536459
-0.800004367643
-0.813277291289
-0.826334909939
-0.839178845071
-0.851810735852
-0.864232237922
-0.876445022223
-0.888450773868
-0.90025119105
-0.91184798399
-0.923242873933
-0.934437592171
-0.945433879123
-0.956233483437
-0.966838161147
-0.977249674858
-0.987469792975
-0.997500288966
-1.00734294067
-1.01699952961
-1.02647184042
-1.03576166019
-1.04487077795
-1.05380098411
-1.06255407001
-1.07113182741
-1.0795360481
-1.08776852345
-1.09583104405
-1.10372539937
-1.11145337742
-1.11901676444
-1.12641734463
-1.13365689989
-1.14073720956
-1.14766005023
-1.1544271955
-1.16104041584
-1.16750147837
-1.17381214672
-1.1799741809
-1.18598933715
-1.1918593678
-1.19758602121
-1.2031710416
-1.20861616899
-1.21392313909
-1.21909368322
-1.22412952823
-1.2290323964
-1.23380400537
-1.23844606807
-1.24296029263
-1.2473483823
-1.25161203537
-1.25575294508
-1.25977279956
-1.26367328171
-1.26745606909
-1.27112283388
-1.27467524273
-1.27811495663
-1.28144363083
-1.28466291472
-1.28777445164
-1.29077987881
-1.29368082712
-1.29647892101
-1.29917577829
-1.30177300995
-1.30427222
-1.30667500527
-1.3089829552
-1.31119765163
-1.31332066856
-1.31535357197
-1.31729791951
-1.31915526032
-1.3209271347
-1.32261507391
-1.32422059985
-1.3257452248
-1.32719045109
-1.32855777085
-1.32984866566
-1.33106460627
-1.33220705223
-1.3332774516
-1.33427724061
-1.33520784329
-1.33607067116
-1.33686712285
-1.33759858375
-1.33826642566
-1.33887200642
-1.33941666953
-1.33990174379
-1.34032854295
-1.3406983653
-1.34101249331
-1.34127219325
-1.34147871485
-1.34163329087
-1.34173713677
-1.34179145034
-1.34179741131
-1.34175618098
-1.34166890191
-1.3415366975
-1.34136067171
-1.34114190864
-1.34088147224
-1.34058040599
-1.34023973253
-1.33986045337
-1.33944354861
-1.33898997659
-1.33850067366
-1.33797655385
-1.33741850866
-1.33682740677
-1.33620409382
-1.33554939217
-1.33486410071
-1.33414899466
-1.33340482537
-1.33263232016
-1.33183218221
-1.33100509036
-1.33015169906
-1.32927263823
-1.32836851321
-1.32743990468
-1.32648736865
-1.32551143641
-1.32451261455
-1.32349138499
-1.32244820501
-1.3213835073
-1.32029770011
-1.31919116729
-1.31806426848
-1.31691733922
-1.31575069117
-1.31456461232
-1.31335936716
-1.31213519701
-1.31089232023
-1.30963093259
-1.30835120752
-1.30705329653
-1.30573732954
-1.30440341532
-1.30305164185
-1.30168207686
-1.3002947682
-1.29888974443
-1.29746701529
-1.29602657225
-1.29456838907
-1.29309242242
-1.29159861247
-1.2900868835
-1.28855714461
-1.28700929035
-1.28544320143
-1.28385874543
-1.28225577756
-1.28063414134
-1.27899366947
-1.27733418452
-1.27565549977
-1.27395742003
-1.27223974244
-1.27050225736
-1.26874474912
-1.26696699701
-1.26516877601
-1.2633498578
-1.26151001152
-1.25964900473
-1.25776660431
-1.25586257727
-1.25393669175
-1.25198871781
-1.25001842841
-1.24802560024
-1.24601001462
-1.24397145839
-1.24190972473
-1.2398246141
-1.23771593502
-1.23558350492
-1.23342715099
-1.23124671096
-1.2290420339
-1.22681298098
-1.22455942624
-1.22228125732
-1.21997837615
-1.21765069963
-1.21529816034
-1.21292070709
-1.21051830559
-1.208090939
-1.20563860845
-1.20316133358
-1.20065915303
-1.19813212483
-1.19558032686
-1.19300385718
-1.19040283439
-1.18777739793
-1.1851277083
-1.18245394734
-1.17975631832
-1.17703504617
-1.17429037749
-1.17152258065
-1.1687319458
-1.16591878482
-1.16308343123
-1.16022624012
-1.15734758793
-1.1544478723
-1.15152751177
-1.14858694554
-1.1456266331
-1.14264705387
-1.13964870679
-1.13663210985
-1.13359779963
-1.1305463307
-1.12747827512
-1.12439422177
-1.12129477574
-1.11818055764
-1.11505220288
-1.1119103609
-1.10875569443
-1.10558887867
-1.10241060043
-1.09922155726
-1.0960224566
-1.09281401484
-1.08959695637
-1.08637201265
-1.08313992123
-1.07990142474
-1.07665726992
-1.07340820655
-1.0701549865
-1.06689836261
-1.06363908772
-1.06037791358
-1.05711558981
-1.05385286288
-1.05059047503
-1.04732916325
-1.04406965825
-1.04081268343
-1.03755895384
-1.03430917525
-1.03106404308
-1.02782424151
-1.02459044248
-1.02136330477
-1.01814347312
-1.01493157732
-1.01172823141
-1.00853403277
-1.00534956143
-1.00217537922
-0.999012029097
-0.995860034442
-0.992719898391
-0.989592103226
-0.9864771098
-0.983375356992
-0.980287261216
-0.977213215962
-0.974153591387
-0.971108733947
-0.968078966076
-0.965064585904
-0.962065867033
-0.959083058346
-0.956116383867
-0.953166042674
-0.950232208848
-0.947315031475
-0.944414634693
-0.941531117784
-0.938664555313
-0.935814997312
-0.932982469506
-0.930166973586
-0.927368487523
-0.924586965924
-0.921822340434
-0.919074520164
-0.916343392179
-0.913628822003
-0.910930654169
-0.908248712809
-0.905582802266
-0.902932707742
-0.900298195979
-0.897679015963
-0.895074899657
-0.892485562754
-0.88991070546
-0.88735001329
-0.884803157883
-0.882269797839
-0.879749579562
-0.877242138122
-0.87474709812
-0.872264074569
-0.869792673772
-0.867332494206
-0.864883127414
-0.862444158883
-0.860015168931
-0.85759573358
-0.855185425428
-0.852783814506
-0.850390469128
-0.848004956724
-0.845626844661
-0.843255701042
-0.840891095489
-0.838532599908
-0.836179789223
-0.833832242091
-0.831489541595
-0.8291512759
-0.826817038886
-0.824486430753
-0.822159058591
-0.819834536914
-0.817512488172
-0.815192543216
-0.812874341735
-0.810557532657
-0.808241774507
-0.805926735739
-0.803612095018
-0.801297541471
-0.798982774904
-0.796667505969
-0.794351456306
-0.792034358635
-0.78971595682
-0.787396005893
-0.785074272035
-0.78275053253
-0.780424575674
-0.77809620066
-0.775765217418
-0.773431446428
-0.7710947185
-0.768754874522
-0.766411765181
-0.764065250648
-0.761715200249
-0.759361492096
-0.757004012704
-0.754642656584
-0.752277325808
-0.749907929564
-0.74753438369
-0.745156610191
-0.742774536741
-0.740388096178
-0.737997225988
-0.735601867773
-0.733201966725
-0.730797471083
-0.728388331599
-0.725974500998
-0.723555933437
-0.72113258397
-0.718704408023
-0.716271360866
-0.713833397104
-0.71139047017
-0.708942531838
-0.706489531745
-0.704031416932
-0.701568131399
-0.699099615684
-0.696625806458
-0.694146636143
-0.691662032557
-0.689171918576
-0.686676211831
-0.684174824422
-0.681667662669
-0.679154626884
-0.676635611179
-0.674110503299
-0.67157918449
-0.669041529395
-0.666497405986
-0.663946675524
-0.661389192553
-0.65882480493
-0.65625335388
-0.653674674093
-0.651088593846
-0.648494935161
-0.645893513993
-0.643284140451
-0.640666619045
-0.638040748973
-0.635406324427
-0.632763134932
-0.630110965714
-0.62744959809
-0.624778809891
-0.622098375898
-0.619408068313
-0.616707657247
-0.613996911221
-0.611275597702
-0.60854348364
-0.605800336031
-0.603045922491
-0.600280011845
-0.597502374722
-0.594712784163
-0.591911016238
-0.589096850667
-0.586270071442
-0.583430467454
-0.580577833127
-0.577711969036
-0.574832682535
-0.571939788378
-0.569033109323
-0.566112476744
-0.563177731219
-0.560228723116
-0.55726531316
-0.554287372984
-0.551294785673
-0.548287446278
-0.545265262317
-0.542228154256
-0.539176055965
-0.536108915154
-0.533026693778
-0.529929368424
-0.526816930669
-0.523689387406
-0.520546761147
-0.517389090294
-0.514216429382
-0.511028849286
-0.507826437404
-0.504609297803
-0.501377551337
-0.498131335727
-0.494870805615
-0.491596132581
-0.488307505131
-0.485005128647
-0.481689225309
-0.478360033985
-0.475017810088
-0.471662825402
-0.468295367875
-0.464915741388
-0.461524265485
-0.458121275084
-0.454707120155
-0.451282165369
-0.447846789728
-0.444401386161
-0.440946361103
-0.437482134047
-0.434009137078
-0.430527814383
-0.427038621744
-0.423542026011
-0.420038504562
-0.416528544743
-0.413012643303
-0.409491305801
-0.405965046023
-0.402434385371
-0.398899852256
-0.395361981476
-0.391821313599
-0.388278394334
-0.384733773903
-0.381188006412
-0.377641649228
-0.374095262347
-0.370549407777
-0.367004648921
-0.363461549966
-0.359920675284
-0.356382588832
-0.352847853576
-0.349317030916
-0.345790680127
-0.342269357813
-0.338753617378
-0.335244008506
-0.331741076669
-0.328245362638
-0.324757402022
-0.321277724824
-0.317806855015
-0.31434531013
-0.310893600877
-0.307452230782
-0.304021695841
-0.3006024842
-0.297195075861
-0.293799942398
-0.290417546712
-0.287048342793
-0.283692775517
-0.280351280455
-0.277024283713
-0.273712201788
-0.270415441451
-0.267134399647
-0.26386946342
-0.26062100986
-0.257389406064
-0.254175009124
-0.250978166132
-0.247799214207
-0.244638480532
-0.241496282423
-0.238372927397
-0.235268713275
-0.23218392829
-0.22911885121
-0.22607375148
-0.223048889375
-0.220044516166
-0.217060874299
-0.21409819758
-0.21115671138
-0.208236632842
-0.205338171095
-0.202461527483
-0.199606895798
-0.196774462516
-0.193964407041
-0.191176901954
-0.188412113266
-0.185670200673
-0.182951317811
-0.180255612516
-0.177583227088
-0.174934298544
-0.172308958881
-0.169707335334
-0.167129550632
-0.164575723251
-0.162045967665
-0.159540394596
-0.157059111253
-0.154602221575
-0.152169826462
-0.149762024004
-0.147378909708
-0.14502057671
-0.142687115985
-0.140378616558
-0.138095165692
-0.135836849083
-0.133603751041
-0.131395954666
-0.129213542012
-0.127056594249
-0.124925191813
-0.12281941455
-0.12073934185
-0.118685052775
-0.116656626177
-0.11465414081
-0.112677675432
-0.110727308897
-0.108803120247
-0.106905188786
-0.105033594152
-0.103188416379
-0.101369735956
-0.0995776338682
-0.0978121916428
-0.0960734913787
-0.0943616157731
-0.0926766481396
-0.0910186724197
-0.0893877731877
-0.0877840356484
-0.0862075456284
-0.0846583895616
-0.0831366544674
-0.0816424279236
-0.0801757980328
-0.0787368533834
-0.0773256830039
-0.075942376313
-0.074587023063
-0.0732597132782
-0.071960537188
-0.0706895851555
-0.0694469475994
-0.0682327149129
-0.0670469773764
-0.065889825066
-0.064761347757
-0.0636616348235
-0.0625907751328
-0.0615488569357
-0.0605359677528
-0.0595521942563
-0.0585976221475
-0.0576723360312
-0.0567764192851
-0.0559099539263
-0.0550730204735
-0.0542656978062
-0.05348806302
-0.0527401912792
-0.052022155665
-0.0513340270226
-0.0506758738034
-0.0500477619058
-0.0494497545134
-0.0488819119298
-0.0483442914126
-0.0478369470046
-0.0473599293632
-0.046913285589
-0.0464970590522
-0.0461112892189
-0.0457560114757
-0.0454312569549
-0.0451370523583
-0.0448734197822
-0.0446403765422
-0.0444379349988
-0.0442661023846
-0.0441248806322
-0.0440142662046
-0.043934249927
-0.0438848168221
-0.0438659459475
-0.0438776102367
-0.0439197763442
-0.043992404494
-0.044095448333
-0.0442288547895
-0.0443925639367
-0.0445865088621
-0.0448106155429
-0.0450648027279
-0.0453489818269
-0.0456630568061
-0.0460069240929
-0.0463804724873
-0.0467835830824
-0.0472161291934
-0.0476779762961
-0.0481689819743
-0.0486889958767
-0.0492378596849
-0.04981540709
-0.0504214637809
-0.0510558474428
-0.0517183677664
-0.0524088264681
-0.0531270173218
-0.0538727262013
-0.0546457311342
-0.0554458023673
-0.0562727024432
-0.0571261862881
-0.0580060013113
-0.0589118875151
-0.059843577617
-0.0608007971811
-0.0617832647622
-0.0627906920587
-0.0638227840768
-0.0648792393043
-0.0659597498942
-0.0670640018575
-0.0681916752653
-0.0693424444586
-0.0705159782676
-0.0717119402371
-0.0729299888605
-0.0741697778194
-0.07543095623
-0.0767131688946
-0.0780160565589
-0.0793392561724
-0.0806824011543
-0.0820451216611
-0.0834270448577
-0.08482779519
-0.0862469946592
-0.0876842630963
-0.0891392184372
-0.0906114769961
-0.092100653739
-0.093606362554
-0.0951282165203
-0.0966658281725
-0.0982188097626
-0.0997867735168
-0.101369331887
-0.102966097799
-0.10457668489
-0.106200707746
-0.107837782125
-0.109487525182
-0.111149555673
-0.112823494165
-0.114508963227
-0.116205587618
-0.117912994461
-0.119630813413
-0.121358676819
-0.123096219863
-0.124843080704
-0.126598900603
-0.128363324044
-0.130135998838
-0.131916576222
-0.133704710948
-0.135500061361
-0.137302289468
-0.139111060994
-0.140926045438
-0.142746916113
-0.144573350177
-0.146405028663
-0.148241636494
-0.150082862494
-0.151928399396
-0.153777943838
-0.155631196356
-0.157487861375
-0.15934764719
-0.161210265951
-0.163075433635
-0.164942870027
-0.166812298691
-0.168683446944
-0.170556045827
-0.172429830083
-0.174304538125
-0.176179912019
-0.178055697459
-0.179931643752
-0.181807503802
-0.183683034104
-0.185557994738
-0.187432149373
-0.189305265276
-0.191177113326
-0.19304746804
-0.194916107603
-0.196782813909
-0.198647372609
-0.200509573174
-0.202369208954
-0.204226077267
-0.206079979481
-0.207930721112
-0.209778111939
-0.211621966117
-0.213462102314
-0.215298343845
-0.217130518832
-0.218958460356
-0.220782006638
-0.222601001214
-0.22441529313
-0.226224737138
-0.22802919391
-0.229828530251
-0.231622619323
-0.233411340877
-0.235194581491
-0.236972234811
-0.238744201797
-0.240510390978
-0.242270718701
-0.244025109388
-0.245773495793
-0.247515819258
-0.249252029967
-0.250982087203
-0.252705959588
-0.254423625338
-0.256135072497
-0.257840299169
-0.259539313741
-0.261232135102
-0.262918792842
-0.264599327447
-0.266273790479
-0.267942244735
-0.269604764406
-0.271261435201
-0.272912354468
-0.274557631288
-0.276197386551
-0.277831753013
-0.279460875326
-0.281084910052
-0.282704025647
-0.284318402422
-0.28592823248
-0.287533719624
-0.28913507924
-0.290732538151
-0.292326334442
-0.293916717259
-0.295503946576
-0.297088292934
-0.298670037147
-0.300249469987
-0.301826891826
-0.30340261226
-0.304976949696
-0.30655023091
-0.30812279058
-0.309694970787
-0.311267120484
-0.312839594945
-0.314412755182
-0.315986967335
-0.317562602037
-0.319140033756
-0.320719640114
-0.32230180118
-0.323886898743
-0.325475315568
-0.32706743463
-0.328663638331
-0.330264307703
-0.331869821598
-0.333480555864
-0.335096882505
-0.336719168845
-0.338347776675
-0.339983061393
-0.341625371152
-0.343275045998
-0.344932417007
-0.346597805435
-0.348271521863
-0.349953865353
-0.351645122614
-0.353345567178
-0.355055458588
-0.356775041607
-0.358504545436
-0.360244182956
-0.361994149998
-0.363754624622
-0.365525766437
-0.367307715938
-0.369100593877
-0.370904500668
-0.372719515817
-0.374545697396
-0.376383081549
-0.378231682034
-0.380091489812
-0.381962472672
-0.383844574897
-0.38573771698
-0.38764179538
-0.389556682323
-0.391482225659
-0.393418248756
-0.395364550448
-0.397320905034
-0.399287062325
-0.401262747736
-0.403247662444
-0.405241483576
-0.407243864468
-0.409254434959
-0.411272801747
-0.413298548791
-0.415331237759
-0.417370408535
-0.419415579766
-0.421466249462
-0.423521895644
-0.425581977032
-0.427645933786
-0.429713188286
-0.431783145956
-0.433855196131
-0.435928712959
-0.438003056345
-0.440077572931
-0.442151597108
-0.444224452065
-0.446295450862
-0.448363897537
-0.450429088239
-0.452490312379
-0.454546853815
-0.456597992043
-0.458643003413
-0.460681162358
-0.462711742639
-0.464734018591
-0.466747266383
-0.468750765284
-0.470743798926
-0.472725656569
-0.474695634363
-0.476653036607
-0.478597176994
-0.480527379851
-0.482442981363
-0.48434333078
-0.486227791611
-0.488095742792
-0.489946579831
-0.491779715936
-0.493594583101
-0.495390633175
-0.497167338895
-0.498924194878
-0.50066071859
-0.502376451264
-0.504070958787
-0.505743832539
-0.507394690195
-0.509023176474
-0.51062896385
-0.512211753207
-0.513771274452
-0.515307287072
-0.516819580642
-0.518307975282
-0.519772322055
-0.521212503319
-0.522628433017
-0.524020056918
-0.525387352796
-0.526730330557
-0.528049032313
-0.529343532389
-0.530613937289
-0.531860385591
-0.533083047798
-0.53428212613
-0.535457854256
-0.53661049698
-0.537740349871
-0.538847738837
-0.539933019652
-0.540996577431
-0.542038826052
-0.543060207538
-0.544061191385
-0.545042273843
-0.546003977165
-0.546946848796
-0.547871460539
-0.548778407668
-0.549668308012
-0.550541801
-0.551399546672
-0.552242224665
-0.553070533156
-0.553885187793
-0.55468692059
-0.555476478803
-0.556254623782
-0.557022129808
-0.557779782911
-0.558528379672
-0.559268726017
-0.560001635994
-0.560727930551
-0.561448436302
-0.56216398429
-0.562875408751
-0.563583545883
-0.564289232605
-0.564993305339
-0.565696598782
-0.566399944706
-0.567104170752
-0.567810099248
-0.568518546045
-0.569230319359
-0.569946218645
-0.570667033485
-0.571393542501
-0.572126512296
-0.572866696415
-0.573614834339
-0.574371650509
-0.575137853377
-0.575914134494
-0.576701167628
-0.577499607921
-0.578310091077
-0.579133232592
-0.579969627019
-0.580819847277
-0.581684443989
-0.582563944878
-0.583458854186
-0.584369652148
-0.585296794504
-0.586240712053
-0.587201810251
-0.588180468857
-0.589177041612
-0.590191855975
-0.591225212895
-0.592277386625
-0.593348624588
-0.594439147281
-0.595549148219
-0.596678793933
-0.597828223997
-0.598997551108
-0.600186861202
-0.601396213612
-0.602625641265
-0.603875150922
-0.605144723454
-0.606434314154
-0.607743853092
-0.609073245499
-0.610422372189
-0.611791090018
-0.613179232371
-0.61458660968
-0.616013009978
-0.617458199481
-0.618921923189
-0.620403905528
-0.621903851007
-0.623421444902
-0.624956353965
-0.62650822715
-0.628076696364
-0.629661377231
-0.63126186988
-0.632877759738
-0.634508618351
-0.636154004209
-0.637813463579
-0.639486531359
-0.641172731933
-0.642871580033
-0.644582581608
-0.646305234699
-0.648039030314
-0.649783453304
-0.651537983245
-0.653302095307
-0.655075261133
-0.656856949708
-0.658646628217
-0.660443762911
-0.66224781995
-0.664058266245
-0.66587457029
-0.667696202978
-0.669522638412
-0.671353354689
-0.673187834689
-0.675025566828
-0.676866045809
-0.678708773347
-0.680553258881
-0.682399020261
-0.684245584423
-0.686092488032
-0.687939278113
-0.689785512654
-0.691630761189
-0.693474605354
-0.695316639424
-0.697156470818
-0.698993720585
-0.700828023862
-0.702659030302
-0.704486404485
-0.706309826292
-0.708128991257
-0.709943610894
-0.711753412988
-0.713558141869
-0.715357558649
-0.717151441438
-0.71893958553
-0.720721803555
-0.722497925616
-0.724267799388
-0.72603129019
-0.727788281036
-0.729538672655
-0.731282383479
-0.733019349618
-0.73474952479
-0.736472880245
-0.738189404645
-0.739899103933
-0.741602001169
-0.743298136344
-0.744987566171
-0.74667036385
-0.748346618816
-0.750016436457
-0.751679937815
-0.753337259267
-0.754988552182
-0.75663398256
-0.758273730654
-0.75990799057
-0.761536969849
-0.763160889039
-0.764779981239
-0.76639449164
-0.768004677044
-0.769610805366
-0.771213155136
-0.772812014969
-0.774407683045
-0.776000466558
-0.777590681173
-0.779178650457
-0.780764705316
-0.782349183414
-0.783932428594
-0.785514790281
-0.787096622895
-0.788678285249
-0.790260139943
-0.791842552763
-0.793425892073
-0.795010528201
-0.796596832839
-0.798185178427
-0.799775937547
-0.801369482318
-0.802966183796
-0.804566411366
-0.806170532157
-0.80777891044
-0.809391907052
-0.811009878811
-0.812633177945
-0.814262151526
-0.815897140917
-0.817538481216
-0.819186500727
-0.820841520421
-0.822503853424
-0.824173804508
-0.825851669593
-0.827537735265
-0.829232278304
-0.830935565224
-0.832647851832
-0.834369382793
-0.836100391215
-0.837841098247
-0.839591712694
-0.841352430643
-0.843123435108
-0.844904895693
-0.846696968267
-0.848499794659
-0.850313502368
-0.852138204293
-0.853973998478
-0.855820967873
-0.857679180118
-0.859548687341
-0.861429525978
-0.863321716604
-0.865225263788
-0.867140155971
-0.86906636535
-0.871003847791
-0.872952542756
-0.874912373254
-0.876883245799
-0.878865050401
-0.880857660566
-0.882860933315
-0.884874709229
-0.886898812502
-0.888933051018
-0.89097721645
-0.893031084364
-0.895094414357
-0.897166950201
-0.899248420008
-0.901338536414
-0.903436996776
-0.905543483392
-0.907657663731
-0.909779190681
-0.91190770282
-0.914042824691
-0.916184167099
-0.918331327426
-0.920483889956
-0.922641426213
-0.924803495319
-0.926969644361
-0.929139408776
-0.931312312742
-0.933487869586
-0.935665582209
-0.937844943511
-0.940025436838
-0.942206536436
-0.944387707912
-0.946568408714
-0.948748088608
-0.950926190177
-0.953102149321
-0.955275395763
-0.957445353572
-0.959611441684
-0.961773074433
-0.963929662089
-0.966080611399
-0.968225326139
-0.970363207659
-0.972493655442
-0.974616067667
-0.976729841764
-0.978834374983
-0.980929064958
-0.983013310273
-0.985086511031
-0.987148069422
-0.989197390286
-0.991233881681
-0.993256955447
-0.995266027766
-0.99726051972
-0.999239857845
-1.00120347468
-1.00315080933
-1.00508130797
-1.00699442441
-1.00888962061
-1.01076636723
-1.01262414407
-1.01446244068
-1.01628075675
-1.01807860268
-1.01985550001
-1.02161098192
-1.02334459364
-1.02505589295
-1.02674445058
-1.02840985065
-1.03005169103
-1.03166958382
-1.03326315564
-1.03483204808
-1.03637591799
-1.03789443785
-1.03938729607
-1.04085419732
-1.0422948628
-1.04370903056
-1.04509645567
-1.04645691054
-1.04779018512
-1.04909608708
-1.05037444203
-1.05162509369
-1.05284790399
-1.05404275327
-1.05520954037
-1.0563481827
-1.05745861634
-1.05854079611
-1.05959469558
-1.0606203071
-1.06161764182
-1.06258672965
-1.06352761921
-1.06444037782
-1.06532509138
-1.0661818643
-1.06701081938
-1.06781209768
-1.06858585838
-1.0693322786
-1.07005155321
-1.07074389466
-1.07140953272
-1.07204871429
-1.07266170308
-1.07324877943
-1.07381023993
-1.0743463972
-1.07485757951
-1.07534413051
-1.07580640884
-1.07624478778
-1.07665965489
-1.07705141162
-1.07742047291
-1.07776726679
-1.07809223394
-1.0783958273
-1.07867851157
-1.07894076281
-1.07918306797
-1.07940592438
-1.07960983935
-1.07979532961
-1.07996292089
-1.08011314736
-1.08024655119
-1.08036368197
-1.0804650963
-1.08055135718
-1.08062303354
-1.08068069973
-1.08072493498
-1.08075632288
-1.08077545087
-1.0807829097
-1.08077929294
-1.08076519641
-1.08074121772
-1.08070795571
-1.08066600997
-1.0806159803
-1.08055846621
-1.08049406647
-1.08042337852
-1.08034699809
-1.0802655186
-1.08017953078
-1.08008962216
-1.07999637659
-1.0799003738
-1.07980218895
-1.07970239221
-1.07960154829
-1.07950021604
-1.07939894804
-1.07929829018
-1.07919878128
-1.07910095271
-1.079005328
-1.07891242249
-1.07882274295
-1.0787367873
-1.07865504421
-1.07857799281
-1.07850610239
-1.0784398321
-1.07837963063
-1.07832593599
-1.07827917519
-1.07823976404
-1.07820810686
-1.07818459629
-1.07816961305
-1.07816352573
-1.07816669061
-1.07817945146
-1.07820213937
-1.07823507259
-1.07827855636
-1.07833288281
-1.07839833078
-1.07847516572
-1.07856363958
-1.07866399071
-1.07877644375
-1.07890120958
-1.07903848523
-1.07918845379
-1.07935128442
-1.07952713224
-1.07971613833
-1.0799184297
-1.08013411926
-1.08036330581
-1.08060607403
-1.08086249451
-1.08113262375
-1.08141650414
-1.08171416406
-1.08202561786
-1.08235086591
-1.08268989466
-1.08304267667
-1.08340917071
-1.08378932179
-1.08418306123
-1.08459030677
-1.08501096264
-1.08544491963
-1.08589205522
-1.08635223363
-1.08682530599
-1.08731111041
-1.08780947209
-1.08832020347
-1.08884310436
-1.08937796202
-1.08992455135
-1.09048263501
-1.09105196358
-1.09163227568
-1.09222329814
-1.0928247462
-1.09343632361
-1.09405772283
-1.09468862522
-1.09532870119
-1.09597761039
-1.09663500193
-1.09730051452
-1.09797377671
-1.09865440708
-1.09934201444
-1.10003619804
-1.10073654781
-1.10144264455
-1.10215406018
-1.10287035797
-1.10359109276
-1.1043158112
-1.10504405203
-1.1057753463
-1.10650921763
-1.10724518246
-1.10798275037
-1.10872142426
-1.10946070073
-1.11020007027
-1.1109390176
-1.11167702195
-1.11241355732
-1.11314809285
-1.11388009307
-1.11460901823
-1.1153343246
-1.11605546481
-1.11677188818
-1.11748304101
-1.11818836696
-1.11888730736
-1.11957930155
-1.12026378725
-1.12094020089
-1.12160797796
-1.12226655339
-1.1229153619
-1.12355383837
-1.12418141819
-1.12479753765
-1.12540163433
-1.12599314743
-1.12657151821
-1.12713619031
-1.12768661018
-1.12822222747
-1.12874249537
-1.12924687107
-1.12973481606
-1.13020579664
-1.13065928419
-1.13109475564
-1.13151169387
-1.13190958804
-1.13228793403
-1.13264623483
-1.13298400091
-1.13330075064
-1.13359601064
-1.13386931619
-1.13412021161
-1.13434825064
-1.13455299681
-1.13473402382
-1.13489091593
-1.13502326826
-1.13513068725
-1.13521279094
-1.13526920935
-1.13529958482
-1.13530357237
-1.13528083999
-1.13523106903
-1.13515395446
-1.13504920524
-1.13491654456
-1.1347557102
-1.13456645479
-1.13434854609
-1.13410176726
-1.13382591716
-1.13352081052
-1.13318627828
-1.13282216774
-1.13242834283
-1.13200468431
-1.13155108994
-1.13106747472
-1.130553771
-1.13000992869
-1.1294359154
-1.12883171655
-1.12819733552
-1.12753279374
-1.1268381308
-1.12611340451
-1.12535869099
-1.1245740847
-1.12375969848
-1.12291566358
-1.12204212964
-1.12113926471
-1.12020725522
-1.11924630588
-1.11825663971
-1.11723849789
-1.1161921397
-1.1151178424
-1.11401590111
-1.11288662865
-1.11173035541
-1.11054742912
-1.10933821471
-1.10810309403
-1.10684246569
-1.10555674477
-1.10424636253
-1.10291176618
-1.10155341855
-1.10017179775
-1.09876739687
-1.0973407236
-1.09589229986
-1.09442266143
-1.09293235751
-1.09142195033
-1.08989201468
-1.08834313747
-1.08677591727
-1.0851909638
-1.08358889741
-1.0819703486
-1.08033595747
-1.07868637315
-1.07702225327
-1.07534426335
-1.07365307622
-1.07194937143
-1.0702338346
-1.06850715683
-1.06677003404
-1.0650231663
-1.0632672572
-1.06150301315
-1.05973114273
-1.05795235596
-1.05616736364
-1.05437687662
-1.05258160509
-1.05078225788
-1.04897954172
-1.04717416053
-1.04536681467
-1.0435582002
-1.0417490082
-1.03993992396
-1.03813162629
-1.03632478678
-1.03452006906
-1.03271812807
-1.03091960933
-1.02912514822
-1.02733536926
-1.02555088541
-1.02377229734
-1.02200019277
-1.02023514574
-1.01847771599
-1.01672844824
-1.01498787155
-1.01325649871
-1.01153482558
-1.00982333049
-1.00812247364
-1.00643269655
-1.00475442144
-1.00308805075
-1.00143396657
-0.999792530184
-0.998164081536
-0.996548938817
-0.994947398004
-0.99335973246
-0.991786192543
-0.990227005244
-0.988682373855
-0.987152477656
-0.985637471641
-0.984137486261
-0.982652627199
-0.981182975181
-0.97972858581
-0.978289489429
-0.976865691024
-0.975457170148
-0.974063880884
-0.97268575184
-0.971322686166
-0.969974561623
-0.968641230663
-0.967322520562
-0.966018233571
-0.964728147107
-0.96345201398
-0.962189562647
-0.960940497501
-0.959704499198
-0.958481225007
-0.957270309206
-0.956071363495
-0.954883977455
-0.953707719031
-0.952542135045
-0.951386751745
-0.95024107538
-0.949104592811
-0.947976772137
-0.946857063369
-0.945744899111
-0.944639695285
-0.943540851872
-0.942447753679
-0.941359771134
-0.940276261103
-0.939196567723
-0.938120023267
-0.937045949019
-0.935973656176
-0.934902446759
-0.93383161455
-0.932760446037
-0.931688221378
-0.930614215372
-0.929537698449
-0.928457937664
-0.927374197703
-0.926285741895
-0.925191833228
-0.924091735378
-0.922984713729
-0.921870036402
-0.920746975287
-0.919614807063
-0.918472814229
-0.917320286119
-0.916156519918
-0.914980821668
-0.913792507269
-0.912590903465
-0.911375348822
-0.910145194693
-0.908899806165
-0.907638562995
-0.906360860528
-0.905066110593
-0.90375374238
-0.902423203303
-0.901073959828
-0.89970549829
-0.898317325674
-0.896908970379
-0.895479982947
-0.894029936771
-0.892558428764
-0.891065080012
-0.889549536375
-0.888011469077
-0.886450575247
-0.884866578434
-0.883259229081
-0.881628304969
-0.879973611622
-0.878294982674
-0.876592280196
-0.874865394993
-0.873114246852
-0.871338784758
-0.869538987068
-0.867714861642
-0.865866445942
-0.86399380708
-0.862097041837
-0.860176276629
-0.858231667445
-0.856263399735
-0.854271688262
-0.852256776915
-0.850218938477
-0.848158474359
-0.846075714291
-0.843971015976
-0.841844764704
-0.839697372932
-0.837529279819
-0.835340950734
-0.83313287672
-0.830905573928
-0.828659583013
-0.826395468502
-0.82411381812
-0.821815242094
-0.819500372421
-0.817169862109
-0.814824384385
-0.812464631882
-0.810091315794
-0.807705165011
-0.805306925225
-0.802897358018
-0.800477239925
-0.798047361483
-0.795608526252
-0.793161549829
-0.790707258841
-0.788246489922
-0.785780088683
-0.783308908665
-0.780833810287
-0.778355659779
-0.775875328117
-0.773393689948
-0.770911622506
-0.768430004538
-0.765949715217
-0.763471633064
-0.760996634867
-0.75852559461
-0.756059382399
-0.753598863403
-0.751144896798
-0.748698334721
-0.746260021238
-0.743830791326
-0.741411469858
-0.739002870621
-0.736605795335
-0.734221032697
-0.731849357449
-0.729491529451
-0.727148292798
-0.724820374939
-0.722508485833
-0.720213317126
-0.717935541357
-0.715675811186
-0.713434758655
-0.711212994479
-0.709011107363
-0.706829663352
-0.704669205217
-0.702530251865
-0.700413297791
-0.698318812557
-0.696247240313
-0.694198999345
-0.692174481665
-0.690174052632
-0.688198050615
-0.686246786689
-0.684320544368
-0.682419579376
-0.680544119456
-0.678694364217
-0.676870485017
-0.675072624883
-0.673300898471
-0.671555392066
-0.669836163606
-0.668143242764
-0.666476631047
-0.664836301944
-0.663222201104
-0.661634246553
-0.660072328947
-0.658536311852
-0.65702603207
-0.655541299986
-0.654081899961
-0.652647590747
-0.651238105934
-0.649853154438
-0.648492421003
-0.647155566748
-0.645842229728
-0.644552025533
-0.643284547907
-0.642039369396
-0.640816042016
-0.639614097946
-0.638433050248
-0.637272393598
-0.636131605046
-0.63501014479
-0.633907456969
-0.632822970471
-0.631756099759
-0.630706245706
-0.62967279645
-0.628655128254
-0.62765260638
-0.626664585969
-0.625690412932
-0.624729424848
-0.623780951861
-0.622844317589
-0.621918840034
-0.621003832486
-0.620098604442
-0.619202462507
-0.618314711308
-0.617434654397
-0.616561595147
-0.615694837654
-0.614833687617
-0.613977453224
-0.613125446018
-0.612276981763
-0.611431381289
-0.610587971335
-0.609746085367
-0.608905064396
-0.608064257768
-0.607223023945
-0.606380731269
-0.605536758704
-0.604690496566
-0.603841347226
-0.602988725801
-0.602132060813
-0.601270794842
-0.600404385141
-0.599532304238
-0.598654040511
-0.597769098742
-0.596877000639
-0.595977285344
-0.595069509905
-0.59415324973
-0.593228099011
-0.592293671121
-0.591349598987
-0.590395535433
-0.589431153499
-0.58845614673
-0.587470229437
-0.586473136932
-0.585464625739
-0.584444473767
-0.583412480467
-0.582368466951
-0.581312276095
-0.580243772601
-0.579162843046
-0.578069395891
-0.576963361473
-0.575844691964
-0.57471336131
-0.573569365137
-0.572412720635
-0.57124346642
-0.570061662365
-0.568867389413
-0.567660749358
-0.566441864613
-0.565210877946
-0.563967952199
-0.562713269984
-0.561447033359
-0.560169463479
-0.558880800233
-0.557581301857
-0.556271244534
-0.55495092197
-0.553620644955
-0.552280740912
-0.550931553422
-0.549573441739
-0.548206780296
-0.546831958181
-0.545449378621
-0.54405945844
-0.542662627508
-0.541259328185
-0.539850014749
-0.538435152822
-0.53701521878
-0.535590699162
-0.534162090072
-0.532729896572
-0.531294632074
-0.529856817724
-0.528416981789
-0.526975659035
-0.525533390107
-0.524090720909
-0.52264820198
-0.521206387876
-0.519765836547
-0.518327108724
-0.516890767303
-0.515457376732
-0.514027502411
-0.512601710083
-0.511180565249
-0.509764632567
-0.508354475281
-0.506950654641
-0.505553729339
-0.504164254952
-0.502782783395
-0.501409862382
-0.500046034904
-0.49869183871
-0.497347805801
-0.496014461945
-0.494692326192
-0.493381910412
-0.492083718839
-0.490798247636
-0.489525984467
-0.48826740809
-0.48702298796
-0.485793183852
-0.484578445493
-0.483379212218
-0.482195912632
-0.481028964301
-0.479878773444
-0.478745734657
-0.477630230642
-0.476532631957
-0.475453296787
-0.474392570723
-0.473350786569
-0.472328264152
-0.471325310166
-0.470342218017
-0.469379267695
-0.468436725661
-0.467514844748
-0.466613864078
-0.465734009002
-0.464875491052
-0.464038507904
-0.463223243367
-0.462429867382
-0.461658536038
-0.460909391599
-0.460182562555
-0.459478163677
-0.458796296096
-0.458137047388
-0.45750049168
-0.456886689762
-0.456295689216
-0.455727524559
-0.455182217397
-0.454659776583
-0.454160198403
-0.453683466755
-0.453229553352
-0.452798417925
-0.452390008443
-0.452004261337
-0.451641101737
-0.451300443712
-0.450982190522
-0.450686234876
-0.450412459191
-0.450160735871
-0.449930927575
-0.449722887501
-0.449536459673
-0.449371479229
-0.449227772713
-0.449105158377
-0.449003446476
-0.448922439572
-0.448861932835
-0.448821714352
-0.448801565429
-0.448801260901
-0.448820569436
-0.44885925384
-0.448917071366
-0.448993774012
-0.449089108831
-0.449202818225
-0.449334640244
-0.449484308883
-0.449651554375
-0.449836103477
-0.450037679755
-0.450256003869
-0.450490793843
-0.450741765347
-0.451008631954
-0.451291105409
-0.451588895885
-0.451901712233
-0.45222926223
-0.452571252818
-0.452927390339
-0.453297380762
-0.453680929909
-0.454077743664
-0.454487528187
-0.454909990117
-0.455344836765
-0.455791776307
-0.456250517965
-0.456720772184
-0.457202250802
-0.457694667213
-0.458197736524
-0.458711175705
-0.459234703732
-0.459768041727
-0.460310913085
-0.460863043603
-0.461424161595
-0.461993998007
-0.462572286526
-0.463158763677
-0.463753168919
-0.46435524474
-0.464964736737
-0.465581393698
-0.466204967678
-0.466835214066
-0.467471891654
-0.468114762696
-0.468763592969
-0.469418151819
-0.470078212218
-0.470743550804
-0.471413947925
-0.47208918768
-0.472769057951
-0.47345335044
-0.474141860695
-0.474834388143
-0.475530736108
-0.476230711844
-0.476934126546
-0.477640795378
-0.478350537484
-0.479063176009
-0.479778538112
-0.480496454978
-0.481216761833
-0.481939297953
-0.482663906676
-0.483390435411
-0.484118735646
-0.484848662958
-0.485580077019
-0.486312841605
-0.4870468246
-0.487781898003
-0.488517937936
-0.489254824647
-0.489992442516
-0.490730680061
-0.491469429938
-0.492208588951
-0.492948058051
-0.49368774234
-0.494427551076
-0.495167397671
-0.495907199695
-0.496646878878
-0.497386361104
-0.498125576418
-0.498864459016
-0.499602947249
-0.500340983611
-0.501078514743
-0.501815491415
-0.502551868527
-0.503287605091
-0.504022664222
-0.504757013126
-0.505490623079
-0.50622346941
-0.506955531482
-0.507686792662
-0.508417240303
-0.509146865708
-0.509875664099
-0.510603634582
-0.511330780108
-0.512057107429
-0.512782627053
-0.513507353195
-0.51423130372
-0.514954500087
-0.515676967287
-0.516398733775
-0.517119831402
-0.517840295338
-0.518560163991
-0.519279478925
-0.519998284768
-0.520716629122
-0.521434562459
-0.522152138023
-0.522869411716
-0.523586441987
-0.524303289713
-0.525020018078
-0.525736692438
-0.526453380195
-0.527170150654
-0.527887074883
-0.528604225563
-0.529321676835
-0.530039504146
-0.530757784086
-0.531476594221
-0.532196012925
-0.532916119206
-0.533636992524
-0.534358712617
-0.535081359308
-0.535805012322
-0.536529751094
-0.537255654569
-0.537982801015
-0.538711267815
-0.539441131269
-0.540172466392
-0.540905346708
-0.541639844043
-0.542376028322
-0.543113967357
-0.543853726645
-0.544595369154
-0.545338955123
-0.546084541851
-0.546832183494
-0.547581930863
-0.548333831218
-0.549087928077
-0.549844261012
-0.55060286546
-0.551363772532
-0.552127008828
-0.552892596255
-0.553660551853
-0.554430887618
-0.555203610341
-0.555978721446
-0.556756216835
-0.557536086745
-0.558318315602
-0.559102881894
-0.559889758043
-0.560678910289
-0.561470298583
-0.562263876488
-0.56305959109
-0.563857382914
-0.564657185858
-0.565458927134
-0.566262527212
-0.567067899791
-0.567874951761
-0.568683583197
-0.569493687349
-0.570305150647
-0.571117852728
-0.571931666462
-0.572746457995
-0.573562086812
-0.574378405798
-0.575195261329
-0.576012493359
-0.576829935531
-0.577647415301
-0.578464754067
-0.579281767321
-0.580098264804
-0.580914050684
-0.58172892374
-0.58254267756
-0.583355100755
-0.584165977184
-0.584975086189
-0.585782202843
-0.586587098217
-0.587389539647
-0.588189291025
-0.58898611309
-0.58977976374
-0.590569998346
-0.591356570086
-0.592139230277
-0.592917728732
-0.593691814109
-0.594461234284
-0.595225736724
-0.595985068867
-0.596738978518
-0.597487214242
-0.59822952577
-0.598965664405
-0.599695383443
-0.600418438585
-0.601134588368
-0.601843594587
-0.602545222725
-0.603239242389
-0.603925427739
-0.604603557928
-0.60527341753
-0.605934796979
-0.606587493001
-0.607231309046
-0.607866055715
-0.608491551185
-0.609107621632
-0.609714101646
-0.610310834644
-0.610897673271
-0.611474479803
-0.612041126532
-0.61259749615
-0.613143482122
-0.613678989049
-0.614203933019
-0.614718241949
-0.615221855911
-0.615714727454
-0.616196821902
-0.616668117648
-0.617128606422
-0.617578293558
-0.618017198232
-0.618445353691
-0.618862807463
-0.619269621551
-0.619665872605
-0.62005165208
-0.620427066373
-0.620792236937
-0.621147300382
-0.62149240855
-0.621827728573
-0.622153442904
-0.622469749335
-0.622776860985
-0.623075006273
-0.62336442886
-0.623645387581
-0.623918156341
-0.624183023995
-0.624440294208
-0.624690285286
-0.624933329985
-0.625169775298
-0.625399982224
-0.625624325502
-0.625843193335
-0.626056987084
-0.626266120939
-0.626471021571
-0.626672127762
-0.626869890009
-0.627064770113
-0.627257240738
-0.627447784959
-0.627636895782
-0.627825075648
-0.628012835917
-0.628200696332
-0.628389184467
-0.628578835153
-0.628770189891
-0.628963796249
-0.629160207236
-0.629359980674
-0.629563678539
-0.629771866304
-0.629985112261
-0.630203986828
-0.630429061857
-0.630660909918
-0.630900103582
-0.631147214692
-0.63140281363
-0.631667468572
-0.631941744745
-0.632226203666
-0.632521402397
-0.632827892777
-0.633146220667
-0.633476925186
-0.633820537953
-0.634177582323
-0.634548572635
-0.634934013456
-0.635334398832
-0.635750211544
-0.636181922372
-0.636629989368
-0.637094857128
-0.63757695609
-0.638076701827
-0.638594494361
-0.639130717487
-0.639685738111
-0.640259905601
-0.640853551156
-0.641466987189
-0.642100506731
-0.642754382849
-0.643428868087
-0.644124193925
-0.644840570257
-0.645578184897
-0.6463372031
-0.647117767112
-0.647919995737
-0.648743983939
-0.64958980246
-0.650457497467
-0.651347090224
-0.652258576796
-0.653191927776
-0.654147088039
-0.655123976527
-0.656122486064
-0.657142483195
-0.658183808061
-0.6592462743
-0.660329668975
-0.661433752541
-0.662558258835
-0.663702895098
-0.664867342028
-0.666051253867
-0.667254258511
-0.66847595766
-0.66971592699
-0.67097371636
-0.672248850049
-0.673540827023
-0.674849121229
-0.676173181919
-0.677512434009
-0.678866278459
-0.680234092687
-0.681615231003
-0.683009025085
-0.684414784464
-0.685831797048
-0.687259329668
-0.688696628648
-0.690142920401
-0.691597412047
-0.693059292056
-0.694527730913
-0.696001881801
-0.697480881311
-0.698963850165
-0.700449893966
-0.701938103954
-0.703427557794
-0.704917320368
-0.70640644459
-0.70789397223
-0.709378934754
-0.710860354176
-0.712337243925
-0.71380860971
-0.715273450413
-0.716730758971
-0.71817952328
-0.719618727095
-0.721047350944
-0.722464373034
-0.723868770173
-0.725259518683
-0.726635595322
-0.727995978199
-0.729339647689
-0.730665587351
-0.731972784835
-0.733260232787
-0.734526929749
-0.735771881055
-0.736994099711
-0.738192607276
-0.739366434726
-0.740514623309
-0.741636225396
-0.742730305303
-0.743795940117
-0.744832220496
-0.74583825146
-0.746813153161
-0.747756061642
-0.748666129572
-0.749542526966
-0.750384441887
-0.751191081127
-0.751961670862
-0.752695457298
-0.753391707281
-0.754049708898
-0.754668772041
-0.755248228963
-0.755787434798
-0.756285768059
-0.756742631117
-0.757157450651
-0.757529678066
-0.7578587899
-0.75814428819
-0.758385700822
-0.758582581848
-0.758734511781
-0.758841097861
-0.75890197429
-0.758916802452
-0.758885271092
-0.758807096476
-0.758682022526
-0.758509820918
-0.758290291169
-0.75802326068
-0.757708584767
-0.757346146658
-0.756935857466
-0.756477656141
-0.755971509385
-0.755417411558
-0.754815384545
-0.754165477611
-0.753467767221
-0.752722356847
-0.751929376744
-0.751088983711
-0.750201360825
-0.749266717158
-0.748285287469
-0.74725733188
-0.746183135531
-0.745063008218
-0.743897284011
-0.742686320855
-0.741430500156
-0.740130226353
-0.738785926466
-0.737398049641
-0.735967066676
-0.734493469533
-0.732977770838
-0.731420503374
-0.729822219559
-0.728183490916
-0.726504907534
-0.72478707752
-0.723030626445
-0.721236196783
-0.719404447341
-0.717536052692
-0.715631702593
-0.713692101409
-0.71171796753
-0.709710032785
-0.707669041857
-0.705595751699
-0.703490930945
-0.701355359329
-0.699189827098
-0.696995134436
-0.694772090884
-0.692521514767
-0.690244232627
-0.687941078657
-0.685612894145
-0.68326052692
-0.680884830809
-0.6784866651
-0.676066894013
-0.673626386179
-0.671166014126
-0.668686653783
-0.666189183983
-0.663674485983
-0.661143442995
-0.658596939724
-0.656035861924
-0.653461095957
-0.650873528374
-0.648274045504
-0.645663533054
-0.643042875722
-0.640412956831
-0.637774657967
-0.635128858634
-0.632476435925
-0.629818264203
-0.627155214802
-0.624488155732
-0.621817951409
-0.619145462395
-0.616471545147
-0.613797051787
-0.611122829884
-0.608449722248
-0.605778566742
-0.603110196101
-0.600445437773
-0.597785113766
-0.595130040512
-0.592481028745
-0.589838883388
-0.587204403456
-0.584578381971
-0.581961605885
-0.579354856022
-0.576758907027
-0.574174527321
-0.571602479081
-0.569043518214
-0.566498394355
-0.563967850865
-0.561452624843
-0.558953447145
-0.556471042416
-0.554006129122
-0.551559419597
-0.549131620092
-0.546723430837
-0.544335546104
-0.541968654277
-0.539623437927
-0.537300573896
-0.535000733382
-0.532724582027
-0.530472780013
-0.528245982155
-0.526044838005
-0.52386999195
-0.521722083317
-0.519601746477
-0.517509610952
-0.51544630152
-0.513412438321
-0.511408636964
-0.50943550863
-0.507493660178
-0.505583694243
-0.503706209342
-0.501861799964
-0.500051056672
-0.498274566186
-0.496532911479
-0.494826671853
-0.493156423023
-0.49152273719
-0.48992618311
-0.488367326159
-0.486846728392
-0.485364948593
-0.483922542325
-0.482520061968
-0.481158056753
-0.479837072786
-0.478557653073
-0.477320337526
-0.47612566297
-0.474974163142
-0.473866368674
-0.47280280708
-0.471784002726
-0.470810476795
-0.469882747241
-0.469001328742
-0.468166732634
-0.467379466845
