-0.910579332436
-0.910554363822
-0.910504427449
-0.910429524507
-0.910329656431
-0.910204824792
-0.910055031159
-0.909880276947
-0.909680563244
-0.909455890611
-0.909206258874
-0.908931666889
-0.908632112292
-0.908307591236
-0.907958098105
-0.907583625223
-0.907184162538
-0.906759697304
-0.906310213746
-0.905835692715
-0.905336111332
-0.904811442634
-0.904261655201
-0.903686712784
-0.903086573933
-0.902461191611
-0.901810512823
-0.901134478231
-0.90043302178
-0.899706070323
-0.898953543253
-0.898175352141
-0.897371400381
-0.896541582845
-0.895685785552
-0.89480388534
-0.893895749561
-0.89296123579
-0.892000191544
-0.891012454026
-0.889997849884
-0.888956194994
-0.88788729426
-0.886790941439
-0.885666918995
-0.884514997969
-0.883334937883
-0.882126486666
-0.880889380613
-0.879623344368
-0.87832809094
-0.877003321752
-0.875648726711
-0.874263984321
-0.872848761825
-0.871402715373
-0.869925490232
-0.868416721024
-0.866876031998
-0.865303037332
-0.863697341477
-0.862058539523
-0.860386217605
-0.858679953339
-0.856939316287
-0.85516386846
-0.853353164844
-0.85150675396
-0.849624178453
-0.847704975707
-0.845748678488
-0.843754815615
-0.84172291265
-0.839652492618
-0.837543076744
-0.835394185215
-0.833205337952
-0.830976055413
-0.8287058594
-0.826394273884
-0.824040825846
-0.821645046118
-0.819206470247
-0.81672463935
-0.814199100985
-0.811629410018
-0.809015129495
-0.806355831506
-0.803651098051
-0.800900521898
-0.798103707432
-0.795260271494
-0.792369844209
-0.789432069801
-0.786446607384
-0.783413131745
-0.7803313341
-0.777200922828
-0.774021624183
-0.770793182976
-0.767515363235
-0.764187948827
-0.760810744058
-0.75738357423
-0.75390628617
-0.750378748724
-0.746800853205
-0.743172513812
-0.739493668005
-0.735764276837
-0.731984325248
-0.728153822313
-0.724272801452
-0.720341320586
-0.716359462261
-0.712327333715
-0.70824506691
-0.704112818511
-0.699930769825
-0.695699126691
-0.691418119326
-0.687088002131
-0.682709053443
-0.678281575256
-0.673805892885
-0.669282354603
-0.664711331223
-0.660093215653
-0.6554284224
-0.650717387044
-0.645960565679
-0.641158434305
-0.636311488205
-0.631420241279
-0.626485225351
-0.621506989448
-0.616486099053
-0.61142313534
-0.606318694372
-0.601173386297
-0.595987834513
-0.590762674825
-0.585498554581
-0.580196131807
-0.574856074323
-0.569479058858
-0.564065770157
-0.558616900089
-0.553133146756
-0.547615213593
-0.542063808491
-0.536479642908
-0.530863431003
-0.525215888768
-0.519537733184
-0.513829681388
-0.508092449848
-0.502326753573
-0.496533305327
-0.490712814878
-0.484865988258
-0.478993527061
-0.473096127758
-0.467174481042
-0.461229271206
-0.455261175548
-0.449270863803
-0.443258997621
-0.437226230058
-0.431173205121
-0.425100557332
-0.419008911335
-0.412898881535
-0.406771071775
-0.400626075045
-0.394464473229
-0.388286836889
-0.382093725078
-0.375885685196
-0.369663252875
-0.363426951904
-0.357177294175
-0.350914779682
-0.344639896529
-0.338353120989
-0.332054917581
-0.325745739178
-0.31942602715
-0.313096211524
-0.306756711175
-0.300407934041
-0.294050277361
-0.287684127932
-0.281309862388
-0.274927847494
-0.268538440466
-0.262141989295
-0.255738833091
-0.249329302438
-0.242913719761
-0.236492399698
-0.230065649482
-0.223633769331
-0.217197052839
-0.210755787367
-0.204310254442
-0.197860730149
-0.191407485529
-0.18495078696
-0.178490896553
-0.172028072519
-0.165562569551
-0.15909463918
-0.15262453013
-0.146152488663
-0.139678758905
-0.133203583167
-0.126727202246
-0.120249855718
-0.113771782208
-0.107293219649
-0.100814405523
-0.0943355770865
-0.0878569715741
-0.081378826388
-0.0749013792679
-0.0684248684416
-0.0619495327579
-0.0554756117999
-0.04900334598
-0.0425329766156
-0.0360647459864
-0.0295988973732
-0.0231356750783
-0.016675324428
-0.0102180917576
-0.00376422437906
0.00268602946796
0.00913242068132
0.0155746993772
0.0220126149861
0.0284459163629
0.0348743519112
0.0412976697205
0.0477156177153
0.054127943817
0.0605343961148
0.0669347230488
0.0733286736009
0.0797159974946
0.086096445403
0.0924697691634
0.0988357219977
0.105194058739
0.111544536063
0.117886912722
0.124220949781
0.130546410864
0.136863062388
0.143170673815
0.149469017887
0.155757870877
0.162037012826
0.16830622779
0.174565304073
0.180814034473
0.187052216509
0.193279652654
0.199496150568
0.205701523314
0.211895589585
0.218078173914
0.224249106887
0.230408225348
0.236555372597
0.242690398587
0.248813160113
0.254923520996
0.261021352258
0.267106532297
0.273178947052
0.279238490164
0.285285063131
0.291318575456
0.297338944789
0.303346097067
0.309339966643
0.315320496416
0.321287637943
0.327241351564
0.333181606503
0.339108380977
0.345021662291
0.350921446933
0.35680774066
0.362680558583
0.368539925241
0.374385874672
0.380218450484
0.38603770591
0.391843703867
0.397636517005
0.403416227749
0.409182928338
0.414936720859
0.420677717271
0.426406039422
0.432121819067
0.437825197871
0.443516327408
0.44919536915
0.454862494457
0.460517884546
0.466161730461
0.471794233029
0.477415602814
0.483026060051
0.488625834578
0.494215165753
0.499794302366
0.505363502532
0.510923033578
0.516473171915
0.522014202899
0.52754642068
0.533070128032
0.538585636176
0.544093264588
0.549593340785
0.555086200107
0.560572185474
0.566051647136
0.5715249424
0.576992435346
0.582454496523
0.587911502633
0.593363836194
0.59881188519
0.604256042704
0.609696706532
0.615134278781
0.620569165455
0.626001776021
0.63143252296
0.6368618213
0.642290088139
0.647717742151
0.653145203073
0.658572891188
0.664001226783
0.669430629605
0.674861518301
0.680294309841
0.685729418943
0.69116725748
0.696608233875
0.702052752503
0.707501213071
0.712954010002
0.71841153181
0.723874160475
0.729342270815
0.734816229857
0.740296396207
0.745783119426
0.751276739407
0.756777585753
0.762285977168
0.76780222085
0.773326611893
0.778859432702
0.784400952416
0.789951426346
0.795511095425
0.801080185678
0.806658907698
0.812247456157
0.817846009318
0.823454728581
0.829073758043
0.834703224086
0.840343234983
0.845993880536
0.851655231731
0.857327340432
0.863010239087
0.868703940478
0.874408437489
0.88012370291
0.885849689268
0.891586328691
0.897333532799
0.903091192637
0.908859178623
0.914637340548
0.920425507587
0.926223488362
0.932031071021
0.937848023359
0.943674092962
0.949509007394
0.955352474397
0.961204182142
0.96706379949
0.972930976295
0.978805343726
0.984686514627
0.990574083889
0.99646762886
1.00236670977
1.00827087019
1.01417963748
1.02009252333
1.02600902424
1.03192862203
1.03785078445
1.0437749657
1.049700607
1.05562713722
1.06155397343
1.06748052156
1.07340617697
1.07933032513
1.08525234219
1.09117159565
1.09708744499
1.10299924232
1.10890633296
1.11480805615
1.12070374563
1.12659273027
1.13247433472
1.13834787999
1.14421268409
1.15006806257
1.15591332917
1.16174779637
1.16757077595
1.17338157953
1.17917951914
1.18496390772
1.19073405963
1.19648929118
1.20222892106
1.20795227084
1.21365866542
1.21934743343
1.22501790771
1.23066942566
1.23630132966
1.24191296743
1.24750369239
1.25307286401
1.25861984818
1.26414401745
1.26964475141
1.27512143696
1.2805734686
1.2860002487
1.2914011878
1.29677570481
1.30212322736
1.30744319196
1.31273504429
1.31799823945
1.32323224219
1.32843652715
1.33361057912
1.33875389327
1.34386597542
1.34894634226
1.35399452167
1.35901005294
1.36399248705
1.36894138701
1.37385632811
1.37873689824
1.38358269826
1.38839334228
1.39316845807
1.39790768742
1.40261068653
1.40727712641
1.41190669337
1.41649908937
1.42105403262
1.42557125798
1.43005051749
1.43449158098
1.43889423653
1.44325829115
1.44758357132
1.45186992364
1.4561172155
1.46032533574
1.46449419534
1.46862372816
1.47271389165
1.47676466761
1.48077606301
1.48474811073
1.48868087038
1.49257442917
1.49642890268
1.50024443581
1.50402120353
1.50775941185
1.51145929867
1.51512113464
1.51874522413
1.52233190603
1.52588155473
1.52939458098
1.53287143278
1.53631259627
1.53971859662
1.5430899989
1.54642740892
1.54973147407
1.55300288417
1.55624237225
1.55945071532
1.56262873519
1.56577729911
1.56889732055
1.57198975981
1.5750556247
1.57809597111
1.58111190359
1.58410457583
1.5870751912
1.59002500311
1.59295531543
1.59586748283
1.59876291103
1.60164305705
1.60450942938
1.60736358809
1.61020714489
1.61304176311
1.61586915766
1.6186910949
1.62150939243
1.62432591884
1.6271425934
1.62996138565
1.63278431496
1.63561344999
1.63845090812
1.64129885475
1.64415950258
1.64703511085
1.64992798438
1.65284047273
1.6557749691
1.65873390932
1.66171977064
1.66473507059
1.66778236563
1.67086424983
1.67398335347
1.67714234153
1.68034391218
1.68359079519
1.68688575022
1.69023156515
1.69363105428
1.69708705649
1.70060243338
1.70418006732
1.70782285947
1.71153372773
1.71531560468
1.71917143543
1.72310417551
1.72711678858
1.73121224427
1.73539351587
1.739663578
1.74402540432
1.74848196512
1.75303622496
1.75769114024
1.76244965678
1.76731470733
1.77228920916
1.77737606155
1.78257814329
1.7878983102
1.79333939261
1.79890419288
1.80459548284
1.81041600136
1.81636845177
1.82245549941
1.82867976914
1.83504384283
1.84155025694
1.84820150003
1.85500001036
1.86194817345
1.86904831972
1.87630272207
1.88371359361
1.89128308526
1.89901328353
1.90690620823
1.91496381024
1.92318796935
1.93158049207
1.94014310952
1.94887747537
1.95778516377
1.96686766738
1.97612639539
1.98556267164
1.9951777327
2.00497272612
2.01494870861
2.02510664432
2.03544740318
2.0459717593
2.05668038934
2.06757387105
2.07865268179
2.08991719711
2.1013676894
2.11300432661
2.12482717099
2.13683617792
2.14903119479
2.16141195993
2.17397810158
2.186729137
2.19966447155
2.21278339787
2.22608509513
2.23956862832
2.25323294763
2.26707688787
2.28109916794
2.29529839043
2.30967304121
2.32422148912
2.3389419857
2.35383266503
2.36889154363
2.38411652033
2.39950537634
2.41505577533
2.43076526351
2.44663126991
2.46265110661
2.47882196909
2.49514093664
2.5116049728
2.52821092596
2.54495552988
2.56183540443
2.5788470563
2.59598687976
2.61325115758
2.63063606191
2.64813765532
2.66575189181
2.68347461795
2.70130157407
2.71922839548
2.7372506138
2.75536365832
2.77356285744
2.79184344012
2.8102005375
2.82862918442
2.84712432118
2.86568079519
2.88429336278
2.90295669104
2.92166535972
2.94041386313
2.9591966122
2.97800793649
2.99684208629
3.01569323481
3.03455548033
3.05342284848
3.07228929452
3.09114870569
3.10999490359
3.12882164661
3.14762263237
3.16639150029
3.18512183407
3.20380716432
3.22244097117
3.24101668694
3.25952769879
3.2779673515
3.29632895019
3.31460576309
3.33279102443
3.35087793717
3.36885967596
3.38672938999
3.4044802059
3.42210523072
3.43959755485
3.45695025499
3.47415639717
3.49120903975
3.50810123643
3.52482603929
3.54137650187
3.55774568218
3.57392664582
3.58991246905
3.60569624184
3.621271071
3.6366300833
3.65176642852
3.66667328259
3.6813438507
3.6957713704
3.70994911471
3.72387039523
3.73752856527
3.7509170229
3.76402921411
3.77685863586
3.78939883917
3.80164343223
3.81358608344
3.8252205245
3.83654055343
3.84754003764
3.85821291693
3.86855320655
3.87855500014
3.88821247277
3.89751988389
3.90647158028
3.91506199897
3.92328567019
3.93113722023
3.93861137435
3.94570295957
3.95240690758
3.95871825744
3.96463215845
3.97014387284
3.97524877848
3.97994237162
3.98422026949
3.98807821293
3.99151206902
3.99451783357
3.99709163365
3.9992297301
4.00092851989
4.00218453857
4.00299446257
4.0033551115
4.00326345041
4.00271659198
4.00171179864
4.00024648467
3.99831821823
3.99592472333
3.9930638817
3.98973373471
3.98593248505
3.98165849851
3.97691030559
3.97168660307
3.96598625546
3.95980829649
3.95315193034
3.94601653297
3.93840165323
3.93030701394
3.92173251291
3.91267822375
3.90314439674
3.89313145951
3.88264001761
3.87167085501
3.86022493452
3.84830339804
3.83590756675
3.82303894119
3.80969920117
3.79589020565
3.78161399244
3.7668727778
3.75166895593
3.73600509834
3.71988395306
3.7033084438
3.68628166889
3.66880690018
3.65088758177
3.63252732861
3.61372992499
3.59449932289
3.57483964021
3.55475515885
3.5342503227
3.51332973547
3.49199815839
3.47026050782
3.44812185266
3.42558741175
3.40266255103
3.37935278064
3.35566375188
3.33160125408
3.30717121129
3.28237967895
3.25723284033
3.23173700299
3.205898595
3.17972416119
3.15322035919
3.12639395541
3.09925182099
3.07180092753
3.04404834287
3.0160012267
2.98766682611
2.95905247109
2.93016556997
2.90101360474
2.87160412636
2.84194475001
2.81204315031
2.78190705643
2.75154424721
2.7209625463
2.69016981713
2.65917395805
2.62798289724
2.59660458782
2.5650470028
2.5333181301
2.5014259676
2.46937851813
2.43718378453
2.40484976476
2.37238444698
2.33979580469
2.30709179193
2.27428033853
2.24136934538
2.20836667978
2.17528017086
2.14211760506
2.10888672171
2.07559520865
2.04225069796
2.00886076177
1.97543290819
1.94197457729
1.90849313725
1.87499588056
1.84149002035
1.80798268684
1.77448092392
1.74099168582
1.70752183394
1.6740781338
1.64066725207
1.60729575383
1.57397009991
1.5406966443
1.50748163188
1.47433119609
1.44125135686
1.40824801869
1.37532696878
1.34249387541
1.30975428641
1.27711362776
1.24457720238
1.21215018905
1.17983764144
1.14764448732
1.11557552789
1.08363543727
1.05182876214
1.02015992143
0.988633206265
0.957252779962
0.926022678184
0.894946809218
0.864028954376
0.83327276852
0.802681780702
0.772259394923
0.742008891002
0.711933425552
0.68203603306
0.652319627076
0.622787001482
0.593440831873
0.564283677014
0.535317980382
0.506546071797
0.477970169117
0.449592380016
0.42141470382
0.39343903341
0.365667157186
0.338100761073
0.310741430593
0.28359065297
0.256649819277
0.229920226621
0.203403080361
0.177099496348
0.151010503194
0.125137044555
0.0994799814269
0.0740400944618
0.0488180862775
0.0238145837787
-0.000969859526954
-0.0255347612171
-0.0498797076512
-0.07400435168
-0.0979084103702
-0.121591662747
-0.145053947562
-0.168295161078
-0.191315254894
-0.214114233787
-0.236692153599
-0.259049119151
-0.281185282196
-0.303100839418
-0.324796030464
-0.34627113603
-0.367526475978
-0.388562407519
-0.409379323424
-0.429977650302
-0.450357846919
-0.470520402571
-0.49046583551
-0.510194691423
-0.529707541964
-0.549004983346
-0.568087634975
-0.586956138153
-0.605611154827
-0.624053366394
-0.642283472563
-0.660302190269
-0.67811025264
-0.695708408023
-0.713097419053
-0.730278061784
-0.747251124862
-0.764017408759
-0.780577725043
-0.796932895708
-0.813083752548
-0.82903113657
-0.844775897463
-0.860318893104
-0.875660989104
-0.890803058405
-0.905745980903
-0.920490643118
-0.935037937901
-0.949388764171
-0.963544026687
-0.977504635857
-0.991271507568
-1.00484556306
-1.01822772879
-1.03141893641
-1.04442012263
-1.05723222925
-1.0698562031
-1.08229299607
-1.09454356514
-1.10660887239
-1.11848988508
-1.13018757572
-1.14170292213
-1.15303690756
-1.16419052078
-1.17516475619
-1.18596061393
-1.19657910001
-1.20702122647
-1.21728801145
-1.22738047937
-1.23729966105
-1.24704659384
-1.25662232178
-1.26602789569
-1.27526437333
-1.28433281953
-1.29323430629
-1.30196991291
-1.31054072611
-1.3189478401
-1.3271923567
-1.33527538544
-1.34319804362
-1.35096145637
-1.35856675673
-1.3660150857
-1.37330759227
-1.38044543345
-1.38742977428
-1.39426178786
-1.40094265532
-1.40747356578
-1.41385571637
-1.42009031216
-1.42617856609
-1.4321216989
-1.43792093908
-1.44357752272
-1.44909269344
-1.45446770227
-1.45970380745
-1.46480227437
-1.46976437534
-1.47459138943
-1.47928460229
-1.48384530595
-1.48827479857
-1.49257438426
-1.49674537281
-1.50078907944
-1.50470682455
-1.50849993341
-1.51216973593
-1.51571756629
-1.51914476272
-1.52245266707
-1.52564262459
-1.52871598352
-1.53167409476
-1.53451831154
-1.53724998901
-1.5398704839
-1.54238115414
-1.54478335844
-1.54707845594
-1.54926780578
-1.55135276671
-1.55333469667
-1.5552149524
-1.55699488899
-1.55867585948
-1.56025921443
-1.56174630149
-1.56313846499
-1.56443704551
-1.56564337943
-1.56675879852
-1.56778462953
-1.56872219374
-1.56957280654
-1.57033777705
-1.57101840764
-1.57161599359
-1.57213182263
-1.57256717458
-1.57292332092
-1.57320152445
-1.57340303887
-1.57352910842
-1.57358096755
-1.57355984052
-1.57346694109
-1.5733034722
-1.5730706256
-1.5727695816
-1.57240150873
-1.57196756348
-1.57146889004
-1.57090662001
-1.5702818722
-1.56959575235
-1.56884935298
-1.56804375315
-1.56718001829
-1.56625920005
-1.56528233612
-1.56425045013
-1.56316455152
-1.56202563545
-1.5608346827
-1.55959265963
-1.55830051813
-1.55695919556
-1.5555696148
-1.55413268417
-1.55264929755
-1.55112033434
-1.54954665955
-1.5479291239
-1.54626856384
-1.54456580172
-1.5428216459
-1.54103689084
-1.53921231734
-1.53734869262
-1.53544677054
-1.53350729182
-1.53153098419
-1.52951856267
-1.52747072977
-1.52538817572
-1.52327157877
-1.52112160543
-1.51893891071
-1.51672413848
-1.5144779217
-1.51220088272
-1.50989363361
-1.50755677645
-1.50519090364
-1.50279659824
-1.50037443426
-1.49792497699
-1.49544878331
-1.49294640204
-1.49041837424
-1.48786523351
-1.48528750635
-1.48268571242
-1.48006036488
-1.4774119707
-1.47474103089
-1.47204804089
-1.46933349074
-1.46659786542
-1.46384164511
-1.46106530538
-1.45826931751
-1.45545414864
-1.45262026205
-1.44976811731
-1.44689817048
-1.44401087431
-1.44110667835
-1.43818602914
-1.43524937029
-1.43229714262
-1.42932978425
-1.42634773066
-1.42335141476
-1.42034126692
-1.41731771501
-1.41428118439
-1.41123209789
-1.40817087581
-1.40509793585
-1.40201369303
-1.39891855964
-1.3958129451
-1.39269725588
-1.38957189535
-1.3864372636
-1.3832937573
-1.38014176955
-1.37698168958
-1.37381390266
-1.37063878977
-1.36745672742
-1.36426808738
-1.36107323639
-1.35787253592
-1.35466634188
-1.35145500429
-1.348238867
-1.34501826739
-1.341793536
-1.33856499627
-1.33533296417
-1.33209774785
-1.32885964736
-1.32561895425
-1.32237595129
-1.31913091206
-1.31588410068
-1.31263577145
-1.3093861685
-1.3061355255
-1.30288406532
-1.29963199973
-1.29637952905
-1.29312684194
-1.28987411505
-1.28662151276
-1.28336918692
-1.28011727665
-1.27686590802
-1.27361519392
-1.27036523379
-1.26711611349
-1.26386790513
-1.2606206669
-1.25737444295
-1.2541292633
-1.25088514378
-1.2476420859
-1.24440007691
-1.24115908969
-1.23791908284
-1.23468000067
-1.23144177326
-1.22820431659
-1.2249675326
-1.22173130935
-1.2184955212
-1.21526002898
-1.21202468022
-1.20878930937
-1.2055537381
-1.2023177756
-1.19908121888
-1.19584385312
-1.19260545208
-1.18936577847
-1.18612458438
-1.18288161176
-1.17963659286
-1.17638925075
-1.17313929985
-1.16988644646
-1.16663038935
-1.16337082033
-1.16010742486
-1.15683988271
-1.15356786855
-1.15029105269
-1.1470091017
-1.14372167914
-1.14042844626
-1.13712906273
-1.13382318739
-1.13051047897
-1.12719059686
-1.12386320189
-1.1205279571
-1.11718452848
-1.11383258582
-1.11047180343
-1.10710186097
-1.10372244422
-1.10033324585
-1.09693396623
-1.0935243142
-1.09010400783
-1.08667277519
-1.08323035508
-1.07977649783
-1.07631096598
-1.07283353501
-1.06934399405
-1.06584214657
-1.06232781102
-1.05880082151
-1.05526102843
-1.05170829903
-1.04814251803
-1.04456358817
-1.0409714307
-1.03736598595
-1.03374721375
-1.03011509388
-1.02646962649
-1.02281083247
-1.01913875381
-1.01545345387
-1.0117550177
-1.00804355225
-1.00431918656
-1.00058207195
-0.996832382126
-0.993070313238
-0.989296083963
-0.985509935476
-0.981712131421
-0.97790295782
-0.97408272295
-0.970251757173
-0.966410412726
-0.962559063465
-0.958698104566
-0.954827952185
-0.950949043074
-0.947061834153
-0.943166802041
-0.939264442545
-0.935355270103
-0.931439817192
-0.927518633689
-0.923592286198
-0.919661357328
-0.915726444944
-0.911788161371
-0.907847132564
-0.903903997244
-0.899959405996
-0.896014020334
-0.892068511739
-0.888123560653
-0.884179855459
-0.880238091423
-0.876298969608
-0.872363195772
-0.868431479232
-0.864504531714
-0.860583066178
-0.856667795631
-0.852759431914
-0.848858684483
-0.844966259175
-0.841082856965
-0.83720917271
-0.83334589389
-0.82949369935
-0.825653258029
-0.821825227699
-0.818010253701
-0.814208967691
-0.810421986385
-0.806649910323
-0.802893322637
-0.799152787834
-0.795428850603
-0.791722034626
-0.788032841425
-0.784361749221
-0.780709211824
-0.777075657547
-0.773461488155
-0.769867077837
-0.766292772221
-0.762738887419
-0.759205709114
-0.755693491684
-0.752202457372
-0.748732795493
-0.745284661697
-0.741858177269
-0.738453428486
-0.735070466022
-0.731709304405
-0.728369921531
-0.725052258228
-0.721756217884
-0.718481666124
-0.715228430559
-0.711996300579
-0.708785027223
-0.705594323098
-0.702423862372
-0.69927328082
-0.696142175943
-0.693030107146
-0.689936595981
-0.686861126457
-0.683803145418
-0.680762062974
-0.677737253016
-0.674728053775
-0.671733768462
-0.668753665963
-0.665786981598
-0.662832917948
-0.659890645736
-0.656959304775
-0.654038004974
-0.651125827398
-0.648221825395
-0.645325025771
-0.642434430021
-0.639549015615
-0.636667737334
-0.633789528655
-0.630913303187
-0.628037956142
-0.625162365868
-0.6222853954
-0.619405894074
-0.616522699157
-0.613634637527
-0.610740527372
-0.607839179931
-0.604929401248
-0.602009993964
-0.599079759119
-0.596137497977
-0.593182013869
-0.590212114043
-0.587226611532
-0.584224327018
-0.581204090709
-0.578164744218
-0.575105142429
-0.572024155371
-0.568920670077
-0.565793592431
-0.562641849007
-0.559464388887
-0.556260185459
-0.553028238193
-0.549767574394
-0.54647725092
-0.543156355876
-0.539804010271
-0.536419369635
-0.5330016256
-0.529550007442
-0.52606378357
-0.522542262973
-0.51898479662
-0.515390778804
-0.51175964843
-0.508090890255
-0.504384036059
-0.500638665767
-0.496854408498
-0.493030943561
-0.489168001375
-0.485265364327
-0.481322867567
-0.477340399719
-0.473317903536
-0.469255376474
-0.465152871191
-0.461010495985
-0.456828415139
-0.452606849204
-0.448346075203
-0.444046426753
-0.43970829412
-0.435332124192
-0.43091842037
-0.426467742395
-0.421980706088
-0.417457983021
-0.412900300103
-0.408308439106
-0.403683236101
-0.399025580833
-0.394336416016
-0.389616736558
-0.384867588722
-0.380090069206
-0.375285324167
-0.370454548176
-0.365598983101
-0.360719916938
-0.355818682574
-0.350896656493
-0.345955257423
-0.340995944931
-0.336020217962
-0.331029613328
-0.326025704146
-0.321010098233
-0.315984436455
-0.310950391034
-0.305909663814
-0.300863984495
-0.295815108828
-0.290764816778
-0.285714910666
-0.280667213269
-0.275623565915
-0.270585826539
-0.265555867737
-0.260535574789
-0.25552684368
-0.250531579109
-0.245551692482
-0.240589099915
-0.235645720218
-0.230723472896
-0.225824276141
-0.220950044834
-0.216102688559
-0.211284109622
-0.206496201087
-0.201740844832
