-0.895781991642
-0.884754668477
-0.884683208674
-0.884564156749
-0.884397584219
-0.884183591019
-0.8839223053
-0.883613883182
-0.883258508454
-0.882856392216
-0.882407772468
-0.881912913659
-0.881372106171
-0.880785665767
-0.880153932986
-0.879477272496
-0.878756072403
-0.877990743516
-0.87718171858
-0.876329451462
-0.875434416313
-0.874497106688
-0.873518034644
-0.872497729801
-0.871436738387
-0.870335622259
-0.869194957896
-0.868015335386
-0.86679735739
-0.8655416381
-0.864248802185
-0.860270281565
-0.85889741036
-0.857492306028
-0.85605577461
-0.854588623856
-0.853091661539
-0.851565693788
-0.85001152345
-0.848429948475
-0.846821760339
-0.845187742501
-0.843528668907
-0.841845302527
-0.840138393956
-0.838408680057
-0.836656882658
-0.834883707316
-0.833089842138
-0.831275956658
-0.829442700799
-0.827590703881
-0.825720573719
-0.823832895781
-0.821928232427
-0.820007122219
-0.818070079307
-0.816117592896
-0.814150126788
-0.812168119001
-0.81017198147
-0.80707602105
-0.80479102759
-0.802496097228
-0.800192253607
-0.797880489702
-0.795561766298
-0.79323701053
-0.79090711449
-0.788572933921
-0.78623528698
-0.78389495308
-0.781552671815
-0.779209141974
-0.776865020628
-0.774520922311
-0.772177418293
-0.769835035929
-0.767494258111
-0.765155522796
-0.762819222642
-0.760485704715
-0.7581552703
-0.755828174799
-0.753504627713
-0.751184792721
-0.748868787839
-0.746556685673
-0.744248513748
-0.741944254931
-0.739643847926
-0.734511348837
-0.731963906832
-0.72940707043
-0.726841137227
-0.724266384302
-0.721683067898
-0.719091423128
-0.716491663698
-0.713883981672
-0.711268547243
-0.708645508541
-0.706014991469
-0.703377099555
-0.700731913836
-0.698079492771
-0.695419872172
-0.692753065166
-0.690079062187
-0.687397830982
-0.684709316656
-0.682013441734
-0.679310106254
-0.676599187883
-0.673880542059
-0.671154002157
-0.668419379686
-0.665676464504
-0.662925025059
-0.66016480866
-0.657395541767
-0.65080964048
-0.647827955864
-0.644824819724
-0.641800332802
-0.638754588756
-0.635687673564
-0.632599664949
-0.629490631824
-0.626360633752
-0.623209720438
-0.620037931235
-0.616845294686
-0.613631828088
-0.610397537085
-0.607142415298
-0.603866443983
-0.600569591721
-0.597251814151
-0.59391305373
-0.590553239538
-0.587172287118
-0.583770098356
-0.580346561402
-0.57690155063
-0.573434926642
-0.569946536316
-0.566436212886
-0.562903776081
-0.559349032291
-0.555771774785
-0.543054910513
-0.538829759153
-0.53455944892
-0.530244753423
-0.525886498947
-0.521485561336
-0.517042862728
-0.512559368157
-0.508036082048
-0.503474044603
-0.498874328106
-0.494238033155
-0.489566284834
-0.484860228846
-0.480121027615
-0.475349856384
-0.470547899306
-0.46571634556
-0.460856385498
-0.455969206834
-0.451055990904
-0.446117908993
-0.441156118755
-0.436171760733
-0.431165954996
-0.426139797896
-0.421094358975
-0.416030678009
-0.410949762215
-0.405852583634
-0.403865467896
-0.399015542781
-0.394175723186
-0.389345710297
-0.384525008714
-0.37971293071
-0.374908601612
-0.370110966262
-0.365318796519
-0.360530699764
-0.35574512836
-0.350960390004
-0.346174658925
-0.341385987846
-0.336592320662
-0.331791505743
-0.326981309799
-0.322159432218
-0.317323519811
-0.312471181855
-0.307600005371
-0.302707570542
-0.297791466178
-0.292849305148
-0.287878739685
-0.282877476478
-0.277843291474
-0.272774044281
-0.267667692123
-0.26252230324
-0.228292475884
-0.222582911324
-0.216854481351
-0.211108677813
-0.205347000653
-0.199570953696
-0.193782040429
-0.187981759782
-0.182171601926
-0.176353044108
-0.170527546519
-0.164696548235
-0.158861463217
-0.153023676403
-0.147184539893
-0.141345369247
-0.135507439902
-0.129671983726
-0.12384018571
-0.118013180826
-0.112192051037
-0.106377822493
-0.100571462908
-0.0947738791252
-0.0889859148866
-0.0832083488095
-0.0774418925742
-0.071687189332
-0.0659448123372
-0.060215263806
-0.0543233716686
-0.0487348156902
-0.0431354845718
-0.0375254860214
-0.0319049296496
-0.0262739270814
-0.0206325920633
-0.0149810405667
-0.00931939088615
-0.00364776373372
0.0020337176718
0.00772492751989
0.0134257373281
0.0191360158664
0.0248556290868
0.0305844400564
0.0363223088969
0.0420690927271
0.0478246456114
0.0535888185121
0.0593614592464
0.0651424124486
0.0709315195359
0.0767286186797
0.0825335447798
0.0883461294449
0.0941662009752
0.0999935843514
0.105828101225
0.111669569918
0.112716819886
0.118615556196
0.124512618485
0.130406914921
0.136297373717
0.142182948662
0.14806262455
0.153935422466
0.15980040492
0.16565668078
0.171503410007
0.177339808141
0.183165150528
0.188978776267
0.19478009185
0.200568574478
0.206343775039
0.212105320724
0.217852917277
0.223586350854
0.229305489494
0.235010284175
0.24070076947
0.246377063783
0.252039369158
0.257687970679
0.263323235444
0.268945611121
0.274555624097
0.280153877224
0.276956063594
0.283000897779
0.289050460848
0.295104495418
0.301162736114
0.307224909703
0.313290735266
0.319359924377
0.325432181309
0.331507203249
0.337584680545
0.343664296961
0.349745729949
0.355828650949
0.361912725696
0.367997614547
0.374082972822
0.380168451161
0.386253695899
0.39233834945
0.3984220507
0.404504435427
0.410585136712
0.416663785378
0.422740010429
0.428813439498
0.434883699305
0.440950416121
0.447013216237
0.453071726437
0.458907256025
0.46476457253
0.470615683423
0.476460344231
0.482298314384
0.488129357564
0.493953242062
0.499769741126
0.50557863332
0.511379702875
0.517172740038
0.522957541419
0.528733910342
0.53450165718
0.540260599699
0.546010563386
0.551751381782
0.557482896796
0.563204959029
0.56891742807
0.574620172804
0.580313071694
0.585996013066
0.591668895373
0.597331627452
0.602984128772
0.608626329664
0.614258171535
0.619879607076
0.625490600447
0.618727987593
0.624332622287
0.62992960354
0.635518955426
0.641100719861
0.646674956411
0.652241742066
0.65780117096
0.663353354048
0.668898418746
0.674436508527
0.679967782484
0.685492414851
0.691010594498
0.696522524382
0.702028420975
0.707528513654
0.713023044059
0.718512265429
0.723996441892
0.729475847739
0.734950766664
0.740421490968
0.745888320747
0.751351563048
0.756811530995
0.762268542904
0.767722921365
0.773174992313
0.778625084083
0.776689647081
0.781924996755
0.787162340021
0.792402135388
0.797644837264
0.802890895387
0.808140754279
0.813394852703
0.81865362316
0.823917491389
0.829186875901
0.834462187535
0.83974382904
0.845032194678
0.850327669852
0.855630630772
0.860941444127
0.866260466797
0.871588045581
0.876924516953
0.882270206831
0.88762543038
0.892990491822
0.89836568427
0.903751289573
0.909147578187
0.914554809045
0.919973229446
0.925403074958
0.93084456932
0.932636065412
0.938283571536
0.943939402445
0.9496029219
0.955273478405
0.960950408287
0.966633038842
0.972320691517
0.978012685104
0.983708338935
0.989406976058
0.995107926371
1.0008105297
1.0065141388
1.01221812228
1.01792186741
1.0236247828
1.029326301
1.03502588088
1.04072300995
1.04641720641
1.05210802116
1.05779503955
1.06347788295
1.06915621021
1.07482971885
1.08049814616
1.08616127
1.09181890953
1.09747092568
1.10323097394
1.10899684833
1.11476844725
1.12054567747
1.12632845492
1.1321167053
1.13791036476
1.14370938042
1.14951371095
1.15532332693
1.16113821123
1.16695835933
1.17278377945
1.17861449273
1.18445053321
1.19029194779
1.19613879611
1.20199115031
1.20784909473
1.21371272559
1.21958215049
1.22545748793
1.23133886677
1.2372264256
1.24312031203
1.24902068206
1.25492769922
1.26084153389
1.26676236238
1.27269036614
1.28628733333
1.29219796301
1.29811228101
1.30403052144
1.30995294015
1.3158798137
1.32181143825
1.32774812848
1.33369021653
1.33963805082
1.34559199504
1.35155242698
1.35751973757
1.36349432975
1.36947661748
1.37546702474
1.38146598455
1.38747393796
1.3934913331
1.3995186242
1.40555627063
1.41160473585
1.41766448644
1.42373599108
1.42981971939
1.4359161409
1.44202572388
1.44814893415
1.45428623384
1.46043808018
1.46839116585
1.47446689832
1.48056146938
1.48667584966
1.49281098066
1.4989677702
1.50514708798
1.51134976147
1.51757657199
1.52382825112
1.53010547742
1.53640887352
1.54273900353
1.54909637091
1.55548141666
1.56189451803
1.56833598758
1.57480607271
1.58130495564
1.58783275382
1.59438952077
1.60097524735
1.60758986346
1.61423324014
1.62090519204
1.62760548026
1.63433381555
1.6410898618
1.64787323983
1.65468353146
1.67139480013
1.67715916407
1.68292209302
1.68868592455
1.69445303652
1.70022584168
1.70600678204
1.7117983232
1.71760294857
1.72342315358
1.72926143971
1.73512030859
1.74100225603
1.74690976601
1.75284530479
1.75881131489
1.76481020926
1.77084436543
1.77691611977
1.78302776184
1.78918152886
1.79537960036
1.80162409289
1.80791705501
1.81426046237
1.82065621312
1.82710612339
1.83361192318
1.84017525238
1.84679765713
1.84548779822
1.85239063039
1.85934258569
1.86634414748
1.87339575708
1.88049781674
1.88765069281
1.89485471891
1.90211019924
1.90941741182
1.91677661177
1.92418803457
1.93165189924
1.93916841137
1.94673776612
1.95436015107
1.9620357488
1.96976473946
1.97754730301
1.98538362125
1.99327387976
2.00121826941
2.00921698778
2.01727024026
2.02537824087
2.03354121297
2.04175938948
2.05003301311
2.05836233613
2.06674762003
2.06729361506
2.07571618707
2.08422637294
2.09282519785
2.1015135835
2.11029234395
2.11916218161
2.12812368334
2.13717731672
2.1463234265
2.15556223129
2.16489382043
2.17431815121
2.18383504635
2.1934441918
2.20314513497
2.21293728323
2.22281990297
2.23279211894
2.24285291413
2.25300113005
2.26323546747
2.27355448762
2.28395661378
2.29444013329
2.30500319999
2.31564383698
2.3263599397
2.33714927931
2.34800950631
2.35974650744
2.37114141572
2.38257059901
2.39403073474
2.40551849707
2.41703055351
2.42856356071
2.44011415954
2.45167896976
2.46325458458
2.47483756529
2.4864244363
2.49801168084
2.50959573756
2.52117299831
2.53273980732
2.54429246191
2.55582721496
2.56734027925
2.57882783371
2.59028603167
2.60171101107
2.61309890662
2.6244458638
2.63574805451
2.6470016943
2.65820306096
2.66934851405
2.68043451547
2.69145765033
2.70033729766
2.71166916886
2.72293542825
2.73413115255
2.74525158887
2.75629218641
2.76724862733
2.77811685665
2.78889311069
2.79957394393
2.81015625378
2.82063730327
2.83101474121
2.84128661975
2.85145140909
2.86150800924
2.87145575879
2.8812944405
2.89102428373
2.90064596383
2.91016059834
2.91956974027
2.92887536843
2.93807987502
2.94718605071
2.95619706726
2.96511645804
2.97394809659
2.98269617356
2.9913651722
2.99632097172
3.00541238469
3.01448351185
3.02353641181
3.03257307107
3.04159543715
3.0506054497
3.05960506858
3.06859629732
3.07758120106
3.08656191814
3.09554066455
3.10451973112
3.11350147322
3.12248829328
3.13148261655
3.14048686081
3.14950340101
3.15853452989
3.16758241589
3.17664905962
3.18573625035
3.19484552391
3.20397812318
3.21313496265
3.2223165979
3.23152320105
3.24075454281
3.25000998157
3.25928845982
3.26809308786
3.27644464583
3.28478132565
3.29310353843
3.30141132693
3.30970430173
3.31798158566
3.32624176784
3.33448286881
3.3427023176
3.35089694111
3.3590629661
3.36719603345
3.37529122413
3.38334309596
3.3913457302
3.39929278635
3.40717756393
3.4149930695
3.42273208732
3.43038725204
3.43795112169
3.4454162497
3.45277525429
3.46002088414
3.46714607917
3.47414402555
3.4810082041
3.48773243153
3.49431089407
3.48730586866
3.49414721903
3.50084478953
3.50738757942
3.51376473798
3.51996568833
3.52598024174
3.53179869965
3.53741194082
3.54281149127
3.54798957539
3.55293914687
3.55765389857
3.56212825111
3.5663573205
3.57033686543
3.5740632157
3.5775331834
3.58074395914
3.58369299589
3.58637788331
3.58879621574
3.59094545717
3.59282280656
3.59442506698
3.5957485219
3.59678882175
3.59754088373
3.5979988076
3.59815580958
3.58091836116
3.57591985032
3.57045011119
3.56454795476
3.55825300157
3.55160506292
3.54464351727
3.5374066909
3.52993125198
3.52225162677
3.5143994469
3.50640303591
3.49828694287
3.4900715304
3.48177262348
3.47340122457
3.46496329988
3.45645964021
3.44788579901
3.439232109
3.43048377752
3.42162105957
3.41261950645
3.40345028647
3.39408057333
3.38447399657
3.37459114747
3.36439013305
3.35382716979
3.34285720823
3.31453068457
3.30435549905
3.29345778806
3.28174361007
3.26912658786
3.25552952077
3.24088579342
3.22514055406
3.20825164092
3.19019024032
3.17094126645
3.15050345856
3.12888919764
3.10612405041
3.08224605433
3.05730476275
3.03136007431
3.00448087472
2.97674352328
2.94823021903
2.91902728371
2.88922340003
2.8589078443
2.8281687518
2.79709145233
2.76575691111
2.73424030741
2.70260977986
2.67092536319
2.63923813654
2.60568761104
2.57622513638
2.54657989853
2.51675961071
2.48677083484
2.45661888352
2.42630772756
2.39583991412
2.36521650096
2.33443701201
2.30349941945
2.27240015672
2.24113416639
2.20969498614
2.17807487475
2.14626497932
2.11425554342
2.08203615489
2.04959603052
2.01692433368
1.98401051981
1.95084470347
1.91741803973
1.88372311169
1.84975431556
1.81550823401
1.78098398834
1.7461835603
1.71111207423
1.67577803116
1.61875021301
1.58388681356
1.54899150538
1.51408944719
1.47920558378
1.44436432714
1.40958925814
1.37490285434
1.34032624863
1.30587902263
1.2715790381
1.23744230834
1.20348291084
1.1697129414
1.13614250908
1.10277977021
1.06963099927
1.03670069321
1.00399170547
0.97150540527
0.93924185735
0.907200016943
0.875377934733
0.84377296641
0.812381981542
0.781201566737
0.750228218371
0.719458520616
0.688889305039
0.658517788659
0.632294181818
0.606936439484
0.581862167628
0.556979452513
0.532195574738
0.507418716228
0.482559642309
0.45753332584
0.432260481859
0.406668983256
0.38069513073
0.354284753524
0.327394121203
0.299990650812
0.272053398222
0.243573327034
0.214553353123
0.185008167596
0.154963845466
0.124457251701
0.093535260339
0.062253805962
0.0306767899868
-0.00112513316115
-0.0330758629118
-0.0650952239784
-0.0971003731368
-0.129007212061
-0.160731777486
-0.192191581166
-0.232505719335
-0.261963001969
-0.290882327381
-0.319240735817
-0.347018632131
-0.374199429875
-0.40076917791
-0.426716187659
-0.452030677741
-0.476704450871
-0.500730615492
-0.5241033619
-0.546817799569
-0.568869859245
-0.590256260204
-0.610974539934
-0.631023140688
-0.650401544714
-0.669110447876
-0.687151959633
-0.704529816238
-0.721249593438
-0.737318904937
-0.752747573511
-0.767547762777
-0.781734059258
-0.795323496457
-0.808335515081
-0.820791856189
-0.832716386903
-0.813906342948
-0.826285696122
-0.838302167608
-0.849976577231
-0.861328017064
-0.872373744239
-0.883129135825
-0.893607703106
-0.903821160983
-0.913779546778
-0.923491381506
-0.932963865688
-0.942203101029
-0.95121432887
-0.960002176105
-0.968570899408
-0.976924618956
-0.98506753351
-0.993004109547
-1.00073923821
-1.00827835511
-1.01562751921
-1.02279344878
-1.0297835134
-1.03660568294
-1.04326843544
-1.04978062746
-1.05615133137
-1.06238964536
-1.06850448246
-1.05470928223
-1.06025595291
-1.0658273211
-1.07144268332
-1.0771167885
-1.08285936812
-1.08867476239
-1.0945616524
-1.10051290634
-1.10651554539
-1.11255083255
-1.11859448512
-1.12461700924
-1.13058415218
-1.13645746565
-1.14219497129
-1.14775191715
-1.15308161202
-1.15813632294
-1.16286821958
-1.16723034805
-1.17117761613
-1.17466777099
-1.17766235086
-1.1801275919
-1.18203527233
-1.18336347677
-1.18409726504
-1.18422923103
-1.18375993945
-1.15417049512
-1.15061434859
-1.14694216544
-1.14319765182
-1.13942474526
-1.13566719621
-1.1319681492
-1.12836972896
-1.12491263676
-1.12163576205
-1.1185758141
-1.11576697843
-1.11324060186
-1.11102491022
-1.10914476164
-1.10762143833
-1.10647247892
-1.10571155283
-1.10534837772
-1.1053886802
-1.10583419976
-1.10668273483
-1.10792822975
-1.10956090067
-1.11156739799
-1.11393100258
-1.11663185254
-1.11964719711
-1.12295167391
-1.12651760573
-1.15051429163
-1.1522574953
-1.15400615164
-1.15575020433
-1.15747943645
-1.15918351747
-1.16085205137
-1.16247462571
-1.16404086204
-1.16554046757
-1.16696328829
-1.1682993633
-1.16953898067
-1.17067273433
-1.17169158209
-1.17258690436
-1.17335056344
-1.17397496271
-1.17445310559
-1.17477865351
-1.17494598238
-1.174950237
-1.17478738263
-1.17445425315
-1.17394859493
-1.17326910587
-1.17241546879
-1.17138837847
-1.17018956181
-1.16882179032
-1.13999455422
-1.13972888948
-1.13950247049
-1.13931018049
-1.13914642792
-1.13900520899
-1.13888017466
-1.13876470116
-1.13865196331
-1.13853500975
-1.13840683924
-1.13826047713
-1.13808905128
-1.13788586635
-1.13764447589
-1.13735875123
-1.13702294665
-1.1366317599
-1.13618038769
-1.13566457535
-1.13508066041
-1.1344256095
-1.13369704839
-1.13289328477
-1.13201332375
-1.13105687598
-1.13002435826
-1.12891688696
-1.12773626419
-1.12648495711
-1.1297287284
-1.12905768163
-1.12836817098
-1.12765968374
-1.12693177281
-1.12618405415
-1.12541620382
-1.12462795478
-1.12381909344
-1.122989456
-1.12213892482
-1.12126742465
-1.12037491894
-1.11946140626
-1.11852691682
-1.11757150921
-1.11659526736
-1.1155982977
-1.11458072667
-1.11354269849
-1.11248437321
-1.11140592511
-1.11030754134
-1.10918942086
-1.10805177372
-1.10689482043
-1.10571879171
-1.10452392833
-1.10331048111
-1.1020787111
-1.09942167771
-1.09746299582
-1.09550255356
-1.09354175184
-1.09158191392
-1.08962428769
-1.08767004833
-1.08572030126
-1.08377608528
-1.08183837566
-1.0799080873
-1.07798607762
-1.07607314925
-1.07417005231
-1.07227748632
-1.07039610155
-1.06852649988
-1.06666923502
-1.06482481221
-1.06299368723
-1.06117626486
-1.0593728968
-1.05758387906
-1.05580944888
-1.05404978129
-1.05230498544
-1.05057510065
-1.04886009245
-1.04715984869
-1.04547417576
-1.03645299017
-1.03529072245
-1.0341276709
-1.03296301864
-1.03179594515
-1.03062562878
-1.02945124907
-1.02827198889
-1.02708703656
-1.02589558773
-1.02469684718
-1.02349003055
-1.02227436588
-1.0210490952
-1.0198134759
-1.01856678219
-1.01730830636
-1.0160373602
-1.01475327618
-1.0134554088
-1.01214313587
-1.01081585974
-1.00947300862
-1.00811403787
-1.00673843129
-1.00534570243
-1.00393539587
-1.00250708854
-1.00106039096
-0.999594948492
-0.992692912427
-0.991353903543
-0.989999571492
-0.98862964827
-0.98724388344
-0.985842044409
-0.984423916756
-0.982989304611
-0.981538031054
-0.980069938519
-0.978584889182
-0.977082765322
-0.975563469619
-0.974026925379
-0.97247307667
-0.970901888342
-0.969313345926
-0.967707455389
-0.966084242745
-0.964443753512
-0.962786052002
-0.961111220465
-0.959419358063
-0.957710579704
-0.955985014737
-0.954242805517
-0.952484105864
-0.95070907943
-0.948917897995
-0.947110739726
-0.948760859041
-0.946823107876
-0.944873913239
-0.942913185963
-0.940940879209
-0.93895699369
-0.936961582149
-0.934954752992
-0.932936673008
-0.930907569114
-0.928867729098
-0.926817501332
-0.92475729347
-0.922687570142
-0.920608849699
-0.918521700053
-0.916426733714
-0.914324602085
-0.912215989148
-0.910101604647
-0.907982176891
-0.905858445316
-0.903731152934
-0.901601038812
-0.899468830709
-0.897335238002
-0.895200945018
-0.893066604898
-0.89093283407
-0.888800207437
-0.888091414841
-0.886047228104
-0.88400020485
-0.881950609362
-0.87989868916
-0.877844674396
-0.875788777403
-0.873731192378
-0.871672095211
-0.86961164346
-0.867549976471
-0.865487215632
-0.86342346476
-0.86135881062
-0.859293323548
-0.857227058195
-0.855160054351
-0.853092337862
-0.851023921613
-0.848954806562
-0.846884982827
-0.844814430785
-0.842743122201
-0.840671021354
-0.838598086143
-0.836524269191
-0.834449518895
-0.832373780454
-0.830296996842
-0.82821910972
-0.803258802704
-0.801204556384
-0.799152781318
-0.797103832139
-0.795058062504
-0.793015824389
-0.790977467394
-0.788943338069
-0.786913779251
-0.784889129422
-0.782869722102
-0.780855885254
-0.77884794073
-0.77684620374
-0.774850982366
-0.772862577097
-0.770881280412
-0.768907376389
-0.766941140365
-0.764982838617
-0.763032728089
-0.761091056157
-0.759158060418
-0.757233968522
-0.755318998032
-0.753413356307
-0.75151724042
-0.749630837095
-0.747754322666
-0.745887863052
-0.741370821452
-0.739767961301
-0.738174099918
-0.736589097102
-0.735012806431
-0.733445075467
-0.731885745963
-0.730334654085
-0.728791630623
-0.727256501217
-0.725729086575
-0.724209202695
-0.722696661089
-0.721191269001
-0.719692829623
-0.718201142319
-0.716716002829
-0.715237203483
-0.713764533407
-0.712297778726
-0.71083672276
-0.70938114622
-0.707930827401
-0.706485542369
-0.705045065148
-0.703609167901
-0.702177621116
-0.700750193782
-0.699326653579
-0.697906767051
-0.697472495259
-0.696034056012
-0.694598700541
-0.693166235722
-0.691736467203
-0.690309199799
-0.688884237886
-0.687461385815
-0.686040448323
-0.684621230948
-0.683203540439
-0.681787185166
-0.680371975514
-0.678957724273
-0.677544247001
-0.676131362383
-0.674718892556
-0.673306663417
-0.671894504905
-0.670482251248
-0.66906974119
-0.667656818177
-0.666243330519
-0.664829131515
-0.663414079542
-0.661998038118
-0.660580875927
-0.659162466816
-0.657742689759
-0.656321428793
-0.656245954832
-0.654839713207
-0.653431946261
-0.652022525612
-0.65061132516
-0.649198221226
-0.647783092698
-0.646365821168
-0.644946291063
-0.643524389763
-0.642100007718
-0.640673038536
-0.639243379072
-0.637810929483
-0.636375593283
-0.634937277363
-0.633495891999
-0.632051350845
-0.630603570901
-0.629152472467
-0.627697979083
-0.626240017452
-0.624778517358
-0.62331341157
-0.621844635749
-0.620372128342
-0.618895830493
-0.617415685948
-0.61593164097
-0.614443644278
-0.601680632101
-0.60025958554
-0.59884350056
-0.597432280869
-0.596025821755
-0.59462401028
-0.593226725495
-0.59183383868
-0.590445213609
-0.589060706836
-0.58768016801
-0.586303440207
-0.58493036029
-0.583560759288
-0.5821944628
-0.580831291411
-0.579471061135
-0.578113583868
-0.576758667863
-0.575406118208
-0.574055737324
-0.572707325473
-0.571360681259
-0.570015602155
-0.568671885013
-0.567329326587
-0.565987724051
-0.564646875509
-0.563306580507
-0.561966640533
-0.562109034949
-0.560213347688
-0.558317150868
-0.556420844763
-0.554524834461
-0.552629529508
-0.550735343549
-0.54884269395
-0.546952001432
-0.545063689682
-0.543178184971
-0.541295915763
-0.539417312321
-0.537542806309
-0.535672830391
-0.533807817826
-0.531948202065
-0.530094416343
-0.52824689327
-0.526406064423
-0.524572359938
-0.522746208101
-0.520928034946
-0.519118263843
-0.517317315103
-0.515525605573
-0.513743548244
-0.511971551861
-0.51021002053
-0.508459353342
-0.510126999288
-0.5085914413
-0.507065414907
-0.505549084945
-0.504042615049
-0.502546167674
-0.50105990411
-0.499583984501
-0.498118567847
-0.496663812015
-0.495219873735
-0.493786908594
-0.49236507103
-0.490954514308
-0.489555390505
-0.488167850481
-0.486792043844
-0.485428118909
-0.484076222658
-0.482736500683
-0.481409097131
-0.480094154637
-0.478791814258
-0.477502215389
-0.476225495688
-0.47496179098
-0.473711235167
-0.472473960123
-0.471250095587
-0.470039769055
