-0.86919283465
-0.861264880917
-0.861249512791
-0.861223827024
-0.861187715555
-0.861141027658
-0.861083570495
-0.861015109814
-0.860935370804
-0.860844039086
-0.860740761834
-0.860625149028
-0.860496774823
-0.860355179028
-0.860199868678
-0.860030319703
-0.85984597867
-0.859646264589
-0.859430570784
-0.859198266797
-0.858948700326
-0.858681199193
-0.858395073304
-0.858089616625
-0.857764109129
-0.857417818727
-0.85705000317
-0.856659911894
-0.856246787826
-0.855809869126
-0.855348390863
-0.854861586611
-0.854348689983
-0.853808936062
-0.853241562764
-0.852645812099
-0.85202093135
-0.851366174161
-0.850680801528
-0.849964082712
-0.849215296056
-0.848433729731
-0.84761868239
-0.846769463759
-0.845885395156
-0.844965809952
-0.844010053968
-0.843017485841
-0.841987477334
-0.840919413629
-0.839812693587
-0.838666729999
-0.837480949834
-0.836254794483
-0.834987720022
-0.83367919749
-0.832328713193
-0.830935769053
-0.829499882982
-0.82802058932
-0.82649743932
-0.828999777676
-0.827859988399
-0.826716353834
-0.825566196383
-0.824406696783
-0.823234904326
-0.822047747707
-0.820842046461
-0.819614522932
-0.818361814749
-0.81708048774
-0.815767049238
-0.814417961734
-0.813029656807
-0.811598549291
-0.810121051601
-0.808593588177
-0.807012609976
-0.805374608952
-0.803676132462
-0.801913797545
-0.800084305
-0.798184453217
-0.796211151684
-0.794161434127
-0.792032471222
-0.789821582815
-0.787526249602
-0.785144124223
-0.782673041702
-0.78011102921
-0.777456315089
-0.774707337092
-0.771862749826
-0.768921431329
-0.765882488778
-0.762745263282
-0.759509333741
-0.756174519761
-0.752740883585
-0.749208731057
-0.745578611586
-0.741851317123
-0.738027880141
-0.73410957063
-0.730097892115
-0.725994576703
-0.721801579188
-0.71752107023
-0.71315542863
-0.708707232739
-0.704179251029
-0.69957443187
-0.694895892537
-0.69014690752
-0.685330896156
-0.680451409652
-0.675512117544
-0.670516793655
-0.665469301597
-0.627616668333
-0.623735177206
-0.619827660129
-0.615894067623
-0.611934361207
-0.607948514038
-0.603936511442
-0.599898351336
-0.595834044546
-0.591743614997
-0.587627099809
-0.583484549261
-0.579316026656
-0.575121608066
-0.57090138197
-0.566655448786
-0.562383920295
-0.558086918973
-0.553764577219
-0.549417036497
-0.545044446397
-0.540646963611
-0.536224750842
-0.531777975653
-0.527306809252
-0.522811425237
-0.518291998298
-0.513748702893
-0.509181711899
-0.504591195255
-0.499977318604
-0.495340241944
-0.490680118292
-0.485997092385
-0.481291299412
-0.476562863796
-0.471811898033
-0.4670385016
-0.462242759933
-0.457424743489
-0.452584506907
-0.44772208826
-0.442837508417
-0.437930770516
-0.43300185956
-0.428050742129
-0.423077366227
-0.418081661258
-0.413063538135
-0.408022889525
-0.402959590238
-0.397873497742
-0.392764452828
-0.387632280398
-0.382476790397
-0.377297778866
-0.37209502913
-0.366868313095
-0.361617392672
-0.356342021299
-0.341592125662
-0.336234003493
-0.330847659029
-0.325432945519
-0.319989746542
-0.314517976573
-0.309017581424
-0.30348853855
-0.297930857229
-0.292344578602
-0.286729775588
-0.281086552656
-0.275415045476
-0.269715420432
-0.263987874009
-0.258232632065
-0.252449948968
-0.246640106635
-0.240803413452
-0.234940203091
-0.229050833242
-0.223135684243
-0.217195157646
-0.211229674695
-0.205239674761
-0.19922561371
-0.193187962238
-0.18712720417
-0.181043834745
-0.174938358879
-0.168811289439
-0.162663145527
-0.156494450778
-0.150305731702
-0.14409751606
-0.137870331298
-0.131624703037
-0.125361153649
-0.119080200895
-0.112782356666
-0.106468125814
-0.100138005089
-0.0937924821826
-0.0874320348877
-0.0810571303787
-0.0746682246128
-0.0682657618587
-0.061850174352
-0.0554218820805
-0.0489812926984
-0.0425288015687
-0.0360647919327
-0.0295896352037
-0.023103691382
-0.0166073095864
-0.010100828698
-0.00358457810947
0.00294112142465
0.00947595684619
0.0160196217657
0.0164458353823
0.022686267007
0.0289484947718
0.0352326498123
0.0415387723039
0.0478668109759
0.0542166230644
0.0605879746993
0.0669805417188
0.073393910901
0.0798275816038
0.0862809677975
0.0927534004769
0.0992441304355
0.105752331384
0.112277103392
0.118817476632
0.125372415407
0.131940822424
0.138521543311
0.145113371329
0.151715052266
0.15832528948
0.164942749065
0.171566065113
0.178193845038
0.184824674941
0.191457124985
0.198089754748
0.204721118533
0.211349770606
0.217974270334
0.224593187201
0.231205105678
0.237808629921
0.244402388283
0.250985037611
0.257555267321
0.264111803226
0.270653411101
0.27717889999
0.283687125218
0.290176991124
0.296647453492
0.303097521682
0.309526260467
0.315932791557
0.322316294828
0.32867600926
0.335011233574
0.341321326597
0.347605707353
0.35386385489
0.360095307863
0.366299663886
0.372476578662
0.378625764925
0.384746991186
0.390840080334
0.396904908085
0.404198144219
0.411511683138
0.418760313954
0.425938887379
0.433042500907
0.440066523186
0.447006617101
0.453858761451
0.460619271091
0.467284815426
0.473852435171
0.480319557259
0.486684007835
0.492944023245
0.499098258976
0.505145796482
0.511086147865
0.516919258382
0.522645506763
0.528265703341
0.533781085998
0.539193313958
0.54450445945
0.549716997299
0.554833792493
0.559858085808
0.564793477556
0.569643909559
0.574413645442
0.579107249362
0.58372956329
0.588285682967
0.592780932672
0.597220838951
0.601611103438
0.605957574926
0.61026622085
0.614543098321
0.618794324896
0.623026049215
0.627244421697
0.631455565419
0.635665547377
0.639880350243
0.644105844796
0.648347763171
0.652611673048
0.656902952939
0.661226768689
0.66558805131
0.66999147626
0.674441444277
0.678942063845
0.683497135389
0.688110137261
0.692784213584
0.697522163992
0.702326435321
0.70719911526
0.71214192798
0.717586817452
0.721356397002
0.725184837749
0.729074897577
0.733029062332
0.737049547313
0.741138299796
0.745297002541
0.749527078199
0.753829694553
0.758205770528
0.762655982886
0.767180773542
0.771780357424
0.77645473081
0.78120368007
0.786026790749
0.790923456914
0.79589289073
0.800934132169
0.806046058836
0.81122739583
0.816476725612
0.821792497827
0.827173039051
0.832616562416
0.838121177099
0.843684897631
0.849305653029
0.854981295705
0.860709610165
0.866488321471
0.872315103467
0.878187586763
0.884103366485
0.890060009772
0.896055063051
0.90208605908
0.90815052376
0.914245982745
0.920369967843
0.926520023217
0.932693711405
0.938888619157
0.94510236311
0.951332595291
0.957577008466
0.963833341342
0.970099383609
0.97637298084
0.982652039239
0.988934530233
0.995218494907
1.00150204828
1.00778338337
1.01406077515
1.02033258421
1.02659726025
1.03285334536
1.03909947699
1.04983494841
1.05579670407
1.06174305852
1.06767017506
1.07357441428
1.07945236207
1.08530085538
1.09111700542
1.09689821831
1.1026422128
1.10834703509
1.11401107059
1.1196330526
1.12521206784
1.13074755882
1.13623932318
1.1416875099
1.14709261263
1.15245546014
1.1577772041
1.16305930437
1.1683035119
1.17351184953
1.17868659089
1.18383023768
1.18894549544
1.19403524828
1.19910253263
1.20415051041
1.20918244182
1.21420165805
1.21921153408
1.22421546197
1.22921682472
1.23421897094
1.2392251907
1.24423869248
1.24926258164
1.25429984034
1.25935330925
1.26442567091
1.26951943509
1.27463692593
1.27978027113
1.28495139304
1.2901520017
1.29538358984
1.30064742965
1.30594457143
1.31127584388
1.31664185599
1.32204300042
1.32747945822
1.33295120474
1.33845801665
1.34399947976
1.34957499774
1.3551838013
1.36082495792
1.36649738181
1.36907883057
1.37173779218
1.37449312794
1.37736308422
1.38036514883
1.38351591266
1.38683093769
1.3903246325
1.39401013614
1.39789921139
1.40200214829
1.4063276786
1.41088290196
1.41567322436
1.4207023093
1.42597204222
1.43148250829
1.43723198394
1.44321694205
1.44943207088
1.45587030655
1.46252287884
1.46937937002
1.47642778616
1.48365464046
1.49104504802
1.49858283109
1.50625063437
1.5140300491
1.52190174532
1.52984561104
1.53784089744
1.54586636894
1.55390045695
1.56192141624
1.56990748269
1.57783703122
1.58568873278
1.59344170913
1.60107568437
1.60857113195
1.61590941624
1.62307292744
1.63004520892
1.63681107613
1.64335672601
1.6496698363
1.65573965396
1.66155707204
1.66711469447
1.67240688837
1.67742982347
1.68218149838
1.6866617536
1.69087227115
1.6948165609
1.69849993377
1.70192946194
1.70511392654
1.7080637531
1.70713559845
1.71154146857
1.71589606559
1.72019869366
1.72444878433
1.72864590887
1.73278979118
1.73688032083
1.74091756652
1.74490178959
1.74883345758
1.7527132577
1.75654211012
1.76032118089
1.7640518944
1.76773594522
1.77137530924
1.77497225384
1.77852934713
1.78204946596
1.78553580267
1.78899187045
1.79242150712
1.7958288773
1.79921847281
1.80259511127
1.80596393276
1.80933039452
1.81270026361
1.81607960749
1.8194747826
1.82289242071
1.82633941337
1.82982289415
1.83335021899
1.83692894459
1.84056680492
1.84427168599
1.84805159904
1.85191465206
1.85586902012
1.85992291434
1.86408454991
1.86836211316
1.872763728
1.87729742189
1.88197109146
1.88679246813
1.89176908384
1.89690823711
1.90221695976
1.9077019843
1.91336971239
1.91922618447
1.92527705079
1.93152754404
1.93798245371
1.94464610246
1.95152232449
1.95861444624
1.96695316418
1.97502888138
1.98327338337
1.99168590215
2.00026531213
2.00901012625
2.01791849542
2.02698821123
2.03621671219
2.0456010935
2.05513812046
2.06482424537
2.07465562804
2.08462815969
2.09473749012
2.10497905797
2.11534812384
2.125839806
2.13644911839
2.14717101049
2.1580004088
2.1689322595
2.17996157176
2.1910834614
2.20229319434
2.21358622949
2.22495826042
2.23640525557
2.24792349642
2.25950961317
2.27116061759
2.28287393251
2.29464741777
2.3064793921
2.3183686508
2.3303144788
2.34231665906
2.35437547601
2.36649171408
2.37866665099
2.39090204617
2.403200124
2.41556355227
2.42799541572
2.44049918525
2.45307868263
2.46573804141
2.47848166408
2.49131417609
2.50424037703
2.51726518948
2.53039360602
2.54363063488
2.55698124485
2.57045030985
2.58404255379
2.59776249627
2.61161439958
2.62560221764
2.63972954716
2.66981553872
2.68846858073
2.70714239299
2.72581323268
2.7444580767
2.76305472401
2.78158189116
2.80001930057
2.81834776119
2.83654924134
2.85460693343
2.87250531052
2.89023017439
2.90776869528
2.92510944309
2.94224241016
2.95915902566
2.97585216171
2.99231613138
3.00854667874
3.02454096118
3.04029752433
3.05581626969
3.07109841549
3.08614645099
3.10096408459
3.11555618622
3.12992872426
3.14408869754
3.15804406282
3.17180365808
3.18537712223
3.19877481158
3.21200771351
3.22508735793
3.23802572678
3.25083516226
3.26352827401
3.27611784585
3.28861674247
3.30103781641
3.31339381594
3.32569729404
3.33796051905
3.35019538725
3.36241333778
3.37462527039
3.38684146607
3.3990715112
3.41132422535
3.42360759307
3.43592869995
3.44829367325
3.46070762723
3.47317461358
3.485697577
3.49827831621
3.51091745049
3.52361439202
3.53636732396
3.49222769395
3.49768098366
3.5032796509
3.50905724981
3.51504523752
3.52127271766
3.52776619877
3.53454936997
3.54164289555
3.54906423032
3.55682745722
3.56494314874
3.57341825309
3.58225600651
3.59145587205
3.60101350579
3.61092075056
3.62116565737
3.6317325343
3.64260202265
3.65375119945
3.6651537058
3.67677989967
3.68859703213
3.70056944544
3.71265879134
3.72482426781
3.73702287234
3.74920966968
3.76133807186
3.77336012835
3.78522682404
3.79688838273
3.80829457387
3.81939502023
3.83013950423
3.84047827081
3.8503623246
3.85974371943
3.8685758383
3.87681366184
3.88441402375
3.89133585153
3.89754039126
3.90299141501
3.90765540988
3.91150174781
3.91450283518
3.91663424179
3.91787480865
3.91820673424
3.9176156392
3.9160906093
3.91362421693
3.9102125212
3.90585504725
3.90055474511
3.89431792871
3.88715419592
3.87907633026
3.86741572107
3.85588288865
3.84302021222
3.82885913757
3.81343979211
3.79681085143
3.77902930871
3.76016014705
3.74027591618
3.71945621634
3.69778709314
3.67536034858
3.65227277451
3.62862531569
3.60452217077
3.58006984037
3.55537613212
3.53054913322
3.50569616155
3.48092270695
3.45633137418
3.43202083968
3.40808483371
3.38461115969
3.36168076207
3.33936685359
3.31773411239
3.29683795858
3.27672391916
3.25742708913
3.23897169591
3.22137077277
3.20462594597
3.18872733911
3.17365359675
3.15937202836
3.14583887189
3.13299967546
3.12078979381
3.10913499539
3.09795217425
3.08715016006
3.07663061826
3.06628903141
3.05601575174
3.04569711418
3.03521659835
3.02445602736
3.01329679079
3.00162107895
2.98931311513
2.97626037268
2.96235476368
2.94749378625
2.93158161788
2.91453014268
2.89625990113
2.87670095148
2.85579363318
2.83348922336
2.73070933068
2.70836519945
2.68524550046
2.66130371077
2.636498466
2.6107940983
2.58416111073
2.55657658189
2.5280244955
2.4984959906
2.4679895292
2.4365109795
2.40407361365
2.37069802062
2.33641193553
2.30124998807
2.26525337389
2.22846945332
2.19095128345
2.15275708954
2.1139496833
2.07459583549
2.03476561114
1.99453167597
1.95396858257
1.9131520454
1.87215821315
1.83106294723
1.78994111451
1.74886590245
1.70790816375
1.66713579759
1.62661317351
1.58640060328
1.54655386568
1.50712378784
1.4681558863
1.42969007008
1.39176040703
1.35439495423
1.31761565223
1.28143828232
1.24587248522
1.21092183915
1.17658399453
1.14285086219
1.10970885143
1.07713915415
1.04511807075
1.01361737352
0.982604702907
0.952043992234
0.921895916137
0.892118358266
0.862666893732
0.833495281971
0.80455596581
0.775800572696
0.747180414243
0.718646980432
0.738137086162
0.709020035248
0.679923014832
0.650811772127
0.621653198909
0.592415686484
0.563069461531
0.533586898684
0.503942806095
0.474114680672
0.444082930251
0.413831060455
0.383345824676
0.352617336169
0.321639141916
0.290408258543
0.258925171162
0.22719379662
0.19522141313
0.163018558794
0.130598901893
0.0979790862068
0.0651785548754
0.0322193565004
-0.000874062710327
-0.0340750769395
-0.0673551051582
-0.100683838335
-0.134029466099
-0.167358899801
-0.200637989279
-0.233831731039
-0.266904466034
-0.29982006569
-0.332542105319
-0.365034024583
-0.397259275137
-0.429181456048
-0.460764438019
-0.491972477834
-0.522770324746
-0.553123320803
-0.582997497285
-0.612359669528
-0.641177532448
-0.669419758997
-0.69705610368
-0.724057512987
-0.75039624436
-0.776045994914
-0.800982040723
-0.82518138701
-0.848622929087
-0.871287623337
-0.893158667015
-0.914221685084
-0.934464921787
-0.953879434176
-0.972459284364
-0.990201726859
-0.97238533928
-0.995439240173
-1.0179002762
-1.0397244724
-1.06087080656
-1.08130177649
-1.10098394432
-1.11988844829
-1.13799147256
-1.15527466598
-1.17172550113
-1.18733756576
-1.2021107796
-1.21605153057
-1.22917272574
-1.24149375362
-1.25304035588
-1.26384440817
-1.27394361128
-1.28338109544
-1.29220494221
-1.30046762993
-1.30822541004
-1.31553762316
-1.32246596465
-1.3290737107
-1.33542491662
-1.34158359967
-1.34761291911
-1.35357436632
-1.3595269777
-1.36552658269
-1.37162509877
-1.3778698843
-1.38430315932
-1.39096150296
-1.3978754349
-1.40506908688
-1.41255996852
-1.42035883016
-1.4284696237
-1.43688956074
-1.44560926566
-1.45461301967
-1.46387909038
-1.4733801401
-1.48308370483
-1.49295273482
-1.50294618694
-1.51301965819
-1.52312604938
-1.53321624794
-1.54323981856
-1.55314569091
-1.56288283367
-1.57240090536
-1.58165087256
-1.59058558752
-1.599160318
-1.60733322346
-1.64777849319
-1.65767461794
-1.66678300136
-1.67508718794
-1.68257613387
-1.68924386112
-1.69508906348
-1.7001146762
-1.70432742103
-1.70773733856
-1.71035731953
-1.71220264641
-1.71329055568
-1.71363983055
-1.71327043276
-1.71220318064
-1.71045947958
-1.70806110914
-1.70503006996
-1.70138849156
-1.69715860078
-1.69236274894
-1.68702349427
-1.68116373477
-1.67480688525
-1.66797709111
-1.66069947071
-1.65300037694
-1.64490766827
-1.63645097919
-1.62766197966
-1.61857461338
-1.6092253049
-1.59965312623
-1.58989991425
-1.58001033121
-1.57003186171
-1.56001474079
-1.55001180928
-1.54007829386
-1.53027151101
-1.52065049574
-1.51127555732
-1.50220776614
-1.49350837732
-1.48523819803
-1.47745690713
-1.47022233658
-1.46358972568
-1.45761095951
-1.45233380415
-1.44780115135
-1.44405028583
-1.44111218833
-1.4390108872
-1.43776287118
-1.43737657504
-1.43785194901
-1.43918012192
-1.44134316655
-1.45139381195
-1.45104317298
-1.45103666917
-1.45135045808
-1.45195851276
-1.45283274691
-1.45394315772
-1.45525798676
-1.45674389911
-1.45836618058
-1.46008895231
-1.46187540198
-1.46368802996
-1.46548890899
-1.46723995493
-1.4689032062
-1.47044110912
-1.47181680595
-1.47299442245
-1.47393935141
-1.47461852861
-1.47500069781
-1.47505666105
-1.47475951113
-1.47408484303
-1.47301094137
-1.47151894149
-1.46959296185
-1.46722020626
-1.46439103445
-1.46109900048
-1.45734085856
-1.45311653669
-1.4484290789
-1.44328455722
-1.4376919553
-1.43166302569
-1.42521212331
-1.41835601795
-1.41111368889
-1.40350610485
-1.39555599271
-1.38728759845
-1.37872644363
-1.36989908093
-1.36083285186
-1.35155564968
-1.34209569037
-1.33248129403
-1.32274067912
-1.31290177114
-1.30299202741
-1.29303827904
-1.28306659081
-1.27310213939
-1.26316910993
-1.25329061086
-1.24348860617
-1.23378386453
-1.22419592413
-1.23417436253
-1.22582151534
-1.21732703498
-1.20871318538
-1.20000425161
-1.19122642137
-1.18240764016
-1.17357744027
-1.1647667445
-1.15600764566
-1.14733316346
-1.13877698077
-1.13037316156
-1.12215585334
-1.11415897706
-1.10641590782
-1.09895915016
-1.09182001147
-1.08502827773
-1.07861189548
-1.07259666423
-1.06700594334
-1.06186037744
-1.05717764418
-1.05297222811
-1.04925522407
-1.04603417314
-1.04331293414
-1.04109159276
-1.0393664105
-1.03812981466
-1.03737043047
-1.03707315558
-1.03721927692
-1.03778662905
-1.03874979283
-1.04008033248
-1.04174706878
-1.04371638539
-1.04595256503
-1.04841815163
-1.05107433443
-1.05388134921
-1.05679889213
-1.05978654095
-1.06280417861
-1.06581241375
-1.06877299306
-1.07164920029
-1.07440623672
-1.07701157848
-1.0794353061
-1.08165040204
-1.08363301262
-1.08536267087
-1.08682247766
-1.08799923883
-1.08888355666
-1.08946987477
-1.08975647587
-1.07105422462
-1.06826577902
-1.06558585676
-1.06302249406
-1.06058291271
-1.0582734596
-1.05609955358
-1.05406564015
-1.05217515424
-1.05043049126
-1.04883298661
-1.04738290365
-1.04607943023
-1.04492068355
-1.04390372334
-1.04302457309
-1.04227824909
-1.04165879693
-1.04115933521
-1.04077210592
-1.04048853119
-1.04029927591
-1.04019431568
-1.04016300961
-1.04019417753
-1.04027618082
-1.04039700659
-1.04054435432
-1.04070572461
-1.04086850919
-1.04102008181
-1.04114788909
-1.0412395409
-1.04128289948
-1.04126616668
-1.04117796866
-1.0410074373
-1.04074428783
-1.04037889182
-1.03990234506
-1.0393065297
-1.03858416996
-1.03772888107
-1.03673521081
-1.03559867328
-1.03431577455
-1.03288402991
-1.03130197238
-1.02956915263
-1.02768612999
-1.02565445473
-1.02347664187
-1.02115613653
-1.01869727141
-1.01610521668
-1.0133859229
-1.01054605753
-1.00759293576
-1.00453444641
-1.00137897367
-0.992529828274
-0.985646746762
-0.978756337329
-0.971886082189
-0.965062580053
-0.958311387795
-0.95165687856
-0.94512211707
-0.938728752513
-0.932496929121
-0.926445214186
-0.920590542992
-0.914948179827
-0.909531694048
-0.904352949903
-0.899422108703
-0.894747641792
-0.890336352717
-0.886193406968
-0.882322367723
-0.878725236086
-0.875402494469
-0.8723531519
-0.869574790259
-0.867063610662
-0.864814479422
-0.862820973296
-0.861075423914
-0.859568961553
-0.858291558582
-0.85723207311
-0.856378293482
-0.855716984401
-0.855233935483
-0.854914013095
-0.854741216304
-0.854698737676
-0.854769029601
-0.85493387666
-0.855174474391
-0.85547151466
-0.855805277616
-0.856155730029
-0.856502629621
-0.856825634794
-0.857104419007
-0.85731878889
-0.857448805066
-0.857474904556
-0.857378023568
-0.857139719458
-0.856742290607
-0.856168893044
-0.855403652629
-0.854431771732
-0.853239629426
-0.85181487428
-0.850146509004
-0.848224966258
-0.846042175086
-0.801538718173
-0.797758512358
-0.793862012618
-0.789848601228
-0.785718812146
-0.781474374038
-0.77711823952
-0.772654598737
-0.768088876067
-0.763427710208
-0.758678915878
-0.753851427934
-0.748955227865
-0.744001252392
-0.73900128621
-0.733967838728
-0.728914006757
-0.723853325113
-0.718799605969
-0.713766770369
-0.708768673304
-0.703818924875
-0.698930710889
-0.694116614238
-0.689388440817
-0.684757052145
-0.680232206749
-0.675822413861
-0.67153480041
-0.667374994145
-0.663347024794
-0.659453243919
-0.655694266071
-0.652068931153
-0.648574289007
-0.645205607183
-0.641956400722
-0.638818484969
-0.635782050131
-0.632835756575
-0.629966850694
-0.627161298697
-0.624403937707
-0.621678642162
-0.618968502885
-0.616256017933
-0.613523291819
-0.610752241363
-0.607924806137
-0.605023160043
-0.602029922924
-0.59892836894
-0.595702629455
-0.592337888976
-0.588820570698
-0.585138510756
-0.581281118771
-0.577239522459
-0.573006695813
-0.568577568073
-0.573419855847
-0.56997938846
-0.566339650076
-0.562498340322
-0.558454867914
-0.554210353761
-0.549767619787
-0.545131163604
-0.540307119291
-0.535303204634
-0.530128655299
-0.524794146529
-0.519311703067
-0.513694598055
-0.507957241812
-0.50211506146
-0.496184372386
-0.490182242674
-0.484126351654
-0.478034843741
-0.471926178815
-0.465818980398
-0.459731882883
-0.453683379084
-0.447691669395
-0.44177451377
-0.435949087747
-0.430231843712
-0.424638378501
-0.419183308419
-0.413880152685
-0.408741226227
-0.403777542664
-0.398998728245
-0.394412947409
-0.39002684052
-0.385845474258
-0.38187230501
-0.378109155523
-0.374556204944
-0.371211992304
-0.368073433346
-0.365135850522
-0.362393015878
-0.35983720643
-0.357459271528
-0.355248711648
-0.353193767944
-0.351281521768
-0.349498003378
-0.347828308909
-0.346256724652
-0.344766857629
-0.343341771416
-0.341964126102
-0.340616321277
-0.339280640899
-0.337939398888
-0.33657508429
-0.335170504873
-0.325650823863
-0.323499560296
-0.321366288414
-0.319247019381
-0.317137780576
-0.315034631416
-0.312933678756
-0.310831091755
-0.308723116116
-0.306606087623
-0.304476444889
-0.302330741268
-0.300165655848
-0.297978003509
-0.295764743979
-0.293522989903
-0.291250013871
-0.288943254436
-0.286600321114
-0.284218998398
-0.281797248801
-0.279333214988
-0.276825221027
-0.274271772827
-0.271671557835
-0.269023444038
-0.266326478372
-0.263579884605
-0.260783060778
-0.257935576285
-0.255037168691
-0.252087740351
-0.249087354928
-0.246036233882
-0.242934752998
-0.239783439039
-0.236582966562
-0.233334154968
-0.230037965832
-0.226695500534
-0.223307998242
-0.219876834238
-0.216403518619
-0.212889695352
-0.209337141678
-0.205747767833
-0.202123617064
-0.198466865881
-0.194779824505
-0.191064937443
-0.187324784124
-0.183562079521
-0.179779674674
-0.175980557037
-0.17216785055
-0.168344815362
-0.164514847092
-0.160681475555
-0.156848362868
-0.153019300832
