-0.924310086699
-0.924287786293
-0.924243355837
-0.924177043861
-0.924089170337
-0.923980118563
-0.923850325871
-0.923700273327
-0.92353047466
-0.923341464622
-0.923133787019
-0.922907982647
-0.922664577359
-0.922404070493
-0.922126923863
-0.92183355154
-0.921524310575
-0.921199492857
-0.920859318223
-0.920503928957
-0.920133385747
-0.919747665172
-0.919346658745
-0.918930173523
-0.918497934235
-0.918049586903
-0.917584703847
-0.917102789986
-0.916603290294
-0.916085598268
-0.915549065242
-0.914993010363
-0.914416731035
-0.913819513651
-0.913200644385
-0.912559419873
-0.911895157557
-0.911207205534
-0.910494951706
-0.909757832082
-0.90899533808
-0.908207022705
-0.907392505486
-0.906551476106
-0.905683696651
-0.904789002443
-0.903867301468
-0.902918572391
-0.901942861215
-0.900940276645
-0.899910984251
-0.898855199524
-0.897773179974
-0.896665216397
-0.895531623471
-0.894372729862
-0.893188867994
-0.891980363686
-0.890747525819
-0.889490636226
-0.888209939968
-0.886905636171
-0.885577869576
-0.884226722947
-0.882852210459
-0.881454272171
-0.880032769694
-0.878587483085
-0.877118109057
-0.87562426049
-0.874105467264
-0.8725611784
-0.870990765441
-0.869393527029
-0.867768694597
-0.866115439054
-0.864432878369
-0.862720085909
-0.860976099397
-0.859199930333
-0.857390573726
-0.855547017979
-0.853668254755
-0.851753288684
-0.849801146747
-0.847810887188
-0.84578160783
-0.843712453669
-0.841602623626
-0.839451376383
-0.837258035213
-0.835021991749
-0.83274270866
-0.830419721214
-0.828052637718
-0.825641138871
-0.823184976058
-0.820683968649
-0.818138000366
-0.815547014812
-0.81291101027
-0.810230033868
-0.807504175244
-0.804733559835
-0.80191834192
-0.79905869756
-0.796154817552
-0.793206900556
-0.790215146488
-0.787179750329
-0.784100896435
-0.78097875347
-0.777813470026
-0.774605171017
-0.771353954902
-0.768059891773
-0.764723022337
-0.761343357794
-0.757920880618
-0.754455546193
-0.75094728528
-0.747396007257
-0.743801604059
-0.740163954737
-0.73648293055
-0.732758400484
-0.728990237086
-0.72517832252
-0.721322554702
-0.717422853419
-0.713479166306
-0.709491474578
-0.705459798392
-0.701384201768
-0.697264796946
-0.693101748122
-0.688895274481
-0.684645652471
-0.680353217277
-0.676018363468
-0.671641544787
-0.667223273104
-0.662764116524
-0.658264696696
-0.653725685345
-0.649147800093
-0.644531799634
-0.639878478319
-0.635188660257
-0.630463193009
-0.625702940974
-0.62090877856
-0.616081583259
-0.611222228711
-0.60633157786
-0.601410476316
-0.596459745997
-0.591480179148
-0.586472532819
-0.581437523873
-0.576375824576
-0.571288058841
-0.566174799151
-0.56103656419
-0.555873817212
-0.550686965146
-0.545476358426
-0.540242291543
-0.53498500428
-0.529704683595
-0.52440146611
-0.519075441147
-0.513726654254
-0.508355111141
-0.502960781979
-0.497543605965
-0.492103496079
-0.486640343975
-0.481154024909
-0.475644402639
-0.47011133423
-0.464554674698
-0.458974281422
-0.453370018287
-0.447741759503
-0.442089393057
-0.436412823777
-0.430711975975
-0.424986795668
-0.419237252356
-0.413463340373
-0.40766507981
-0.401842517038
-0.395995724845
-0.390124802227
-0.384229873859
-0.378311089289
-0.372368621906
-0.366402667711
-0.36041344395
-0.35440118765
-0.348366154114
-0.3423086154
-0.336228858848
-0.330127185683
-0.32400390973
-0.317859356272
-0.311693861084
-0.305507769656
-0.299301436614
-0.293075225372
-0.28682950799
-0.280564665253
-0.274281086958
-0.267979172402
-0.261659331035
-0.255321983284
-0.248967561494
-0.242596510974
-0.236209291116
-0.229806376542
-0.223388258255
-0.216955444759
-0.210508463109
-0.204047859857
-0.197574201875
-0.19108807701
-0.184590094555
-0.178080885515
-0.171561102643
-0.165031420236
-0.158492533685
-0.151945158768
-0.145390030687
-0.138827902861
-0.13225954547
-0.125685743779
-0.119107296246
-0.112525012445
-0.105939710823
-0.0993522163158
-0.0927633578599
-0.0861739658212
-0.0795848693801
-0.0729968939008
-0.0664108583187
-0.0598275725758
-0.0532478351359
-0.0466724306065
-0.0401021274935
-0.0335376761129
-0.0269798066789
-0.0204292275857
-0.0138866238964
-0.00735265604898
-0.000827958784412
0.00568685969992
0.0121912183738
0.0186845637799
0.0251663702296
0.0316361398021
0.0380934021594
0.0445377141961
0.0509686595415
0.0573858479363
0.0637889145042
0.0701775189424
0.076551344653
0.0829100978383
0.089253506583
0.0955813199422
0.101893307057
0.108189256315
0.114468974569
0.120732286432
0.126979033656
0.133209074603
0.13942228381
0.145618551666
0.151797784174
0.157959902824
0.164104844549
0.170232561767
0.176343022499
0.182436210546
0.188512125715
0.194570784078
0.200612218245
0.206636477644
0.21264362878
0.218633755459
0.22460695897
0.230563358199
0.236503089664
0.242426307458
0.248333183094
0.254223905238
0.260098679319
0.265957727021
0.27180128565
0.277629607369
0.283442958318
0.289241617607
0.295025876206
0.300796035721
0.306552407087
0.312295309179
0.318025067351
0.323742011935
0.329446476698
0.335138797286
0.340819309669
0.346488348603
0.352146246128
0.357793330121
0.363429922915
0.369056340007
0.374672888858
0.380279867813
0.385877565134
0.391466258176
0.397046212686
0.402617682265
0.408180907963
0.413736118029
0.419283527815
0.424823339812
0.430355743843
0.43588091738
0.441399025998
0.446910223935
0.452414654775
0.457912452214
0.463403740916
0.468888637437
0.474367251209
0.479839685566
0.485306038791
0.490766405194
0.496220876178
0.5016695413
0.507112489311
0.512549809158
0.517981590946
0.52340792684
0.52882891192
0.534244644947
0.539655229076
0.545060772481
0.550461388897
0.555857198089
0.561248326229
0.566634906196
0.57201707779
0.577394987871
0.582768790422
0.588138646536
0.593504724339
0.598867198851
0.604226251782
0.609582071285
0.61493485166
0.620284793005
0.625632100852
0.630976985749
0.636319662836
0.641660351383
0.646999274326
0.652336657776
0.657672730526
0.663007723553
0.668341869507
0.67367540221
0.679008556143
0.684341565946
0.689674665911
0.695008089488
0.700342068785
0.705676834086
0.711012613365
0.71634963181
0.721688111355
0.727028270221
0.732370322459
0.737714477509
0.743060939768
0.748409908167
0.753761575763
0.759116129344
0.764473749056
0.769834608038
0.775198872086
0.780566699339
0.785938239986
0.791313636
0.796693020912
0.802076519601
0.807464248132
0.812856313621
0.818252814145
0.823653838684
0.829059467107
0.8344697702
0.839884809731
0.845304638562
0.850729300791
0.856158831942
0.861593259187
0.867032601604
0.872476870461
0.877926069535
0.88338019545
0.888839238035
0.894303180698
0.899772000806
0.905245670071
0.910724154933
0.916207416937
0.921695413097
0.927188096232
0.932685415293
0.938187315646
0.943693739322
0.949204625234
0.954719909342
0.96023952477
0.965763401879
0.971291468273
0.976823648766
0.982359865277
0.987900036677
0.993444078574
0.998991903052
1.00454341834
1.01009852847
1.01565713282
1.02121912567
1.02678439575
1.03235282564
1.03792429129
1.04349866141
1.0490757969
1.05465555028
1.06023776509
1.06582227536
1.07140890504
1.07699746749
1.08258776499
1.08817958833
1.09377271638
1.09936691581
1.10496194078
1.11055753276
1.11615342042
1.12174931956
1.12734493313
1.1329399514
1.13853405212
1.14412690084
1.14971815126
1.15530744574
1.1608944158
1.16647868281
1.17205985867
1.17763754662
1.18321134211
1.18878083373
1.1943456042
1.19990523142
1.20545928963
1.21100735046
1.21654898419
1.22208376092
1.22761125183
1.23313103037
1.23864267359
1.24414576331
1.24963988738
1.25512464092
1.26059962751
1.26606446031
1.27151876325
1.27696217208
1.28239433541
1.28781491571
1.29322359022
1.29862005183
1.30400400988
1.30937519092
1.31473333935
1.32007821803
1.32540960885
1.33072731318
1.33603115224
1.3413209675
1.34659662087
1.35185799501
1.35710499339
1.36233754044
1.36755558159
1.37275908324
1.37794803277
1.38312243842
1.38828232922
1.39342775479
1.39855878527
1.40367551106
1.4087780427
1.41386651068
1.41894106521
1.42400187608
1.42904913249
1.43408304286
1.43910383476
1.44411175473
1.44910706828
1.45409005975
1.45906103238
1.46402030828
1.46896822848
1.47390515308
1.47883146135
1.48374755191
1.48865384293
1.49355077245
1.4984387986
1.50331839995
1.50819007588
1.51305434696
1.51791175536
1.52276286525
1.52760826332
1.53244855913
1.53728438569
1.5421163998
1.54694528259
1.55177173994
1.55659650285
1.56142032789
1.56624399754
1.5710683205
1.57589413197
1.58072229389
1.58555369506
1.59038925131
1.59522990546
1.60007662733
1.60493041361
1.60979228763
1.61466329912
1.61954452383
1.62443706304
1.62934204303
1.63426061442
1.63919395148
1.64414325124
1.64910973263
1.65409463546
1.65909921934
1.66412476253
1.66917256067
1.67424392552
1.67934018359
1.68446267467
1.6896127504
1.69479177277
1.7000011125
1.70524214754
1.71051626144
1.71582484177
1.7211692785
1.72655096243
1.73197128362
1.73743162986
1.74293338513
1.74847792821
1.75406663124
1.75970085839
1.76538196461
1.77111129445
1.77689018094
1.78271994463
1.78860189263
1.79453731785
1.80052749828
1.8065736964
1.81267715873
1.81883911545
1.82506078015
1.83134334972
1.83768800432
1.84409590747
1.85056820627
1.85710603171
1.86371049907
1.87038270842
1.87712374527
1.88393468118
1.89081657458
1.89777047157
1.90479740679
1.91189840441
1.91907447903
1.92632663677
1.93365587622
1.94106318956
1.94854956349
1.95611598037
1.96376341912
1.97149285624
1.97930526669
1.98720162478
1.99518290493
2.00325008242
2.01140413395
2.01964603822
2.02797677633
2.03639733203
2.04490869195
2.0535118456
2.06220778527
2.07099750578
2.07988200405
2.08886227859
2.0979393287
2.10711415364
2.11638775153
2.12576111813
2.13523524545
2.14481112015
2.15448972185
2.16427202118
2.17415897772
2.18415153781
2.19425063212
2.20445717313
2.21477205247
2.2251961381
2.23573027139
2.24637526402
2.25713189487
2.26800090673
2.27898300295
2.29007884401
2.30128904404
2.31261416727
2.32405472444
2.33561116919
2.34728389445
2.3590732288
2.37097943287
2.38300269575
2.39514313147
2.40740077547
2.41977558123
2.43226741692
2.44487606215
2.45760120485
2.47044243825
2.483399258
2.49647105944
2.50965713502
2.52295667189
2.53636874961
2.54989233815
2.56352629597
2.57726936839
2.59112018607
2.60507726376
2.61913899929
2.63330367266
2.6475694455
2.6619343606
2.67639634179
2.69095319393
2.7056026032
2.72034213755
2.73516924737
2.75008126641
2.76507541281
2.78014879042
2.79529839021
2.81052109197
2.82581366604
2.84117277531
2.85659497731
2.87207672647
2.88761437644
2.90320418258
2.91884230458
2.93452480901
2.95024767216
2.96600678273
2.98179794474
2.99761688031
3.01345923262
3.02932056874
3.04519638251
3.06108209742
3.07697306943
3.09286458971
3.1087518874
3.12463013226
3.14049443725
3.156339861
3.17216141028
3.18795404222
3.2037126666
3.21943214787
3.23510730715
3.25073292411
3.26630373867
3.28181445265
3.29725973126
3.31263420447
3.32793246829
3.34314908591
3.35827858876
3.37331547741
3.38825422247
3.40308926532
3.41781501877
3.43242586769
3.44691616954
3.4612802549
3.47551242785
3.48960696647
3.50355812322
3.51736012533
3.53100717527
3.54449345114
3.55781310717
3.57096027423
3.58392906046
3.59671355187
3.60930781314
3.62170588843
3.63390180237
3.64588956113
3.65766315362
3.66921655284
3.68054371742
3.69163859324
3.7024951153
3.7131072097
3.72346879579
3.73357378861
3.74341610137
3.7529896482
3.76228834709
3.77130612298
3.78003691108
3.78847466032
3.79661333706
3.80444692886
3.81196944857
3.81917493844
3.8260574745
3.832611171
3.83883018506
3.84470872137
3.85024103712
3.8554214469
3.86024432781
3.8647041246
3.86879535482
3.87251261416
3.87585058171
3.87880402527
3.88136780672
3.88353688731
3.88530633302
3.88667131976
3.88762713869
3.8881692013
3.88829304454
3.88799433582
3.88726887787
3.88611261357
3.88452163057
3.88249216578
3.88002060978
3.87710351102
3.87373757982
3.86991969225
3.8656468938
3.86091640289
3.85572561411
3.85007210132
3.84395362055
3.83736811265
3.83031370572
3.82278871737
3.81479165677
3.80632122641
3.79737632371
3.7879560424
3.7780596737
3.76768670723
3.75683683183
3.74550993602
3.73370610844
3.72142563792
3.70866901348
3.69543692414
3.68173025845
3.667550104
3.65289774662
3.63777466951
3.6221825522
3.60612326933
3.58959888932
3.57261167293
3.55516407162
3.53725872582
3.51889846316
3.50008629647
3.48082542173
3.46111921596
3.44097123495
3.42038521095
3.39936505027
3.37791483075
3.35603879925
3.333741369
3.31102711689
3.28790078072
3.2643672564
3.24043159505
3.21609900007
3.19137482418
3.16626456637
3.14077386883
3.11490851382
3.08867442051
3.06207764177
3.0351243609
3.00782088837
2.98017365846
2.95218922589
2.92387426244
2.89523555346
2.86627999445
2.8370145875
2.80744643774
2.77758274981
2.74743082419
2.71699805357
2.68629191921
2.6553199872
2.62408990473
2.59260939635
2.56088626018
2.52892836412
2.49674364198
2.46434008966
2.43172576128
2.39890876528
2.36589726055
2.33269945246
2.29932358896
2.26577795666
2.23207087684
2.19821070153
2.16420580955
2.13006460252
2.09579550091
2.06140694012
2.02690736647
1.99230523327
1.95760899689
1.92282711283
1.88796803176
1.85304019567
1.81805203391
1.7830119594
1.7479283647
1.7128096182
1.67766406034
1.64249999975
1.60732570957
1.57214942365
1.53697933288
1.50182358149
1.46669026343
1.43158741873
1.39652302995
1.36150501862
1.32654124176
1.29163948838
1.2568074761
1.22205284775
1.18738316801
1.15280592015
1.11832850279
1.08395822666
1.04970231152
1.015567883
0.981561969597
0.947691499681
0.913963298573
0.88038408567
0.846960471646
0.813698955707
0.780605922916
0.747687641586
0.714950260742
0.68239980766
0.650042185477
0.617883170878
0.585928411871
0.554183425638
0.52265359647
0.491344173798
0.460260270306
0.429406860142
0.398788777227
0.36841071365
0.338277218183
0.308392694879
0.278761401789
0.249387449781
0.22027480147
0.191427270258
0.162848519491
0.13454206173
0.106511258136
0.0787593179798
0.0512892982664
0.024104103485
-0.00279351452218
-0.0294009565665
-0.0557157759959
-0.0817356784545
-0.107458521517
-0.132882314202
-0.158005216355
-0.18282553792
-0.207341738075
-0.231552424255
-0.255456351057
-0.279052419017
-0.302339673282
-0.325317302157
-0.347984635552
-0.370341143305
-0.392386433414
-0.414120250153
-0.435542472097
-0.456653110042
-0.477452304841
-0.497940325144
-0.518117565056
-0.537984541718
-0.557541892805
-0.576790373956
-0.595730856144
-0.614364322971
-0.632691867916
-0.650714691532
-0.668434098589
-0.685851495182
-0.702968385803
-0.719786370373
-0.736307141265
-0.752532480287
-0.768464255665
-0.784104419003
-0.79945500225
-0.814518114657
-0.829295939736
-0.843790732239
-0.858004815135
-0.871940576617
-0.88560046712
-0.898986996372
-0.912102730463
-0.92495028896
-0.937532342042
-0.949851607682
-0.961910848869
-0.97371287087
-0.985260518539
-0.99655667367
-1.00760425241
-1.01840620269
-1.02896550177
-1.03928515377
-1.04936818727
-1.05921765303
-1.06883662164
-1.07822818134
-1.08739543585
-1.09634150221
-1.10506950877
-1.11358259314
-1.12188390025
-1.12997658044
-1.13786378758
-1.14554867729
-1.15303440519
-1.16032412514
-1.16742098762
-1.17432813809
-1.1810487154
-1.18758585028
-1.19394266384
-1.20012226608
-1.20612775453
-1.21196221283
-1.2176287094
-1.22313029613
-1.22847000712
-1.23365085742
-1.23867584185
-1.24354793382
-1.24827008415
-1.25284522004
-1.25727624391
-1.26156603239
-1.26571743531
-1.2697332747
-1.27361634382
-1.27736940628
-1.28099519507
-1.28449641179
-1.28787572574
-1.29113577315
-1.29427915642
-1.29730844339
-1.3002261666
-1.30303482267
-1.30573687165
-1.3083347364
-1.31083080208
-1.31322741556
-1.31552688501
-1.31773147938
-1.31984342803
-1.32186492033
-1.32379810535
-1.32564509157
-1.32740794657
-1.32908869688
-1.33068932776
-1.33221178309
-1.33365796524
-1.33502973505
-1.33632891177
-1.33755727313
-1.33871655532
-1.33980845316
-1.3408346202
-1.34179666888
-1.34269617075
-1.34353465666
-1.34431361711
-1.34503450247
-1.34569872337
-1.34630765101
-1.34686261759
-1.34736491671
-1.34781580381
-1.34821649664
-1.34856817573
-1.34887198492
-1.34912903187
-1.34934038863
-1.34950709217
-1.34963014497
-1.34971051561
-1.34974913938
-1.34974691889
-1.34970472467
-1.34962339583
-1.34950374068
-1.3493465374
-1.34915253463
-1.34892245218
-1.34865698168
-1.34835678718
-1.34802250589
-1.34765474878
-1.34725410125
-1.34682112381
-1.34635635274
-1.3458603007
-1.34533345747
-1.34477629051
-1.34418924569
-1.34357274791
-1.34292720177
-1.3422529922
-1.34155048511
-1.34082002808
-1.34006195095
-1.33927656651
-1.33846417116
-1.33762504552
-1.33675945509
-1.33586765094
-1.33494987032
-1.33400633734
-1.33303726361
-1.33204284893
-1.33102328191
-1.32997874067
-1.32890939348
-1.32781539945
-1.32669690919
-1.32555406547
-1.32438700395
-1.32319585377
-1.3219807383
-1.32074177579
-1.31947908004
-1.3181927611
-1.31688292592
-1.31554967903
-1.31419312321
-1.31281336016
-1.31141049116
-1.30998461769
-1.30853584211
-1.30706426826
-1.30557000211
-1.30405315234
-1.30251383094
-1.30095215381
-1.29936824128
-1.29776221866
-1.29613421679
-1.29448437249
-1.29281282907
-1.29111973672
-1.289405253
-1.28766954317
-1.28591278057
-1.28413514694
-1.28233683272
-1.28051803729
-1.2786789692
-1.27681984636
-1.27494089617
-1.27304235565
-1.27112447148
-1.26918750003
-1.26723170737
-1.2652573692
-1.26326477074
-1.26125420661
-1.25922598065
-1.25718040569
-1.2551178033
-1.25303850348
-1.25094284434
-1.24883117168
-1.24670383864
-1.2445612052
-1.24240363769
-1.24023150833
-1.2380451946
-1.23584507874
-1.23363154707
-1.23140498942
-1.22916579842
-1.22691436888
-1.22465109704
-1.22237637986
-1.22009061434
-1.21779419673
-1.2154875218
-1.21317098207
-1.21084496708
-1.2085098626
-1.20616604987
-1.20381390485
-1.20145379748
-1.19908609092
-1.19671114083
-1.19432929466
-1.19194089094
-1.18954625859
-1.18714571629
-1.18473957183
-1.18232812151
-1.17991164953
-1.17749042747
-1.17506471377
-1.17263475323
-1.17020077655
-1.16776299995
-1.16532162476
-1.1628768371
-1.16042880759
-1.15797769106
-1.15552362638
-1.15306673625
-1.15060712712
-1.14814488903
-1.14568009565
-1.14321280423
-1.14074305566
-1.13827087458
-1.13579626947
-1.13331923286
-1.13083974154
-1.12835775682
-1.12587322482
-1.12338607681
-1.1208962296
-1.11840358596
-1.11590803503
-1.11340945287
-1.11090770292
-1.10840263657
-1.10589409378
-1.10338190363
-1.100865885
-1.09834584719
-1.09582159067
-1.09329290772
-1.09075958318
-1.08822139524
-1.0856781161
-1.08312951283
-1.08057534813
-1.07801538109
-1.07544936805
-1.07287706335
-1.07029822018
-1.06771259137
-1.0651199302
-1.06251999124
-1.05991253109
-1.05729730924
-1.05467408885
-1.05204263749
-1.04940272793
-1.04675413891
-1.04409665584
-1.04143007154
-1.03875418696
-1.0360688118
-1.03337376525
-1.03066887653
-1.02795398558
-1.0252289436
-1.02249361359
-1.01974787091
-1.01699160376
-1.01422471362
-1.01144711571
-1.00865873935
-1.00585952838
-1.00304944141
-1.00022845215
-0.997396549677
-0.994553738604
-0.991700039293
-0.988835487979
-0.98596013687
-0.983074054211
-0.9801773243
-0.977270047477
-0.974352340062
-0.971424334266
-0.968486178052
-0.965538034966
-0.962580083928
-0.959612518988
-0.956635549038
-0.9536493975
-0.950654301971
-0.947650513837
-0.944638297855
-0.9416179317
-0.938589705491
-0.935553921274
-0.932510892491
-0.929460943416
-0.926404408568
-0.923341632101
-0.920272967174
-0.917198775304
-0.914119425697
-0.911035294564
-0.907946764429
-0.904854223422
-0.901758064558
-0.89865868502
-0.895556485421
-0.892451869081
-0.889345241285
-0.886237008553
-0.883127577911
-0.880017356162
-0.876906749171
-0.87379616115
-0.870685993965
-0.867576646444
-0.864468513705
-0.861361986502
-0.858257450584
-0.855155286075
-0.852055866875
-0.848959560087
-0.845866725458
-0.842777714852
-0.839692871749
-0.836612530766
-0.833537017211
-0.830466646659
-0.827401724564
-0.824342545894
-0.821289394801
-0.818242544322
-0.8152022561
-0.812168780151
-0.809142354651
-0.806123205753
-0.803111547443
-0.800107581415
-0.797111496979
-0.794123471004
-0.791143667878
-0.788172239503
-0.785209325313
-0.782255052316
-0.779309535169
-0.776372876262
-0.773445165838
-0.770526482125
-0.767616891493
-0.764716448627
-0.761825196719
-0.758943167673
-0.75607038233
-0.753206850702
-0.75035257222
-0.747507535992
-0.744671721072
-0.741845096737
-0.739027622769
-0.736219249743
-0.733419919325
-0.730629564566
-0.727848110202
-0.725075472958
-0.722311561843
-0.719556278457
-0.716809517286
-0.714071166003
-0.711341105754
-0.708619211456
-0.705905352075
-0.703199390912
-0.700501185874
-0.69781058974
-0.695127450429
-0.692451611251
-0.689782911155
-0.687121184971
-0.684466263643
-0.681817974454
-0.679176141248
-0.676540584633
-0.673911122194
-0.671287568681
-0.668669736203
-0.666057434405
-0.663450470648
-0.660848650171
-0.658251776257
-0.655659650386
-0.653072072387
-0.650488840578
-0.647909751909
-0.64533460209
-0.642763185728
-0.640195296444
-0.637630726996
-0.635069269399
-0.632510715034
-0.629954854761
-0.627401479025
-0.624850377961
-0.622301341497
-0.619754159454
-0.617208621644
-0.614664517964
-0.612121638496
-0.609579773594
-0.607038713981
-0.604498250838
-0.60195817589
-0.599418281498
-0.596878360747
-0.594338207525
-0.591797616618
-0.589256383783
-0.586714305838
-0.58417118074
-0.581626807667
-0.579080987093
-0.57653352087
-0.573984212301
-0.571432866212
-0.56887928903
-0.56632328885
-0.563764675505
-0.561203260634
-0.558638857745
-0.55607128228
-0.553500351675
-0.55092588542
-0.548347705115
-0.545765634525
-0.543179499629
-0.540589128676
-0.537994352228
-0.535395003208
-0.532790916943
-0.530181931206
-0.527567886256
-0.524948624873
-0.5223239924
-0.519693836771
-0.517058008552
-0.514416360965
-0.511768749925
-0.509115034069
-0.506455074787
-0.503788736249
-0.501115885438
-0.498436392177
-0.495750129162
-0.493056971995
-0.490356799213
-0.487649492323
-0.484934935841
-0.482213017326
-0.479483627425
-0.476746659912
-0.474002011735
-0.471249583069
-0.468489277364
-0.465721001407
-0.462944665378
-0.46016018292
-0.457367471208
-0.454566451019
-0.451757046821
-0.448939186849
-0.446112803202
-0.443277831934
-0.44043421316
-0.437581891157
-0.434720814483
-0.43185093609
-0.428972213452
-0.426084608688
-0.423188088705
-0.42028262533
-0.417368195461
-0.414444781213
-0.411512370077
-0.408570955073
-0.405620534921
-0.402661114202
-0.39969270353
-0.396715319731
-0.393728986011
-0.390733732141
-0.387729594638
-0.38471661694
-0.381694849598
-0.378664350449
-0.375625184809
-0.372577425646
-0.369521153764
-0.366456457982
-0.363383435308
-0.360302191111
-0.357212839291
-0.354115502443
-0.351010312014
-0.347897408458
-0.344776941383
-0.341649069691
-0.338513961709
-0.335371795317
-0.332222758063
-0.329067047268
-0.325904870126
-0.322736443794
-0.319561995462
-0.316381762429
-0.313195992149
-0.310004942281
-0.306808880718
-0.303608085607
-0.300402845358
-0.297193458635
-0.29398023434
-0.29076349158
-0.287543559629
-0.284320777861
-0.281095495688
-0.277868072474
-0.274638877438
-0.271408289546
-0.268176697391
-0.264944499056
-0.26171210197
-0.258479922749
-0.25524838703
-0.252017929281
-0.248788992618
-0.245562028599
-0.24233749701
-0.239115865642
-0.235897610061
-0.232683213368
-0.229473165947
-0.226267965208
-0.223068115327
-0.219874126968
-0.216686517012
-0.213505808269
-0.210332529191
-0.207167213581
-0.20401040029
-0.200862632922
-0.197724459523
-0.194596432281
-0.191479107207
-0.188373043835
-0.1852788049
-0.182196956028
-0.179128065422
-0.176072703548
-0.173031442818
-0.17000485728
-0.166993522304
-0.163998014269
-0.161018910255
-0.158056787733
-0.155112224258
-0.152185797167
-0.149278083271
-0.146389658563
-0.143521097913
-0.140672974774
-0.137845860896
-0.135040326028
-0.132256937633
-0.12949626061
-0.126758857001
-0.124045285723
-0.121356102285
-0.118691858516
-0.116053102295
-0.113440377282
-0.110854222651
-0.108295172828
-0.105763757228
-0.103260499999
-0.100785919761
-0.098340529354
-0.0959248355864
-0.0935393389825
-0.0911845335352
-0.0888609064596
-0.086568937948
-0.0843091009282
-0.0820818608225
-0.0798876753091
-0.0777269940861
-0.0756002586367
-0.0735079019971
-0.0714503485264
-0.0694280136792
-0.0674413037798
-0.0654906158002
-0.0635763371398
-0.0616988454085
-0.0598585082128
-0.0580556829456
-0.0562907165785
-0.0545639454592
-0.0528756951116
-0.0512262800414
-0.0496160035451
-0.0480451575248
-0.0465140223072
-0.0450228664688
-0.0435719466661
-0.0421615074727
-0.0407917812216
-0.0394629878552
-0.0381753347811
-0.0369290167368
-0.0357242156601
-0.0345611005688
-0.0334398274476
-0.0323605391444
-0.0313233652743
-0.0303284221334
-0.0293758126216
-0.0284656261747
-0.0275979387065
-0.026772812561
-0.0259902964739
-0.0252504255457
-0.0245532212243
-0.0238986912982
-0.0232868299016
-0.0227176175284
-0.0221910210591
-0.0217069937974
-0.0212654755179
-0.0208663925253
-0.0205096577244
-0.0201951707007
-0.019922817812
-0.0196924722913
-0.0195039943596
-0.0193572313496
-0.0192520178398
-0.019188175799
-0.0191655147402
-0.0191838318848
-0.0192429123361
-0.0193425292623
-0.0194824440881
-0.0196624066954
-0.0198821556323
-0.0201414183298
-0.0204399113268
-0.0207773405018
-0.0211534013121
-0.0215677790396
-0.0220201490421
-0.0225101770115
-0.0230375192364
-0.0236018228702
-0.0242027262037
-0.0248398589418
-0.0255128424835
-0.0262212902063
-0.0269648077518
-0.0277429933152
-0.0285554379359
-0.0294017257899
-0.0302814344836
-0.0311941353477
-0.032139393732
-0.0331167692998
-0.0341258163218
-0.0351660839693
-0.036237116606
-0.0373384540782
-0.0384696320031
-0.0396301820546
-0.0408196322467
-0.0420375072138
-0.043283328488
-0.0445566147723
-0.0458568822108
-0.047183644654
-0.0485364139208
-0.0499147000549
-0.0513180115775
-0.0527458557346
-0.0541977387392
-0.0556731660087
-0.0571716423969
-0.05869267242
-0.0602357604782
-0.0618004110707
-0.0633861290054
-0.0649924196034
-0.0666187888969
-0.0682647438225
-0.0699297924077
-0.0716134439524
-0.0733152092052
-0.0750346005327
-0.0767711320853
-0.0785243199559
-0.0802936823341
-0.0820787396556
-0.0838790147456
-0.0856940329583
-0.0875233223109
-0.0893664136135
-0.0912228405944
-0.093092140021
-0.0949738518172
-0.0968675191762
-0.0987726886703
-0.100688910357
-0.102615737881
-0.104552728575
-0.106499443556
-0.108455447819
-0.110420310332
-0.112393604121
-0.114374906359
-0.116363798454
-0.118359866131
-0.120362699515
-0.122371893215
-0.124387046399
-0.12640776288
-0.12843365119
-0.130464324661
-0.132499401501
-0.134538504876
-0.13658126298
-0.138627309121
-0.140676281793
-0.142727824755
-0.144781587112
-0.14683722339
-0.148894393617
-0.150952763401
-0.153012004012
-0.155071792459
-0.157131811576
-0.159191750097
-0.161251302745
-0.163310170308
-0.165368059724
-0.167424684166
-0.169479763121
-0.171533022479
-0.173584194609
-0.175633018449
-0.177679239582
-0.179722610328
-0.181762889814
-0.183799844066
-0.185833246082
-0.187862875914
-0.189888520745
-0.191909974968
-0.193927040253
-0.195939525628
-0.197947247544
-0.199950029944
-0.201947704328
-0.203940109812
-0.205927093193
-0.207908508998
-0.209884219537
-0.211854094952
-0.213818013257
-0.215775860379
-0.217727530188
-0.219672924531
-0.221611953246
-0.223544534189
-0.225470593239
-0.227390064305
-0.229302889325
-0.231209018259
-0.233108409073
-0.23500102772
-0.236886848108
-0.238765852068
-0.240638029307
-0.242503377359
-0.244361901526
-0.246213614809
-0.248058537838
-0.249896698782
-0.251728133263
-0.253552884256
-0.25537100198
-0.257182543783
-0.258987574016
-0.260786163904
-0.262578391401
-0.264364341045
-0.266144103802
-0.267917776894
-0.269685463637
-0.271447273253
-0.273203320685
-0.274953726404
-0.276698616204
-0.278438120996
-0.28017237659
-0.281901523477
-0.283625706599
-0.285345075116
-0.287059782167
-0.288769984629
-0.290475842866
-0.292177520477
-0.29387518404
-0.29556900285
-0.297259148661
-0.298945795414
-0.30062911897
-0.302309296844
-0.30398650793
-0.305660932229
-0.307332750575
-0.309002144365
-0.310669295285
-0.312334385035
-0.313997595065
-0.315659106298
-0.317319098872
-0.318977751868
-0.320635243054
-0.322291748626
-0.323947442955
-0.325602498335
-0.327257084741
-0.328911369589
-0.3305655175
-0.332219690075
-0.333874045669
-0.335528739175
-0.33718392182
-0.338839740956
-0.340496339871
-0.342153857599
-0.343812428739
-0.345472183288
-0.347133246474
-0.348795738603
-0.350459774912
-0.352125465433
-0.35379291486
-0.355462222433
-0.357133481828
-0.358806781048
-0.360482202339
-0.362159822098
-0.363839710803
-0.365521932946
-0.367206546974
-0.368893605242
-0.370583153975
-0.372275233236
-0.373969876903
-0.375667112658
-0.377366961981
-0.37906944015
-0.380774556257
-0.382482313226
-0.384192707835
-0.385905730757
-0.387621366598
-0.389339593947
-0.391060385429
-0.392783707772
-0.394509521874
-0.396237782877
-0.39796844025
-0.399701437877
-0.401436714147
-0.403174202056
-0.404913829308
-0.406655518426
-0.408399186863
-0.410144747122
-0.411892106876
-0.413641169097
-0.415391832187
-0.417143990111
-0.418897532532
-0.420652344961
-0.422408308891
-0.424165301953
-0.425923198064
-0.427681867578
-0.429441177447
-0.431200991374
-0.432961169978
-0.434721570955
-0.436482049243
-0.43824245719
-0.440002644721
-0.44176245951
-0.44352174715
-0.445280351328
-0.447038113998
-0.448794875559
-0.450550475028
-0.452304750221
-0.454057537931
-0.455808674104
-0.457557994024
-0.45930533249
-0.461050523995
-0.462793402913
-0.464533803672
-0.466271560942
-0.46800650981
-0.469738485965
-0.471467325876
-0.473192866969
-0.474914947811
-0.476633408283
-0.478348089757
-0.480058835275
-0.481765489718
-0.483467899982
-0.485165915146
-0.486859386641
-0.488548168418
-0.490232117109
-0.491911092189
-0.493584956136
-0.495253574585
-0.496916816478
-0.498574554217
-0.500226663805
-0.501873024989
-0.503513521395
-0.505148040663
-0.506776474573
-0.508398719166
-0.510014674866
-0.511624246593
-0.513227343864
-0.514823880901
-0.516413776726
-0.517996955247
-0.519573345346
-0.521142880954
-0.522705501121
-0.524261150083
-0.525809777316
-0.527351337589
-0.528885791005
-0.530413103039
-0.531933244565
-0.533446191881
-0.534951926721
-0.536450436262
-0.537941713122
-0.539425755359
-0.540902566449
-0.542372155265
-0.543834536052
-0.545289728384
-0.546737757126
-0.548178652379
-0.549612449424
-0.55103918866
-0.552458915529
-0.553871680443
-0.555277538699
-0.556676550389
-0.558068780308
-0.559454297851
-0.560833176909
-0.562205495759
-0.563571336948
-0.564930787176
-0.56628393717
-0.567630881557
-0.568971718738
-0.570306550748
-0.571635483127
-0.572958624773
-0.574276087811
-0.575587987442
-0.576894441807
-0.578195571834
-0.579491501101
-0.580782355686
-0.582068264021
-0.583349356748
-0.584625766575
-0.585897628131
-0.587165077825
-0.588428253703
-0.589687295314
-0.590942343568
-0.592193540605
-0.593441029662
-0.594684954946
-0.595925461507
-0.597162695118
-0.598396802155
-0.599627929483
-0.600856224343
-0.602081834249
-0.603304906883
-0.604525589997
-0.605744031318
-0.606960378462
-0.608174778842
-0.609387379595
-0.610598327502
-0.611807768915
-0.613015849693
-0.614222715137
-0.615428509933
-0.616633378098
-0.617837462928
-0.619040906955
-0.620243851906
-0.62144643866
-0.622648807223
-0.623851096687
-0.625053445212
-0.626255989998
-0.627458867264
-0.628662212234
-0.629866159117
-0.631070841098
-0.632276390327
-0.633482937911
-0.634690613905
-0.635899547313
-0.637109866079
-0.638321697087
-0.639535166161
-0.640750398063
-0.641967516494
-0.643186644095
-0.644407902444
-0.645631412062
-0.646857292409
-0.648085661885
-0.649316637829
-0.650550336517
-0.651786873158
-0.653026361894
-0.654268915788
-0.655514646823
-0.656763665889
-0.658016082777
-0.659272006162
-0.660531543593
-0.661794801477
-0.663061885056
-0.664332898391
-0.665607944339
-0.666887124526
-0.668170539323
-0.669458287812
-0.670750467758
-0.672047175575
-0.673348506285
-0.674654553486
-0.675965409306
-0.677281164359
-0.678601907708
-0.679927726806
-0.681258707457
-0.682594933759
-0.683936488052
-0.685283450867
-0.686635900864
-0.687993914781
-0.689357567369
-0.690726931336
-0.692102077285
-0.693483073653
-0.694869986646
-0.696262880178
-0.697661815808
-0.699066852672
-0.700478047426
-0.701895454177
-0.703319124423
-0.704749106986
-0.706185447954
-0.707628190619
-0.709077375414
-0.710533039857
-0.71199521849
-0.713463942828
-0.714939241297
-0.71642113919
-0.717909658609
-0.719404818422
-0.720906634216
-0.72241511825
-0.723930279421
-0.725452123222
-0.726980651708
-0.728515863465
-0.730057753585
-0.731606313635
-0.733161531642
-0.734723392071
-0.736291875816
-0.737866960187
-0.739448618904
-0.741036822097
-0.742631536309
-0.744232724499
-0.745840346058
-0.747454356819
-0.749074709079
-0.750701351624
-0.752334229754
-0.753973285318
-0.755618456748
-0.757269679105
-0.758926884118
-0.760590000239
-0.762258952693
-0.763933663539
-0.76561405173
-0.767300033179
-0.768991520831
-0.770688424733
-0.772390652114
-0.774098107465
-0.775810692623
-0.777528306858
-0.779250846963
-0.78097820735
-0.782710280141
-0.784446955271
-0.786188120587
-0.78793366195
-0.789683463341
-0.79143740697
-0.793195373377
-0.794957241549
-0.796722889024
-0.798492192007
-0.800265025479
-0.802041263307
-0.80382077836
-0.805603442618
-0.807389127283
-0.80917770289
-0.810969039416
-0.812763006391
-0.814559472998
-0.816358308186
-0.818159380768
-0.819962559523
-0.821767713296
-0.823574711092
-0.825383422169
-0.82719371613
-0.829005463008
-0.830818533349
-0.832632798295
-0.834448129655
-0.83626439998
-0.838081482631
-0.839899251841
-0.841717582777
-0.843536351592
-0.845355435479
-0.847174712712
-0.848994062692
-0.850813365981
-0.852632504333
-0.854451360725
-0.856269819374
-0.858087765756
-0.859905086624
-0.861721670007
-0.863537405221
-0.865352182864
-0.867165894815
-0.868978434215
-0.870789695466
-0.872599574199
-0.874407967264
-0.876214772696
-0.878019889689
-0.879823218562
-0.881624660724
-0.883424118634
-0.885221495758
-0.887016696525
-0.888809626281
-0.890600191237
-0.892388298423
-0.894173855627
-0.895956771351
-0.897736954744
-0.899514315558
-0.901288764079
-0.90306021108
-0.904828567755
-0.906593745667
-0.908355656691
-0.910114212952
-0.911869326775
-0.913620910631
-0.915368877078
-0.917113138716
-0.91885360813
-0.920590197852
-0.922322820305
-0.924051387768
-0.925775812329
-0.927496005854
-0.929211879944
-0.930923345909
-0.93263031474
-0.934332697078
-0.936030403195
-0.93772334298
-0.939411425916
-0.941094561074
-0.942772657106
-0.944445622238
-0.946113364273
-0.947775790595
-0.949432808173
-0.95108432358
-0.952730242998
-0.954370472247
-0.956004916802
-0.957633481819
-0.95925607217
-0.960872592468
-0.962482947112
-0.964087040318
-0.965684776169
-0.967276058657
-0.96886079173
-0.970438879347
-0.972010225526
-0.973574734404
-0.97513231029
-0.976682857731
-0.978226281564
-0.979762486987
-0.981291379618
-0.98281286556
-0.984326851469
-0.985833244617
-0.987331952962
-0.988822885214
-0.990305950899
-0.99178106043
-0.993248125171
-0.994707057502
-0.996157770886
-0.99760017993
-0.999034200452
-1.00045974954
-1.0018767456
-1.00328510844
-1.00468475931
-1.00607562094
-1.00745761762
-1.00883067525
-1.01019472135
-1.01154968514
-1.01289549756
-1.01423209135
-1.015559401
-1.01687736288
-1.01818591521
-1.0194849981
-1.02077455357
-1.02205452557
-1.02332486002
-1.02458550478
-1.02583640969
-1.02707752657
-1.02830880922
-1.02953021342
-1.03074169691
-1.03194321942
-1.03313474264
-1.03431623019
-1.03548764763
-1.03664896243
-1.03780014393
-1.03894116335
-1.04007199374
-1.04119260995
-1.04230298861
-1.04340310808
-1.04449294841
-1.04557249132
-1.04664172015
-1.0477006198
-1.04874917672
-1.04978737882
-1.05081521547
-1.05183267742
-1.05283975674
-1.05383644682
-1.05482274227
-1.05579863888
-1.0567641336
-1.05771922443
-1.05866391042
-1.05959819161
-1.06052206896
-1.0614355443
-1.0623386203
-1.06323130041
-1.06411358883
-1.06498549042
-1.0658470107
-1.06669815578
-1.06753893235
-1.0683693476
-1.0691894092
-1.06999912527
-1.07079850434
-1.07158755531
-1.07236628746
-1.07313471035
-1.07389283388
-1.07464066819
-1.07537822371
-1.0761055111
-1.07682254124
-1.07752932525
-1.07822587442
-1.0789122003
-1.0795883146
-1.08025422924
-1.08090995636
-1.08155550832
-1.08219089768
-1.08281613724
-1.08343124006
-1.08403621946
-1.08463108906
-1.08521586276
-1.08579055483
-1.08635517987
-1.0869097529
-1.08745428935
-1.0879888051
-1.08851331655
-1.08902784061
-1.08953239477
-1.09002699714
-1.09051166648
-1.09098642225
-1.09145128466
-1.09190627471
-1.09235141425
-1.09278672602
-1.09321223367
-1.09362796187
-1.09403393632
-1.09443018378
-1.09481673218
-1.0951936106
-1.09556084939
-1.09591848016
-1.09626653583
-1.09660505073
-1.0969340606
-1.09725360262
-1.09756371552
-1.09786443953
-1.09815581651
-1.09843788991
-1.09871070487
-1.09897430821
-1.09922874848
-1.09947407597
-1.09971034277
-1.09993760277
-1.10015591167
-1.10036532703
-1.10056590827
-1.10075771666
-1.10094081537
-1.10111526944
-1.10128114582
-1.10143851331
-1.10158744263
-1.10172800636
-1.10186027893
-1.10198433665
-1.10210025763
-1.10220812182
-1.10230801093
-1.10240000844
-1.10248419957
-1.10256067119
-1.10262951186
-1.10269081174
-1.10274466255
-1.10279115751
-1.10283039134
-1.10286246013
-1.10288746136
-1.10290549377
-1.10291665734
-1.1029210532
-1.10291878358
-1.10290995172
-1.10289466183
-1.10287301894
-1.10284512891
-1.10281109829
-1.10277103426
-1.10272504453
-1.10267323727
-1.10261572102
-1.10255260458
-1.10248399695
-1.10241000721
-1.10233074445
-1.10224631766
-1.10215683565
-1.10206240691
-1.10196313961
-1.10185914139
-1.10175051936
-1.10163737993
-1.10151982877
-1.1013979707
-1.10127190956
-1.10114174817
-1.1010075882
-1.1008695301
-1.10072767299
-1.10058211459
-1.1004329511
-1.10028027717
-1.10012418574
-1.09996476803
-1.0998021134
-1.09963630932
-1.09946744124
-1.09929559257
-1.09912084457
-1.09894327628
-1.09876296448
-1.09857998359
-1.09839440565
-1.09820630021
-1.09801573431
-1.09782277243
-1.09762747639
-1.09742990537
-1.09723011582
-1.09702816143
-1.09682409309
-1.09661795887
-1.09640980398
-1.09619967072
-1.09598759848
-1.09577362373
-1.09555777997
-1.09534009772
-1.09512060455
-1.09489932502
-1.0946762807
-1.09445149017
-1.094224969
-1.09399672981
-1.09376678221
-1.09353513285
-1.09330178546
-1.09306674079
-1.09282999672
-1.09259154822
-1.09235138743
-1.09210950362
-1.0918658833
-1.09162051022
-1.09137336539
-1.09112442716
-1.09087367124
-1.09062107074
-1.09036659625
-1.09011021586
-1.08985189522
-1.0895915976
-1.08932928395
-1.08906491294
-1.08879844103
-1.08852982256
-1.08825900976
-1.08798595285
-1.08771060009
-1.08743289784
-1.08715279068
-1.08687022138
-1.08658513107
-1.08629745923
-1.08600714382
-1.0857141213
-1.08541832673
-1.08511969383
-1.08481815506
-1.08451364166
-1.08420608375
-1.08389541039
-1.08358154965
-1.08326442864
-1.08294397365
-1.08262011016
-1.08229276289
-1.08196185594
-1.08162731277
-1.08128905629
-1.08094700896
-1.08060109278
-1.08025122939
-1.07989734011
-1.07953934601
-1.07917716793
-1.07881072657
-1.07843994249
-1.07806473623
-1.07768502825
-1.07730073909
-1.07691178931
-1.07651809959
-1.07611959076
-1.07571618379
-1.0753077999
-1.07489436053
-1.07447578738
-1.07405200248
-1.07362292814
-1.07318848707
-1.07274860231
-1.07230319731
-1.07185219595
-1.07139552251
-1.07093310174
-1.07046485886
-1.06999071954
-1.06951060996
-1.06902445682
-1.06853218729
-1.0680337291
-1.06752901049
-1.06701796025
-1.06650050772
-1.06597658278
-1.06544611587
-1.06490903801
-1.06436528077
-1.06381477631
-1.06325745734
-1.06269325718
-1.06212210973
-1.06154394947
-1.06095871149
-1.06036633146
-1.05976674567
-1.05915989102
-1.05854570501
-1.05792412577
-1.05729509206
-1.05665854327
-1.05601441943
-1.05536266124
-1.05470321002
-1.05403600779
-1.05336099725
-1.05267812178
-1.05198732547
-1.05128855312
-1.05058175028
-1.04986686322
-1.04914383898
-1.04841262539
-1.04767317106
-1.04692542543
-1.04616933875
-1.04540486214
-1.04463194758
-1.04385054795
-1.04306061704
-1.04226210957
-1.04145498124
-1.04063918871
-1.03981468965
-1.03898144276
-1.0381394078
-1.03728854559
-1.03642881807
-1.03556018828
-1.03468262043
-1.03379607989
-1.03290053323
-1.03199594823
-1.03108229393
-1.03015954061
-1.02922765985
-1.02828662453
-1.02733640886
-1.02637698838
-1.02540834001
-1.02443044205
-1.02344327417
-1.0224468175
-1.02144105454
-1.02042596926
-1.01940154708
-1.01836777485
-1.01732464092
-1.01627213509
-1.01521024864
-1.01413897433
-1.01305830641
-1.0119682406
-1.01086877412
-1.00975990564
-1.00864163531
-1.00751396477
-1.00637689707
-1.00523043675
-1.00407458975
-1.00290936344
-1.0017347666
-1.00055080939
-0.999357503336
-0.998154861318
-0.996942897533
-0.995721627484
-0.994491067951
-0.993251236962
-0.992002153771
-0.990743838825
-0.989476313736
-0.988199601251
-0.986913725218
-0.985618710554
-0.984314583213
-0.983001370152
-0.981679099292
-0.980347799489
-0.979007500493
-0.977658232916
-0.976300028193
-0.974932918547
-0.973556936954
-0.972172117105
-0.97077849337
-0.969376100766
-0.967964974916
-0.966545152022
-0.965116668822
-0.963679562566
-0.962233870976
-0.960779632222
-0.959316884884
-0.957845667926
-0.956366020671
-0.954877982768
-0.953381594171
-0.951876895113
-0.950363926081
-0.948842727799
-0.947313341208
-0.945775807442
-0.944230167818
-0.942676463819
-0.941114737081
-0.93954502938
-0.937967382627
-0.936381838855
-0.934788440216
-0.933187228978
-0.931578247521
-0.929961538337
-0.928337144032
-0.926705107329
-0.925065471072
-0.923418278234
-0.921763571928
-0.920101395412
-0.918431792106
-0.9167548056
-0.915070479676
-0.913378858321
-0.911679985742
-0.909973906395
-0.908260664995
-0.906540306546
-0.904812876362
-0.903078420092
-0.901336983745
-0.899588613718
-0.897833356826
-0.896071260324
-0.894302371944
-0.892526739923
-0.890744413032
-0.888955440609
-0.887159872593
-0.885357759552
-0.883549152721
-0.881734104032
-0.879912666149
-0.8780848925
-0.876250837314
-0.874410555648
-0.872564103429
-0.870711537479
-0.868852915556
-0.866988296381
-0.865117739671
-0.863241306176
-0.861359057704
-0.859471057156
-0.857577368557
-0.855678057081
-0.853773189087
-0.85186283214
-0.849947055045
-0.848025927869
-0.846099521969
-0.844167910014
-0.842231166015
-0.840289365342
-0.838342584745
-0.83639090238
-0.834434397826
-0.832473152102
-0.830507247684
-0.828536768526
-0.826561800069
-0.824582429256
-0.822598744546
-0.820610835927
-0.818618794918
-0.816622714587
-0.814622689551
-0.812618815986
-0.810611191629
-0.808599915781
-0.806585089312
-0.804566814659
-0.802545195822
-0.800520338367
-0.79849234942
-0.796461337659
-0.794427413313
-0.792390688146
-0.790351275455
-0.788309290054
-0.786264848264
-0.784218067898
-0.782169068245
-0.780117970052
-0.778064895509
-0.776009968226
-0.773953313211
-0.77189505685
-0.769835326878
-0.767774252356
-0.765711963643
-0.763648592365
-0.761584271383
-0.759519134765
-0.757453317748
-0.7553869567
-0.753320189091
-0.751253153443
-0.749185989298
-0.747118837171
-0.745051838506
-0.742985135633
-0.740918871718
-0.738853190713
-0.736788237309
-0.734724156881
-0.732661095431
-0.730599199537
-0.728538616295
-0.726479493253
-0.724421978361
-0.722366219896
-0.720312366409
-0.718260566651
-0.716210969508
-0.714163723934
-0.712118978876
-0.710076883204
-0.708037585638
-0.706001234668
-0.703967978484
-0.701937964889
-0.699911341227
-0.697888254297
-0.695868850272
-0.693853274612
-0.691841671986
-0.689834186177
-0.687830960001
-0.685832135215
-0.683837852428
-0.681848251012
-0.679863469007
-0.677883643033
-0.675908908195
-0.673939397989
-0.671975244209
-0.67001657685
-0.668063524017
-0.666116211826
-0.66417476431
-0.662239303322
-0.660309948443
-0.658386816881
-0.656470023379
-0.654559680121
-0.652655896633
-0.650758779695
-0.64886843324
-0.646984958267
-0.645108452747
-0.643239011531
-0.641376726264
-0.639521685288
-0.637673973566
-0.635833672587
-0.634000860283
-0.63217561095
-0.630357995166
-0.628548079708
-0.626745927478
-0.62495159743
-0.623165144492
-0.621386619502
-0.619616069135
-0.61785353584
-0.616099057777
-0.61435266876
-0.612614398194
-0.610884271029
-0.609162307702
-0.607448524097
-0.605742931494
-0.604045536534
-0.602356341178
-0.600675342676
-0.599002533537
-0.597337901504
-0.595681429527
-0.594033095754
-0.592392873508
-0.590760731284
-0.589136632738
-0.587520536692
-0.585912397131
-0.584312163215
-0.582719779287
-0.581135184893
-0.579558314803
-0.577989099035
-0.576427462884
-0.574873326963
-0.573326607238
-0.571787215074
-0.570255057287
-0.568730036196
-0.567212049682
-0.565700991258
-0.56419675013
-0.562699211282
-0.561208255544
-0.559723759688
-0.558245596509
-0.556773634924
-0.555307740072
-0.553847773416
-0.552393592857
-0.550945052845
-0.549502004502
-0.548064295746
-0.54663177142
-0.54520427343
-0.543781640883
-0.542363710229
-0.540950315419
-0.539541288052
-0.538136457539
-0.536735651263
-0.535338694756
-0.533945411862
-0.532555624926
-0.531169154968
-0.529785821879
-0.528405444603
-0.527027841343
-0.525652829754
-0.52428022715
-0.522909850717
-0.521541517715
-0.520175045707
-0.518810252768
-0.517446957718
-0.516084980341
-0.514724141623
-0.513364263979
-0.512005171497
-0.510646690171
-0.509288648147
-0.50793087597
-0.506573206829
-0.505215476805
-0.503857525128
-0.502499194427
-0.501140330988
-0.499780785009
-0.498420410859
-0.497059067339
-0.495696617937
-0.494332931097
-0.492967880471
-0.491601345187
-0.490233210106
-0.488863366086
-0.487491710235
-0.48611814618
-0.484742584315
-0.483364942062
-0.481985144125
-0.480603122739
-0.479218817924
-0.477832177726
-0.476443158467
-0.47505172498
-0.473657850848
-0.472261518636
-0.47086272012
-0.469461456507
-0.468057738657
-0.466651587293
-0.465243033209
-0.463832117471
-0.462418891613
-0.461003417819
-0.45958576911
-0.458166029513
-0.456744294227
-0.455320669781
-0.453895274179
-0.452468237044
-0.451039699744
-0.449609815516
-0.448178749573
-0.446746679209
-0.445313793886
-0.443880295315
-0.442446397523
-0.441012326909
-0.439578322293
-0.438144634946
-0.436711528608
-0.435279279505
-0.433848176336
-0.432418520261
-0.430990624869
-0.429564816136
-0.428141432364
-0.426720824113
-0.425303354116
-0.42388939718
-0.422479340072
-0.421073581392
-0.419672531434
-0.418276612026
-0.416886256361
-0.415501908814
-0.414124024739
-0.412753070258
-0.41138952203
-0.41003386701
-0.408686602188
-0.407348234323
-0.406019279649
-0.404700263583
-0.403391720403
-0.402094192926
-0.400808232163
-0.399534396965
-0.398273253654
-0.397025375642
-0.395791343037
-0.394571742237
-0.393367165509
-0.392178210563
-0.391005480106
-0.389849581392
-0.388711125757
-0.387590728145
-0.386489006627
-0.385406581904
-0.384344076809
-0.383302115794
-0.382281324412
-0.381282328792
-0.380305755107
-0.379352229032
-0.378422375202
-0.37751681666
-0.376636174302
-0.375781066321
-0.374952107638
-0.374149909345
-0.373375078128
-0.372628215707
-0.371909918259
-0.371220775849
-0.370561371859
-0.369932282422
-0.36933407585
-0.368767312067
-0.368232542053
-0.367730307277
-0.367261139147
-0.366825558457
-0.366424074845
-0.36605718625
-0.365725378385
-0.36542912421
-0.365168883417
-0.364945101921
-0.364758211363
-0.364608628621
-0.364496755333
-0.364422977429
-0.36438766468
-0.364391170247
-0.364433830261
-0.364515963398
-0.364637870481
-0.364799834089
-0.365002118186
-0.365244967758
-0.365528608475
-0.365853246361
-0.366219067484
-0.366626237665
-0.3670749022
-0.367565185602
-0.368097191359
-0.368671001716
-0.369286677466
-0.369944257767
-0.370643759978
-0.371385179507
-0.372168489689
-0.372993641673
-0.373860564337
-0.374769164215
-0.375719325453
-0.376710909776
-0.377743756478
-0.378817682435
-0.379932482135
-0.381087927725
-0.382283769084
-0.383519733913
-0.384795527839
-0.386110834547
-0.387465315929
-0.388858612247
-0.390290342318
-0.391760103722
-0.393267473021
-0.394812005999
-0.396393237921
-0.39801068381
-0.399663838736
-0.401352178129
-0.403075158102
-0.404832215794
-0.406622769728
-0.408446220182
-0.410301949578
-0.412189322883
-0.414107688026
-0.416056376322
-0.418034702922
-0.42004196726
-0.422077453524
-0.424140431131
-0.42623015522
-0.428345867144
-0.430486794985
-0.43265215407
-0.434841147497
-0.437052966675
-0.439286791859
-0.441541792706
-0.443817128833
-0.446111950372
-0.448425398546
-0.450756606239
-0.453104698573
-0.455468793488
-0.45784800233
-0.460241430436
-0.462648177723
-0.465067339281
-0.467498005961
-0.469939264975
-0.472390200481
-0.474849894178
-0.477317425902
-0.479791874209
-0.482272316968
-0.484757831943
-0.487247497381
-0.489740392585
-0.492235598495
-0.494732198257
-0.497229277792
-0.499725926355
-0.502221237096
-0.504714307603
-0.507204240456
-0.509690143759
-0.512171131672
-0.514646324934
-0.517114851384
-0.519575846461
-0.522028453712
-0.524471825281
-0.526905122387
-0.529327515807
-0.531738186333
-0.53413632523
-0.53652113468
-0.538891828219
-0.541247631162
-0.543587781016
-0.545911527884
-0.54821813486
-0.550506878414
-0.552777048758
-0.555027950209
-0.55725890154
-0.559469236315
-0.561658303218
-0.563825466364
-0.565970105606
-0.568091616824
-0.570189412205
-0.572262920513
-0.574311587338
-0.57633487535
-0.57833226452
-0.580303252348
-0.582247354069
-0.584164102845
-0.586053049955
-0.587913764961
-0.589745835871
-0.591548869288
-0.593322490542
-0.595066343819
-0.596780092267
-0.598463418103
-0.600116022697
-0.60173762665
-0.60332796986
-0.604886811573
-0.606413930428
-0.607909124487
-0.609372211251
-0.61080302767
-0.61220143014
-0.613567294488
-0.614900515944
-0.616201009105
-0.61746870789
-0.618703565477
-0.619905554237
-0.621074665653
-0.622210910228
-0.623314317385
-0.624384935358
-0.625422831066
-0.626428089985
-0.627400816006
-0.628341131281
-0.629249176064
-0.630125108541
-0.630969104646
-0.631781357874
-0.632562079082
-0.633311496279
-0.634029854411
-0.634717415133
-0.635374456574
-0.636001273094
-0.636598175035
-0.637165488454
-0.637703554861
-0.638212730939
-0.638693388261
-0.639145912996
-0.639570705612
-0.639968180566
-0.640338765991
-0.640682903374
-0.64100104723
-0.641293664761
-0.641561235519
-0.641804251057
-0.642023214574
-0.642218640551
-0.642391054392
-0.642540992044
-0.642668999625
-0.642775633038
-0.642861457585
-0.642927047572
-0.642972985913
-0.642999863727
-0.643008279932
-0.642998840835
-0.642972159718
-0.64292885642
-0.642869556914
-0.642794892885
-0.642705501304
-0.642602023994
-0.6424851072
-0.642355401157
-0.642213559649
-0.642060239574
-0.641896100504
-0.641721804243
-0.641538014387
-0.641345395881
-0.641144614579
-0.640936336795
-0.640721228867
-0.640499956712
-0.640273185384
-0.640041578635
-0.639805798475
-0.639566504733
-0.639324354624
-0.639080002314
-0.638834098485
-0.638587289914
-0.638340219038
-0.638093523537
-0.637847835914
-0.637603783078
-0.637361985932
-0.637123058971
-0.63688760987
-0.636656239097
-0.636429539512
-0.636208095985
-0.635992485011
-0.635783274337
-0.635581022592
-0.635386278924
-0.635199582644
-0.635021462876
-0.634852438218
-0.634693016402
-0.634543693975
-0.634404955975
-0.63427727562
-0.634161114011
-0.634056919833
-0.633965129075
-0.63388616475
-0.633820436634
-0.633768341007
-0.633730260403
-0.633706563379
-0.633697604283
-0.633703723039
-0.633725244943
-0.633762480461
-0.63381572505
-0.63388525898
-0.633971347173
-0.634074239046
-0.634194168377
-0.634331353169
-0.634485995535
-0.634658281589
-0.634848381353
-0.63505644867
-0.635282621134
-0.635527020032
-0.63578975029
-0.636070900439
-0.636370542595
-0.636688732436
-0.637025509209
-0.63738089574
-0.63775489845
-0.6381475074
-0.638558696327
-0.638988422708
-0.639436627828
-0.63990323686
-0.640388158959
-0.640891287369
-0.64141249953
-0.641951657216
-0.642508606661
-0.64308317872
-0.643675189018
-0.644284438127
-0.644910711746
-0.645553780891
-0.646213402097
-0.646889317631
-0.647581255711
-0.648288930742
-0.649012043551
-0.649750281643
-0.650503319455
-0.651270818627
-0.652052428279
-0.652847785293
-0.653656514608
-0.654478229523
-0.655312532001
-0.656159012986
-0.657017252732
-0.657886821121
-0.658767278012
-0.659658173574
-0.660559048639
-0.661469435053
-0.662388856039
-0.663316826558
-0.664252853681
-0.665196436959
-0.666147068804
-0.66710423487
-0.668067414433
-0.669036080788
-0.670009701631
-0.670987739458
-0.671969651959
-0.672954892415
-0.673942910096
-0.674933150665
-0.675925056577
-0.676918067478
-0.677911620614
-0.678905151226
-0.679898092954
-0.680889878243
-0.681879938734
-0.68286770567
-0.683852610291
-0.684834084228
-0.685811559899
-0.686784470895
-0.687752252375
-0.688714341444
-0.689670177537
-0.690619202798
-0.691560862454
-0.692494605183
-0.69341988348
-0.694336154021
-0.695242878014
-0.696139521552
-0.697025555962
-0.697900458139
-0.698763710881
-0.699614803223
-0.700453230751
-0.701278495922
-0.702090108371
-0.702887585214
-0.703670451343
-0.704438239711
-0.705190491617
-0.705926756975
-0.706646594583
-0.707349572378
-0.708035267686
-0.708703267466
-0.709353168541
-0.709984577828
-0.710597112549
-0.711190400445
-0.711764079977
-0.712317800514
-0.712851222518
-0.713364017721
-0.71385586929
-0.714326471983
-0.714775532299
-0.715202768621
-0.71560791134
-0.715990702986
-0.716350898335
-0.716688264519
-0.71700258112
-0.717293640257
-0.717561246666
-0.717805217771
-0.718025383745
-0.718221587563
-0.718393685046
-0.7185415449
-0.718665048742
-0.71876409112
-0.718838579524
-0.71888843439
-0.718913589097
-0.71891398995
-0.718889596167
-0.718840379841
-0.718766325915
-0.718667432129
-0.718543708976
-0.718395179643
-0.718221879944
-0.718023858248
-0.717801175401
-0.717553904641
-0.717282131503
-0.716985953725
-0.716665481133
-0.716320835541
-0.715952150625
-0.715559571801
-0.715143256098
-0.714703372019
-0.714240099401
-0.713753629272
-0.713244163694
-0.712711915607
-0.712157108672
-0.711579977097
-0.71098076547
-0.710359728583
-0.709717131245
-0.709053248107
-0.708368363461
-0.707662771057
-0.706936773899
-0.706190684044
-0.7054248224
-0.704639518515
-0.703835110365
-0.70301194414
-0.702170374024
-0.701310761971
-0.700433477485
-0.69953889739
-0.698627405598
-0.697699392879
-0.696755256621
-0.695795400599
-0.694820234728
-0.693830174823
-0.692825642356
-0.691807064209
-0.690774872423
-0.689729503951
-0.688671400408
-0.68760100781
-0.68651877633
-0.685425160034
-0.684320616627
-0.683205607196
-0.682080595947
-0.68094604995
-0.679802438875
-0.67865023473
-0.677489911601
-0.676321945389
-0.675146813547
-0.673964994816
-0.672776968964
-0.67158321652
-0.670384218515
-0.669180456215
-0.667972410862
-0.666760563409
-0.665545394263
-0.664327383019
-0.663107008204
-0.661884747019
-0.660661075076
-0.659436466149
-0.658211391913
-0.656986321693
-0.655761722211
-0.654538057337
-0.653315787843
-0.652095371149
-0.650877261089
-0.649661907662
-0.648449756798
-0.647241250117
-0.646036824701
-0.644836912856
-0.643641941894
-0.642452333901
-0.641268505518
-0.640090867728
-0.638919825639
-0.637755778274
-0.636599118369
-0.63545023217
-0.634309499238
-0.633177292254
-0.632053976836
-0.630939911353
-0.629835446753
-0.628740926385
-0.627656685837
-0.626583052775
-0.625520346787
-0.624468879234
-0.623428953107
-0.622400862893
-0.62138489444
-0.620381324838
-0.6193904223
-0.618412446051
-0.617447646229
-0.616496263782
-0.615558530388
-0.614634668367
-0.613724890611
-0.612829400517
-0.611948391927
-0.611082049084
-0.610230546583
-0.609394049338
-0.60857271256
-0.607766681737
-0.606976092625
-0.606201071247
-0.6054417339
-0.604698187176
-0.603970527981
-0.603258843574
-0.602563211605
-0.601883700173
-0.601220367877
-0.600573263896
-0.599942428056
-0.599327890927
-0.598729673909
-0.598147789345
-0.597582240628
-0.597033022326
-0.596500120314
-0.595983511908
-0.595483166019
-0.594999043306
-0.594531096343
-0.59407926979
-0.593643500577
-0.593223718092
-0.59281984438
-0.592431794347
-0.592059475976
-0.591702790548
-0.591361632866
-0.591035891497
-0.590725449012
-0.590430182237
-0.59014996251
-0.589884655941
-0.589634123688
-0.589398222229
-0.589176803644
-0.588969715905
-0.588776803167
-0.588597906067
-0.588432862029
-0.588281505568
-0.58814366861
-0.588019180802
-0.587907869835
-0.587809561771
-0.587724081366
-0.587651252406
-0.587590898039
-0.587542841109
-0.587506904497
-0.587482911459
-0.587470685971
-0.587470053068
-0.587480839191
-0.58750287253
