-0.788557956256
-0.788531971893
-0.788480002513
-0.788402047139
-0.788298104463
-0.788168172846
-0.788012250319
-0.787830334578
-0.787622422982
-0.787388512551
-0.787128599961
-0.786842681544
-0.786530753281
-0.786192810801
-0.785828849373
-0.785438863908
-0.785022848948
-0.784580798665
-0.784112706855
-0.783618566934
-0.78309837193
-0.782552114483
-0.781979786834
-0.781381380822
-0.78075688788
-0.780106299024
-0.779429604856
-0.778726795548
-0.777997860846
-0.777242790058
-0.776461572049
-0.775654195239
-0.774820647594
-0.773960916622
-0.773074989369
-0.77216285241
-0.771224491848
-0.770259893308
-0.769269041932
-0.768251922375
-0.7672085188
-0.766138814878
-0.765042793779
-0.763920438171
-0.762771730221
-0.761596651586
-0.760395183416
-0.759167306349
-0.757913000512
-0.75663224552
-0.755325020473
-0.75399130396
-0.752631074055
-0.751244308323
-0.749830983819
-0.748391077087
-0.74692456417
-0.745431420607
-0.743911621439
-0.742365141214
-0.740791953991
-0.739192033346
-0.737565352378
-0.735911883718
-0.734231599532
-0.732524471535
-0.730790470993
-0.729029568741
-0.727241735185
-0.725426940319
-0.723585153734
-0.72171634463
-0.71982048183
-0.717897533795
-0.715947468635
-0.713970254129
-0.711965857737
-0.709934246616
-0.707875387644
-0.70578924743
-0.703675792338
-0.701534988505
-0.69936680186
-0.697171198148
-0.694948142951
-0.692697601706
-0.690419539735
-0.688113922264
-0.68578071445
-0.683419881404
-0.681031388219
-0.678615199995
-0.676171281869
-0.673699599039
-0.671200116795
-0.668672800547
-0.666117615855
-0.663534528462
-0.66092350432
-0.658284509627
-0.655617510855
-0.652922474784
-0.650199368537
-0.647448159612
-0.644668815915
-0.641861305801
-0.639025598101
-0.636161662165
-0.633269467895
-0.630348985781
-0.627400186941
-0.624423043158
-0.621417526917
-0.618383611444
-0.615321270746
-0.612230479648
-0.609111213838
-0.605963449898
-0.602787165355
-0.599582338714
-0.596348949502
-0.593086978309
-0.589796406829
-0.586477217904
-0.583129395563
-0.579752925066
-0.576347792948
-0.57291398706
-0.569451496609
-0.565960312209
-0.562440425916
-0.558891831278
-0.555314523373
-0.551708498857
-0.548073756006
-0.544410294759
-0.540718116763
-0.536997225419
-0.533247625921
-0.529469325306
-0.525662332491
-0.521826658326
-0.51796231563
-0.514069319239
-0.510147686049
-0.506197435062
-0.502218587425
-0.49821116648
-0.494175197803
-0.490110709248
-0.486017730992
-0.48189629558
-0.477746437963
-0.473568195545
-0.469361608225
-0.465126718437
-0.460863571197
-0.456572214141
-0.452252697569
-0.447905074484
-0.443529400638
-0.439125734567
-0.434694137638
-0.430234674082
-0.425747411042
-0.421232418606
-0.416689769849
-0.412119540872
-0.407521810841
-0.402896662021
-0.398244179818
-0.393564452814
-0.388857572805
-0.384123634833
-0.379362737225
-0.374574981629
-0.369760473043
-0.364919319854
-0.360051633868
-0.355157530344
-0.350237128024
-0.345290549166
-0.340317919573
-0.335319368623
-0.330295029298
-0.325245038211
-0.320169535637
-0.315068665532
-0.309942575568
-0.304791417149
-0.299615345441
-0.294414519391
-0.289189101751
-0.283939259098
-0.278665161856
-0.27336698431
-0.268044904628
-0.262699104878
-0.257329771041
-0.251937093028
-0.246521264689
-0.241082483831
-0.235620952226
-0.23013687562
-0.224630463741
-0.219101930309
-0.21355149304
-0.207979373649
-0.202385797855
-0.196770995382
-0.191135199959
-0.18547864932
-0.179801585199
-0.174104253326
-0.168386903425
-0.162649789201
-0.156893168333
-0.151117302468
-0.1453224572
-0.139508902065
-0.133676910518
-0.127826759922
-0.121958731525
-0.11607311044
-0.110170185622
-0.104250249846
-0.0983135996786
-0.0923605354509
-0.0863913612283
-0.0804063847787
-0.0744059175397
-0.068390274582
-0.0623597745727
-0.056314739736
-0.0502554958113
-0.0441823720104
-0.0380957009719
-0.0319958187144
-0.025883064587
-0.0197577812177
-0.013620314461
-0.00747101334176
-0.0013102299983
0.00486168037698
0.0110443595991
0.0172374465538
0.0234405772631
0.029653384953
0.0358755001227
0.0421065506165
0.0483461616973
0.0545939561224
0.0608495542212
0.067112573975
0.0733826310987
0.0796593391246
0.0859423094885
0.0922311516171
0.0985254730177
0.104824879371
0.111128974622
0.11743736108
0.123749639513
0.130065409248
0.136384268271
0.142705813332
0.149029640052
0.155355343024
0.161682515927
0.168010751634
0.174339642326
0.180668779603
0.186997754602
0.193326158113
0.1996535807
0.205979612819
0.21230384494
0.218625867674
0.224945271894
0.231261648863
0.237574590364
0.243883688826
0.250188537459
0.256488730379
0.262783862751
0.269073530915
0.275357332526
0.281634866691
0.287905734103
0.294169537187
0.300425880233
0.306674369542
0.312914613564
0.319146223047
0.325368811171
0.331581993702
0.337785389132
0.343978618825
0.350161307166
0.356333081704
0.362493573304
0.368642416293
0.374779248607
0.380903711941
0.3870154519
0.393114118144
0.399199364544
0.405270849324
0.411328235216
0.417371189609
0.423399384697
0.429412497633
0.435410210671
0.441392211325
0.447358192508
0.45330785269
0.459240896041
0.465157032581
0.471055978327
0.476937455438
0.482801192368
0.488646924004
0.494474391815
0.500283343998
0.506073535616
0.511844728746
0.517596692619
0.523329203757
0.52904204612
0.534735011237
0.540407898346
0.546060514533
0.551692674863
0.557304202512
0.562894928903
0.568464693836
0.574013345613
0.579540741168
0.585046746194
0.590531235262
0.59599409195
0.601435208956
0.606854488222
0.612251841047
0.617627188201
0.622980460042
0.628311596619
0.633620547788
0.638907273308
0.644171742955
0.649413936613
0.654633844381
0.659831466663
0.665006814264
0.670159908481
0.67529078119
0.680399474934
0.685486043002
0.690550549512
0.695593069488
0.700613688931
0.705612504892
0.710589625541
0.715545170231
0.72047926956
0.725392065426
0.730283711088
0.735154371214
0.740004221931
0.744833450869
0.749642257203
0.75443085169
0.759199456706
0.763948306275
0.768677646093
0.773387733558
0.778078837785
0.782751239619
0.787405231655
0.792041118236
0.796659215466
0.801259851202
0.805843365054
0.810410108375
0.81496044425
0.819494747476
0.824013404543
0.82851681361
0.833005384471
0.837479538523
0.841939708731
0.846386339577
0.850819887019
0.855240818438
0.859649612578
0.864046759487
0.868432760452
0.872808127927
0.877173385457
0.881529067602
0.885875719845
0.89021389851
0.894544170666
0.898867114022
0.903183316831
0.907493377778
0.911797905865
0.916097520293
0.920392850341
0.924684535235
0.928973224016
0.9332595754
0.937544257637
0.941827948364
0.946111334447
0.950395111829
0.954679985362
0.958966668642
0.963255883836
0.967548361504
0.971844840414
0.976146067358
0.98045279696
0.984765791472
0.989085820581
0.993413661194
0.997750097231
1.00209591941
1.00645192501
1.01081891767
1.01519770714
1.01958910906
1.02399394469
1.02841304071
1.03284722892
1.03729734602
1.04176423337
1.04624873667
1.05075170573
1.05527399419
1.05981645927
1.06437996144
1.06896536417
1.07357353363
1.07820533842
1.08286164924
1.0875433386
1.09225128054
1.0969863503
1.101749424
1.10654137836
1.11136309033
1.11621543684
1.1210992944
1.12601553881
1.13096504485
1.13594868588
1.14096733358
1.14602185756
1.15111312501
1.15624200041
1.16140934513
1.16661601708
1.1718628704
1.17715075507
1.18248051656
1.18785299546
1.19326902716
1.19872944144
1.20423506214
1.20978670676
1.21538518613
1.22103130402
1.22672585678
1.23246963296
1.23826341295
1.24410796861
1.25000406288
1.25595244943
1.26195387225
1.26800906535
1.2741187523
1.28028364591
1.28650444785
1.29278184827
1.29911652544
1.30550914534
1.31196036137
1.31847081389
1.32504112991
1.33167192272
1.3383637915
1.34511732096
1.35193308102
1.35881162639
1.36575349626
1.37275921393
1.37982928643
1.38696420423
1.39416444082
1.40143045245
1.40876267769
1.41616153719
1.42362743326
1.4311607496
1.43876185094
1.44643108274
1.45416877085
1.46197522117
1.46985071942
1.47779553075
1.48580989946
1.49389404874
1.50204818033
1.51027247425
1.51856708852
1.52693215888
1.53536779852
1.54387409781
1.55245112404
1.56109892116
1.56981750955
1.57860688576
1.58746702227
1.59639786729
1.60539934449
1.61447135283
1.62361376633
1.63282643384
1.64210917892
1.65146179955
1.66088406805
1.67037573083
1.67993650827
1.68956609454
1.69926415746
1.70903033834
1.71886425188
1.72876548602
1.73873360181
1.74876813333
1.75886858758
1.76903444437
1.77926515627
1.78956014849
1.79991881887
1.81034053776
1.82082464803
1.83137046501
1.84197727642
1.85264434243
1.86337089558
1.87415614081
1.88499925546
1.89589938929
1.9068556645
1.91786717578
1.92893299035
1.940052148
1.9512236612
1.9624465151
1.97371966771
1.9850420499
1.9964125656
2.00783009184
2.01929347889
2.03080155043
2.04235310366
2.05394690949
2.06558171265
2.07725623191
2.08896916027
2.10071916511
2.11250488845
2.12432494711
2.136177933
2.14806241327
2.15997693064
2.17192000362
2.18389012673
2.19588577087
2.20790538352
2.21994738906
2.2320101891
2.24409216274
2.25619166695
2.26830703685
2.28043658611
2.29257860723
2.30473137195
2.31689313161
2.32906211751
2.34123654132
2.35341459546
2.36559445352
2.37777427063
2.38995218395
2.40212631305
2.41429476035
2.42645561159
2.43860693628
2.45074678813
2.46287320558
2.4749842122
2.48707781724
2.49915201611
2.51120479085
2.52323411067
2.53523793243
2.5472142012
2.55916085075
2.57107580412
2.5829569741
2.59480226386
2.60660956741
2.61837677023
2.6301017498
2.64178237614
2.65341651245
2.66500201562
2.67653673685
2.68801852223
2.69944521331
2.71081464772
2.72212465976
2.733373081
2.74455774087
2.75567646728
2.76672708724
2.77770742748
2.78861531501
2.79944857781
2.81020504541
2.82088254951
2.83147892461
2.84199200864
2.85241964359
2.86275967611
2.87300995816
2.88316834761
2.89323270891
2.90320091366
2.91307084129
2.92284037965
2.93250742563
2.94206988581
2.95152567705
2.96087272714
2.97010897539
2.97923237326
2.98824088494
2.99713248802
3.00590517404
3.01455694912
3.02308583453
3.03148986734
3.03976710096
3.04791560572
3.05593346951
3.06381879831
3.07156971675
3.07918436873
3.08666091794
3.09399754842
3.1011924651
3.1082438944
3.11515008467
3.1219093068
3.12851985471
3.13498004587
3.1412882218
3.14744274858
3.15344201733
3.15928444472
3.1649684734
3.17049257251
3.17585523812
3.18105499368
3.18609039048
3.19096000802
3.19566245451
3.20019636723
3.20456041296
3.20875328835
3.2127737203
3.21662046636
3.22029231506
3.22378808628
3.22710663158
3.23024683452
3.23320761101
3.23598790957
3.23858671166
3.24100303193
3.24323591854
3.24528445338
3.24714775232
3.24882496546
3.25031527734
3.25161790719
3.25273210906
3.25365717208
3.25439242057
3.25493721426
3.2552909484
3.25545305392
3.25542299754
3.25520028189
3.25478444561
3.25417506343
3.25337174625
3.25237414121
3.25118193173
3.24979483752
3.24821261467
3.24643505558
3.24446198903
3.24229328011
3.23992883023
3.23736857707
3.23461249451
3.23166059259
3.2285129174
3.22516955105
3.22163061151
3.21789625249
3.21396666339
3.20984206907
3.20552272975
3.20100894086
3.1963010328
3.19139937084
3.18630435485
3.18101641914
3.17553603221
3.16986369652
3.16399994827
3.15794535714
3.15170052599
3.14526609065
3.13864271956
3.13183111354
3.12483200544
3.11764615985
3.11027437276
3.10271747122
3.09497631304
3.08705178635
3.07894480932
3.07065632975
3.0621873247
3.05353880008
3.04471179027
3.03570735774
3.02652659258
3.01717061212
3.00764056049
2.9979376082
2.98806295165
2.97801781274
2.9678034384
2.95742110009
2.94687209337
2.93615773742
2.92527937455
2.91423836973
2.9030361101
2.89167400445
2.88015348275
2.86847599564
2.85664301393
2.84465602806
2.83251654761
2.82022610081
2.80778623393
2.79519851086
2.78246451253
2.76958583638
2.75656409584
2.7434009198
2.73009795208
2.71665685089
2.70307928829
2.68936694965
2.67552153313
2.66154474914
2.64743831979
2.63320397835
2.61884346874
2.60435854496
2.58975097059
2.57502251824
2.560174969
2.54521011195
2.53012974359
2.51493566734
2.49962969303
2.48421363634
2.4686893183
2.45305856479
2.43732320601
2.42148507597
2.40554601201
2.38950785427
2.37337244523
2.35714162917
2.34081725171
2.32440115937
2.30789519899
2.29130121737
2.27462106073
2.25785657427
2.24100960174
2.22408198493
2.20707556331
2.18999217351
2.17283364896
2.15560181941
2.13829851056
2.12092554361
2.10348473489
2.08597789545
2.06840683065
2.05077333984
2.03307921591
2.01532624499
1.99751620605
1.97965087057
1.96173200219
1.94376135639
1.92574068015
1.90767171164
1.8895561799
1.87139580457
1.85319229556
1.83494735279
1.81666266593
1.79833991409
1.77998076562
1.76158687781
1.74315989669
1.72470145678
1.70621318088
1.68769667986
1.66915355243
1.65058538499
1.63199375142
1.61338021292
1.59474631781
1.57609360142
1.55742358592
1.53873778015
1.52003767957
1.50132476606
1.48260050784
1.46386635937
1.44512376128
1.42637414022
1.40761890884
1.38885946572
1.37009719527
1.35133346773
1.33256963909
1.3138070511
1.29504703119
1.2762908925
1.25753993386
1.23879543978
1.22005868046
1.20133091182
1.18261337552
1.16390729899
1.14521389545
1.12653436399
1.10786988962
1.08922164331
1.07059078206
1.05197844902
1.03338577351
1.01481387115
0.996263843953
0.977736780417
0.959233755636
0.940755831419
0.922304056406
0.903879466202
0.885483083503
0.867115918234
0.848778967699
0.83047321672
0.812199637796
0.793959191262
0.775752825446
0.757581476841
0.739446070276
0.721347519087
0.703286725301
0.685264579818
0.667281962595
0.649339742837
0.63143877919
0.613579919936
0.595764003194
0.577991857116
0.560264300094
0.542582140966
0.524946179218
0.507357205202
0.489816000335
0.472323337322
0.454879980363
0.437486685368
0.420144200171
0.402853264748
0.385614611431
0.368428965123
0.351297043515
0.334219557304
0.3171972104
0.300230700153
0.283320717553
0.266467947456
0.249673068785
0.232936754747
0.216259673038
0.199642486051
0.183085851083
0.166590420535
0.150156842115
0.133785759033
0.117477810203
0.101233630428
0.0850538505961
0.0689390978638
0.0528899958413
0.0369071647719
0.0209912217088
0.00514278068767
-0.0106375471043
-0.0263491531636
-0.0419914315097
-0.0575637785289
-0.0730655928219
-0.0884962750571
-0.103855227828
-0.119141855514
-0.13435556415
-0.149495761296
-0.164561855919
-0.179553258269
-0.194469379774
-0.209309632928
-0.224073431195
-0.238760188911
-0.253369321197
-0.267900243872
-0.28235237338
-0.296725126715
-0.31101792136
-0.325230175221
-0.339361306581
-0.353410734052
-0.36737787653
-0.381262153165
-0.395062983336
-0.408779786623
-0.422411982798
-0.435958991816
-0.449420233812
-0.462795129107
-0.476083098219
-0.489283561883
-0.502395941073
-0.515419657038
-0.528354131333
-0.54119878587
-0.553953042968
-0.566616325407
-0.579188056497
-0.591667660144
-0.604054560932
-0.616348184203
-0.628547956148
-0.640653303906
-0.65266365566
-0.664578440752
-0.676397089798
-0.688119034803
-0.699743709294
-0.711270548453
-0.72269898925
-0.734028470595
-0.745258433483
-0.756388321155
-0.767417579255
-0.778345655999
-0.789172002347
-0.799896072182
-0.81051732249
-0.821035213551
-0.831449209128
-0.841758776667
-0.851963387496
-0.862062517036
-0.872055645008
-0.881942255649
-0.891721837931
-0.901393885786
-0.910957898329
-0.920413380093
-0.929759841261
-0.938996797903
-0.948123772216
-0.957140292773
-0.966045894763
-0.974840120242
-0.98352251839
-0.992092645759
-1.00055006653
-1.00889435279
-1.01712508475
-1.02524185105
-1.033244249
-1.04113188487
-1.04890437413
-1.0565613417
-1.06410242228
-1.07152726058
-1.07883551156
-1.08602684078
-1.09310092459
-1.10005745044
-1.10689611715
-1.11361663516
-1.12021872682
-1.12670212665
-1.13306658158
-1.13931185128
-1.14543770835
-1.15144393863
-1.15733034145
-1.16309672988
-1.168742931
-1.17426878614
-1.17967415115
-1.18495889663
-1.1901229082
-1.19516608671
-1.20008834851
-1.20488962568
-1.20956986627
-1.21412903449
-1.21856711101
-1.22288409309
-1.22707999488
-1.2311548476
-1.23510869972
-1.23894161723
-1.24265368376
-1.24624500086
-1.24971568811
-1.25306588335
-1.25629574284
-1.25940544145
-1.26239517281
-1.26526514948
-1.26801560308
-1.27064678449
-1.27315896394
-1.27555243116
-1.27782749555
-1.27998448624
-1.28202375223
-1.28394566252
-1.28575060619
-1.28743899248
-1.28901125093
-1.29046783139
-1.29180920415
-1.29303585997
-1.29414831014
-1.29514708657
-1.29603274176
-1.29680584889
-1.29746700184
-1.29801681517
-1.29845592416
-1.29878498481
-1.29900467384
-1.29911568863
-1.29911874725
-1.2990145884
-1.29880397137
-1.29848767599
-1.29806650259
-1.2975412719
-1.29691282501
-1.29618202326
-1.29534974816
-1.29441690129
-1.29338440417
-1.29225319817
-1.29102424438
-1.28969852343
-1.28827703542
-1.2867607997
-1.28515085474
-1.28344825796
-1.28165408552
-1.27976943219
-1.27779541109
-1.27573315354
-1.27358380881
-1.27134854391
-1.26902854337
-1.26662500897
-1.26413915954
-1.26157223068
-1.25892547448
-1.25620015928
-1.25339756939
-1.25051900477
-1.24756578078
-1.24453922784
-1.24144069114
-1.23827153033
-1.23503311918
-1.23172684525
-1.22835410956
-1.22491632624
-1.22141492215
-1.21785133659
-1.21422702084
-1.21054343789
-1.20680206196
-1.20300437817
-1.19915188216
-1.19524607965
-1.19128848605
-1.18728062608
-1.18322403331
-1.17912024975
-1.17497082547
-1.1707773181
-1.16654129242
-1.16226431996
-1.15794797847
-1.15359385156
-1.14920352817
-1.14477860216
-1.14032067182
-1.13583133944
-1.13131221078
-1.12676489464
-1.12219100239
-1.11759214744
-1.11296994482
-1.10832601066
-1.10366196168
-1.09897941476
-1.09427998638
-1.08956529219
-1.08483694646
-1.0800965616
-1.0753457477
-1.07058611196
-1.06581925823
-1.06104678651
-1.05627029246
-1.05149136683
-1.04671159504
-1.04193255663
-1.03715582479
-1.0323829658
-1.02761553859
-1.02285509423
-1.01810317539
-1.01336131589
-1.00863104017
-1.00391386281
-0.999211288057
-0.994524809286
-0.989855908557
-0.985206056108
-0.980576709879
-0.975969315028
-0.971385303457
-0.966826093339
-0.962293088646
-0.957787678687
-0.95331123764
-0.9488651241
-0.944450680622
-0.940069233272
-0.935722091185
-0.931410546122
-0.927135872041
-0.92289932466
-0.918702141042
-0.914545539169
-0.910430717537
-0.906358854744
-0.902331109093
-0.898348618197
-0.894412498595
-0.890523845365
-0.886683731755
-0.882893208817
-0.879153305044
-0.87546502602
-0.871829354074
-0.868247247943
-0.864719642445
-0.861247448152
-0.857831551081
-0.85447281239
-0.851172068075
-0.847930128686
-0.844747779046
-0.841625777979
-0.83856485805
-0.835565725308
-0.832629059043
-0.829755511551
-0.826945707909
-0.824200245757
-0.82151969509
-0.818904598062
-0.816355468799
-0.813872793217
-0.811457028858
-0.80910860473
-0.806827921159
-0.804615349648
-0.802471232753
-0.800395883962
-0.798389587591
-0.796452598681
-0.794585142918
-0.792787416549
-0.791059586323
-0.789401789431
-0.787814133463
-0.786296696373
-0.784849526456
-0.783472642335
-0.782166032955
-0.780929657598
-0.779763445898
-0.77866729787
-0.777641083952
-0.776684645055
-0.775797792628
-0.774980308726
-0.774231946096
-0.77355242827
-0.772941449671
-0.772398675727
-0.771923742994
-0.7715162593
-0.771175803884
-0.770901927555
-0.770694152865
-0.770551974281
-0.770474858377
-0.770462244029
-0.770513542631
-0.770628138307
-0.770805388143
-0.771044622427
-0.771345144899
-0.771706233006
-0.772127138175
-0.77260708609
-0.773145276979
-0.773740885914
-0.774393063114
-0.775100934268
-0.775863600851
-0.776680140469
-0.777549607193
-0.778471031918
-0.779443422721
-0.780465765232
-0.78153702301
-0.782656137931
-0.783822030585
-0.785033600673
-0.786289727423
-0.787589270006
-0.788931067964
-0.79031394164
-0.791736692622
-0.793198104191
-0.794696941775
-0.796231953413
-0.797801870221
-0.799405406868
-0.801041262062
-0.802708119031
-0.804404646022
-0.806129496799
-0.807881311148
-0.809658715391
-0.811460322897
-0.813284734609
-0.815130539566
-0.816996315438
-0.81888062906
-0.82078203697
-0.822699085957
-0.824630313609
-0.82657424886
-0.828529412555
-0.830494317999
-0.832467471526
-0.834447373064
-0.8364325167
-0.838421391252
-0.840412480843
-0.842404265476
-0.844395221611
-0.846383822742
-0.848368539984
-0.850347842644
-0.852320198816
-0.854284075957
-0.856237941472
-0.858180263305
-0.860109510517
-0.862024153875
-0.863922666439
-0.865803524144
-0.867665206383
-0.869506196597
-0.871324982848
-0.873120058409
-0.87488992234
-0.876633080065
-0.87834804395
-0.880033333877
-0.881687477815
-0.883309012391
-0.884896483456
-0.886448446647
-0.887963467949
-0.889440124253
-0.89087700391
-0.892272707277
-0.893625847267
-0.89493504989
-0.896198954788
-0.89741621577
-0.898585501341
-0.899705495221
-0.900774896867
-0.901792421983
-0.902756803026
-0.90366678971
-0.904521149501
-0.905318668101
-0.906058149936
-0.906738418633
-0.907358317481
-0.907916709905
-0.908412479912
-0.908844532545
-0.909211794321
-0.909513213664
-0.909747761335
-0.909914430842
-0.910012238856
-0.91004022561
-0.909997455292
-0.909883016429
-0.909696022262
-0.909435611114
-0.909100946749
-0.908691218717
-0.908205642698
-0.907643460827
-0.907003942019
-0.906286382276
-0.905490104994
-0.904614461244
-0.903658830064
-0.902622618722
-0.901505262981
-0.900306227348
-0.899025005313
-0.897661119579
-0.896214122282
-0.894683595195
-0.893069149931
-0.891370428121
-0.889587101598
-0.887718872554
-0.885765473696
-0.883726668389
-0.881602250781
-0.879392045928
-0.877095909899
-0.874713729872
-0.872245424219
-0.869690942579
-0.867050265919
-0.864323406587
-0.861510408346
-0.858611346404
-0.855626327427
-0.852555489545
-0.849399002341
-0.84615706683
-0.842829915432
-0.839417811924
-0.835921051388
-0.832339960142
-0.828674895662
-0.824926246492
-0.821094432144
-0.817179902982
-0.813183140098
-0.809104655178
-0.80494499035
-0.800704718028
-0.79638444074
-0.791984790947
-0.78750643085
-0.782950052183
-0.778316376002
-0.773606152454
-0.768820160545
-0.763959207884
-0.759024130434
-0.754015792234
-0.748935085121
-0.743782928442
-0.738560268751
-0.733268079496
-0.727907360701
-0.72247913863
-0.716984465451
-0.711424418881
-0.705800101824
-0.700112642006
-0.694363191591
-0.688552926792
-0.682683047474
-0.676754776748
-0.670769360555
-0.664728067238
-0.658632187116
-0.652483032036
-0.646281934928
-0.640030249345
-0.633729349
-0.627380627295
-0.620985496835
-0.614545388948
-0.608061753184
-0.601536056818
-0.594969784343
-0.58836443695
-0.581721532014
-0.575042602561
-0.568329196743
-0.56158287729
-0.554805220976
-0.547997818062
-0.541162271748
-0.53430019761
-0.527413223037
-0.520502986666
-0.513571137807
-0.506619335866
-0.49964924977
-0.492662557379
-0.485660944901
-0.478646106301
-0.471619742712
-0.464583561836
-0.45753927735
-0.450488608302
-0.443433278513
-0.436375015974
-0.429315552238
-0.422256621816
-0.415199961573
-0.408147310115
-0.401100407184
-0.394060993049
-0.387030807899
-0.380011591232
-0.373005081248
-0.366013014244
-0.359037124006
-0.352079141202
-0.345140792784
-0.338223801378
-0.331329884691
-0.324460754907
-0.317618118096
-0.310803673615
-0.304019113522
-0.297266121987
-0.290546374706
-0.283861538321
-0.277213269842
-0.270603216073
-0.264033013045
-0.257504285446
-0.251018646065
-0.244577695232
-0.238183020271
-0.231836194949
-0.225538778939
-0.219292317285
-0.213098339871
-0.206958360896
-0.200873878363
-0.194846373559
-0.18887731056
-0.182968135726
-0.177120277214
-0.171335144494
-0.16561412787
-0.159958598016
-0.154369905509
-0.148849380378
-0.143398331661
-0.138018046961
-0.132709792024
-0.127474810313
-0.122314322596
-0.117229526548
-0.112221596347
-0.107291682298
-0.102440910449
-0.0976703822288
-0.0929811740862
-0.0883743371429
-0.0838508968548
-0.079411852683
-0.0750581777749
-0.0707908186556
-0.0666106949283
-0.0625186989865
-0.0585156957352
-0.0546025223231
-0.0507799878851
-0.0470488732956
-0.0434099309319
-0.0398638844493
-0.0364114285658
-0.0330532288587
-0.0297899215712
-0.0266221134311
-0.0235503814794
-0.0205752729106
-0.017697304924
-0.0149169645865
-0.0122347087057
-0.00965096371508
-0.0071661255704
-0.00478055965677
-0.00249460070757
-0.000308552734473
0.00177731103119
0.00376274818574
0.00564754718917
0.00743152738982
0.00911453903774
0.0106964632868
0.0121772121855
0.0135567286565
0.0148349864653
0.0160119901767
0.0170877751017
0.0180624072319
0.0189359831633
0.0197086300094
0.0203805053031
0.0209517968875
0.0214227227962
0.0217935311225
0.0220644998785
0.0222359368425
0.0223081793972
0.0222815943564
0.0221565777818
0.021933554789
0.0216129793446
0.0211953340512
0.0206811299247
0.0200709061594
0.0193652298855
0.0185646959153
0.0176699264807
0.016681570961
0.0156003056016
0.0144268332234
0.013161882923
0.0118062097645
0.0103605944618
0.00882584305312
0.00720278656638
0.00549228067654
0.00369520535473
0.00181246450933
-0.000155014380817
-0.00220628064088
-0.00434036078211
-0.00655625889129
-0.00885295702731
-0.011229415625
-0.0136845739055
-0.0162173502939
-0.0188266428427
-0.021511329662
-0.0242702693564
-0.0271023014664
-0.0300062469173
-0.0329809084727
-0.0360250711935
-0.0391375029028
-0.0423169546549
-0.0455621612096
-0.0488718415119
-0.0522446991745
-0.0556794229663
-0.0591746873038
-0.0627291527469
-0.0663414664984
-0.0700102629064
-0.073734163971
-0.0775117798529
-0.0813417093857
-0.0852225405908
-0.089152851194
-0.0931312091454
-0.0971561731406
-0.101226293144
-0.105340110914
-0.109496160529
-0.113692968915
-0.117929056373
-0.122202937113
-0.126513119778
-0.130858107977
-0.135236400817
-0.139646493432
-0.144086877513
-0.148556041839
-0.153052472807
-0.157574654959
-0.16212107151
-0.166690204874
-0.17128053719
-0.175890550846
-0.180518728997
-0.185163556089
-0.189823518372
-0.194497104418
-0.199182805634
-0.203879116767
-0.208584536417
-0.213297567534
-0.218016717924
-0.222740500743
-0.227467434989
-0.232196045994
-0.236924865907
-0.241652434177
-0.246377298026
-0.251098012927
-0.255813143065
-0.260521261803
-0.265220952142
-0.269910807168
-0.2745894305
-0.279255436738
-0.283907451889
-0.288544113804
-0.293164072603
-0.297765991086
-0.302348545152
-0.306910424203
-0.31145033154
-0.315966984758
-0.320459116134
-0.324925473
-0.329364818122
-0.333775930058
-0.338157603522
-0.342508649731
-0.346827896746
-0.351114189814
-0.355366391688
-0.359583382953
-0.363764062337
-0.367907347014
-0.372012172899
-0.376077494944
-0.380102287407
-0.384085544134
-0.388026278816
-0.39192352525
-0.395776337581
-0.399583790543
-0.403344979689
-0.407059021612
-0.410725054156
-0.414342236625
-0.417909749973
-0.421426796992
-0.424892602492
-0.428306413467
-0.431667499258
-0.434975151702
-0.438228685273
-0.441427437219
-0.444570767686
-0.447658059828
-0.450688719921
-0.453662177457
-0.45657788523
-0.459435319422
-0.462233979668
-0.46497338912
-0.467653094501
-0.470272666146
-0.47283169804
-0.475329807843
-0.477766636909
-0.48014185029
-0.482455136743
-0.484706208714
-0.486894802325
-0.489020677349
-0.491083617169
-0.493083428743
-0.495019942544
-0.496893012508
-0.498702515958
-0.500448353535
-0.502130449106
-0.503748749673
-0.505303225276
-0.506793868877
-0.508220696249
-0.509583745847
-0.510883078677
-0.512118778153
-0.513290949955
-0.514399721868
-0.515445243618
-0.51642768671
-0.517347244239
-0.518204130718
-0.518998581874
-0.519730854461
-0.520401226044
-0.521009994798
-0.521557479279
-0.522044018209
-0.522469970236
-0.522835713701
-0.523141646396
-0.523388185309
-0.523575766375
-0.523704844209
-0.523775891843
-0.523789400451
-0.523745879076
-0.523645854341
-0.523489870165
-0.52327848747
-0.523012283883
-0.522691853432
-0.522317806239
-0.521890768214
-0.521411380732
-0.520880300317
-0.520298198319
-0.519665760584
-0.518983687127
-0.51825269179
-0.517473501911
-0.516646857978
-0.515773513288
-0.514854233595
-0.513889796762
-0.512880992409
-0.511828621555
-0.510733496261
-0.509596439271
-0.508418283646
-0.507199872405
-0.505942058152
-0.504645702715
-0.503311676773
-0.501940859485
-0.500534138121
-0.499092407686
-0.497616570547
-0.496107536061
-0.494566220196
-0.492993545157
-0.491390439011
-0.489757835309
-0.488096672711
-0.486407894608
-0.484692448751
-0.482951286868
-0.481185364296
-0.479395639603
-0.477583074216
-0.475748632045
-0.47389327912
-0.47201798321
-0.470123713462
-0.468211440031
-0.466282133715
-0.464336765589
-0.462376306648
-0.460401727438
-0.45841399771
-0.456414086054
-0.454402959551
-0.452381583424
-0.450350920684
-0.448311931791
-0.446265574308
-0.444212802564
-0.442154567316
-0.440091815417
-0.438025489488
-0.435956527589
-0.4338858629
-0.431814423398
-0.429743131548
-0.427672903985
-0.425604651214
-0.423539277301
-0.421477679579
-0.419420748352
-0.417369366603
-0.415324409713
-0.413286745176
-0.411257232325
-0.409236722059
-0.407226056579
-0.405226069124
-0.403237583716
-0.401261414907
-0.399298367534
-0.397349236477
-0.395414806424
-0.393495851639
-0.39159313574
-0.389707411475
-0.387839420514
-0.385989893236
-0.384159548528
-0.382349093589
-0.380559223737
-0.378790622228
-0.377043960072
-0.375319895861
-0.373619075605
-0.371942132567
-0.370289687109
-0.368662346544
-0.367060704991
-0.365485343241
-0.363936828624
-0.362415714886
-0.360922542072
-0.359457836411
-0.358022110213
-0.356615861771
-0.355239575265
-0.353893720679
-0.352578753718
-0.351295115735
-0.350043233664
-0.348823519962
-0.347636372547
-0.346482174758
-0.345361295307
-0.344274088246
-0.343220892938
-0.342202034034
-0.341217821455
-0.340268550384
-0.339354501259
-0.33847593978
-0.337633116911
-0.3368262689
-0.336055617299
-0.335321368989
-0.334623716214
-0.333962836622
-0.333338893307
-0.332752034864
-0.332202395442
-0.331690094811
-0.33121523843
-0.330777917519
-0.330378209144
-0.330016176299
-0.329691868002
-0.32940531939
-0.329156551821
-0.328945572987
-0.328772377024
-0.328636944631
-0.328539243199
-0.328479226936
-0.328456837005
-0.328472001662
-0.328524636403
-0.328614644112
-0.328741915218
-0.328906327853
-0.329107748016
-0.329346029742
-0.329621015276
-0.329932535252
-0.330280408869
-0.330664444087
-0.331084437809
-0.331540176078
-0.332031434278
-0.332557977334
-0.333119559916
-0.333715926655
-0.334346812349
-0.335011942183
-0.335711031953
-0.336443788281
-0.337209908848
-0.338009082621
-0.338840990087
-0.339705303486
-0.340601687051
-0.341529797245
-0.342489283012
-0.343479786011
-0.344500940875
-0.345552375453
-0.346633711066
-0.347744562756
-0.34888453955
-0.350053244708
-0.351250275987
-0.3524752259
-0.353727681978
-0.355007227033
-0.356313439419
-0.3576458933
-0.359004158915
-0.360387802843
-0.361796388271
-0.363229475261
-0.364686621017
-0.366167380154
-0.367671304967
-0.369197945695
-0.370746850794
-0.3723175672
-0.3739096406
-0.375522615695
-0.37715603647
-0.378809446455
-0.380482388993
-0.382174407502
-0.383885045736
-0.385613848048
-0.387360359649
-0.389124126865
-0.390904697396
-0.392701620566
-0.394514447584
-0.396342731787
-0.398186028893
-0.400043897246
-0.401915898064
-0.403801595676
-0.405700557764
-0.407612355601
-0.409536564282
-0.411472762959
-0.413420535065
-0.415379468543
-0.417349156065
-0.419329195253
-0.421319188892
-0.423318745144
-0.425327477754
-0.427345006257
-0.429370956174
-0.431404959215
-0.433446653468
-0.435495683587
-0.437551700979
-0.439614363981
-0.441683338041
-0.443758295883
-0.445838917679
-0.447924891209
-0.450015912019
-0.452111683574
-0.454211917406
-0.456316333255
-0.458424659212
-0.460536631846
-0.462651996338
-0.464770506599
-0.466891925388
-0.469016024426
-0.471142584503
-0.473271395577
-0.475402256871
-0.477534976964
-0.479669373873
-0.481805275137
-0.483942517886
-0.486080948909
-0.488220424718
-0.490360811603
-0.492501985682
-0.494643832946
-0.496786249297
-0.498929140581
-0.501072422613
-0.503216021201
-0.505359872157
-0.50750392131
-0.509648124503
-0.511792447595
-0.513936866449
-0.516081366918
-0.51822594482
-0.520370605917
-0.522515365875
-0.52466025023
-0.526805294338
-0.528950543327
-0.531096052038
-0.533241884961
-0.535388116168
-0.537534829235
-0.539682117164
-0.541830082295
-0.54397883621
-0.546128499639
-0.548279202356
-0.550431083065
-0.552584289287
-0.554738977239
-0.556895311707
-0.559053465915
-0.561213621384
-0.563375967793
-0.565540702829
-0.567708032031
-0.569878168639
-0.572051333419
-0.574227754504
-0.576407667216
-0.578591313887
-0.580778943677
-0.582970812383
-0.585167182252
-0.587368321778
-0.589574505502
-0.591786013806
-0.594003132705
-0.596226153628
-0.598455373203
-0.600691093033
-0.60293361947
-0.605183263384
-0.607440339931
-0.609705168316
-0.611978071548
-0.614259376203
-0.616549412172
-0.61884851241
-0.621157012689
-0.623475251336
-0.625803568977
-0.628142308278
-0.630491813677
-0.632852431121
-0.6352245078
-0.637608391874
-0.6400044322
-0.642412978065
-0.644834378903
-0.647268984023
-0.649717142333
-0.652179202054
-0.654655510446
-0.657146413526
-0.659652255782
-0.662173379898
-0.664710126463
-0.667262833695
-0.669831837152
-0.672417469451
-0.675020059988
-0.677639934647
-0.680277415527
-0.682932820652
-0.685606463695
-0.688298653693
-0.691009694774
-0.693739885871
-0.696489520452
-0.699258886241
-0.702048264943
-0.704857931977
-0.707688156199
-0.710539199641
-0.713411317238
-0.716304756572
-0.719219757602
-0.722156552416
-0.725115364965
-0.728096410817
-0.731099896907
-0.734126021285
-0.737174972882
-0.74024693126
-0.743342066384
-0.746460538386
-0.749602497339
-0.752768083028
-0.755957424734
-0.759170641019
-0.762407839509
-0.765669116692
-0.768954557715
-0.772264236182
-0.775598213967
-0.778956541024
-0.782339255203
-0.785746382075
-0.789177934759
-0.792633913753
-0.796114306779
-0.799619088623
-0.803148220986
-0.806701652341
-0.810279317797
-0.813881138963
-0.817507023827
-0.821156866634
-0.824830547777
-0.828527933682
-0.832248876719
-0.8359932151
-0.839760772795
-0.843551359452
-0.847364770325
-0.851200786206
-0.855059173362
-0.858939683491
-0.862842053666
-0.866766006304
-0.870711249131
-0.874677475159
-0.878664362667
-0.882671575194
-0.886698761532
-0.890745555736
-0.894811577131
-0.898896430334
-0.902999705281
-0.907120977258
-0.911259806945
-0.915415740466
-0.919588309442
-0.923777031056
-0.927981408124
-0.932200929176
-0.936435068537
-0.940683286425
-0.944945029048
-0.949219728715
-0.95350680395
-0.957805659614
-0.962115687037
-0.966436264153
-0.970766755646
-0.975106513101
-0.979454875165
-0.983811167706
-0.988174703996
-0.992544784882
-0.996920698979
-1.00130172286
-1.00568712125
-1.01007614726
-1.01446804256
-1.01886203764
-1.023257352
-1.02765319442
-1.03204876316
-1.03644324624
-1.04083582169
-1.04522565777
-1.04961191329
-1.05399373783
-1.05837027204
-1.06274064795
-1.06710398919
-1.07145941132
-1.07580602215
-1.08014292201
-1.08446920406
-1.08878395461
-1.09308625346
-1.09737517418
-1.10164978447
-1.10590914648
-1.11015231714
-1.11437834851
-1.11858628812
-1.12277517934
-1.12694406167
-1.13109197119
-1.13521794081
-1.13932100073
-1.14340017876
-1.14745450066
-1.15148299057
-1.15548467137
-1.15945856501
-1.16340369295
-1.1673190765
-1.17120373722
-1.1750566973
-1.17887697997
-1.18266360983
-1.1864156133
-1.19013201898
-1.19381185806
-1.19745416469
-1.20105797638
-1.20462233442
-1.20814628424
-1.21162887581
-1.21506916405
-1.21846620921
-1.22181907729
-1.22512684038
-1.22838857712
-1.23160337302
-1.23477032092
-1.23788852132
-1.24095708282
-1.24397512245
-1.24694176612
-1.24985614894
-1.25271741564
-1.25552472093
-1.25827722988
-1.26097411831
-1.26361457311
-1.26619779269
-1.26872298725
-1.27118937921
-1.27359620354
-1.27594270811
-1.27822815405
-1.2804518161
-1.28261298292
-1.28471095747
-1.28674505733
-1.28871461499
-1.29061897823
-1.2924575104
-1.29422959076
-1.29593461476
-1.29757199436
-1.29914115832
-1.30064155249
-1.30207264013
-1.30343390211
-1.30472483728
-1.30594496266
-1.30709381374
-1.30817094473
-1.3091759288
-1.31010835831
-1.31096784509
-1.31175402061
-1.31246653622
-1.3131050634
-1.3136692939
-1.31415893999
-1.31457373463
-1.31491343166
-1.31517780596
-1.31536665363
-1.31547979216
-1.31551706055
-1.3154783195
-1.3153634515
-1.31517236097
-1.31490497441
-1.31456124045
-1.31414113002
-1.3136446364
-1.3130717753
-1.31242258497
-1.31169712626
-1.31089548264
-1.31001776031
-1.30906408818
-1.30803461798
-1.30692952419
-1.30574900413
-1.30449327794
-1.30316258857
-1.30175720179
-1.30027740613
-1.29872351291
-1.29709585614
-1.29539479252
-1.29362070134
-1.29177398448
-1.28985506625
-1.2878643934
-1.28580243494
-1.2836696821
-1.28146664821
-1.27919386855
-1.27685190027
-1.27444132222
-1.27196273481
-1.26941675988
-1.26680404052
-1.26412524089
-1.26138104606
-1.25857216183
-1.2556993145
-1.25276325071
-1.2497647372
-1.2467045606
-1.24358352719
-1.2404024627
-1.23716221203
-1.233863639
-1.23050762611
-1.22709507429
-1.22362690257
-1.22010404784
-1.21652746457
-1.21289812449
-1.2092170163
-1.20548514535
-1.20170353333
-1.19787321796
-1.19399525265
-1.19007070616
-1.18610066226
-1.18208621939
-1.17802849032
-1.17392860174
-1.16978769395
-1.16560692045
-1.16138744761
-1.15713045423
-1.1528371312
-1.14850868109
-1.14414631775
-1.13975126591
-1.13532476081
-1.13086804773
-1.12638238162
-1.12186902667
-1.1173292559
-1.1127643507
-1.10817560045
-1.10356430205
-1.09893175951
-1.0942792835
-1.08960819092
-1.08491980444
-1.08021545207
-1.0754964667
-1.07076418568
-1.06601995034
-1.06126510553
-1.0565009992
-1.05172898192
-1.04695040642
-1.04216662717
-1.03737899986
-1.032588881
-1.02779762744
-1.02300659588
-1.01821714246
-1.01343062228
-1.00864838895
-1.00387179409
-0.999102186945
-0.994340913872
-0.989589317906
-0.984848738306
-0.980120510101
-0.975405963639
-0.970706424141
-0.966023211252
-0.961357638597
-0.95671101334
-0.952084635746
-0.947479798741
-0.942897787482
-0.938339878924
-0.933807341394
-0.929301434169
-0.924823407052
-0.920374499958
-0.915955942502
-0.911568953588
-0.907214741011
-0.90289450105
-0.898609418076
-0.894360664166
-0.89014939871
-0.885976768036
-0.881843905032
-0.877751928779
-0.873701944184
-0.869695041623
-0.865732296585
-0.86181476933
-0.857943504543
-0.854119531001
-0.850343861245
-0.846617491256
-0.84294140014
-0.839316549819
-0.835743884729
-0.832224331523
-0.828758798782
-0.825348176737
-0.82199333699
-0.818695132248
-0.815454396067
-0.812271942595
-0.809148566328
-0.806085041874
-0.803082123725
-0.800140546031
-0.79726102239
-0.794444245639
-0.791690887659
-0.789001599184
-0.786377009617
-0.783817726861
-0.781324337148
-0.778897404887
-0.776537472511
-0.774245060342
-0.772020666451
-0.769864766541
-0.767777813831
-0.765760238946
-0.763812449822
-0.761934831615
-0.760127746619
-0.758391534196
-0.756726510711
-0.755132969474
-0.753611180699
-0.752161391458
-0.750783825659
-0.749478684018
-0.748246144053
-0.747086360074
-0.74599946319
-0.744985561323
-0.744044739227
-0.743177058518
-0.742382557715
-0.741661252282
-0.741013134684
-0.740438174452
-0.739936318253
-0.739507489967
-0.739151590777
-0.738868499264
-0.738658071507
-0.738520141199
-0.738454519764
-0.738460996481
-0.738539338622
-0.738689291592
-0.738910579078
-0.739202903207
-0.739565944712
-0.739999363096
-0.74050279682
-0.741075863482
-0.741718160012
-0.74242926287
-0.743208728252
-0.744056092305
-0.744970871344
-0.745952562076
-0.747000641836
-0.74811456882
-0.749293782334
-0.750537703039
-0.751845733211
-0.753217256997
-0.754651640689
-0.756148232989
-0.757706365292
-0.759325351965
-0.761004490635
-0.762743062486
-0.764540332548
-0.766395550006
-0.768307948503
-0.77027674645
-0.772301147342
-0.774380340077
-0.776513499275
-0.778699785607
-0.780938346127
-0.783228314598
-0.785568811835
-0.78795894604
-0.790397813149
-0.792884497169
-0.795418070537
-0.797997594458
-0.800622119266
-0.803290684778
-0.806002320644
-0.808756046713
-0.811550873391
-0.814385801998
-0.817259825139
-0.820171927062
-0.823121084026
-0.826106264667
-0.829126430363
-0.832180535607
-0.835267528369
-0.838386350466
-0.841535937933
-0.844715221389
-0.847923126407
-0.85115857388
-0.85442048039
-0.857707758574
-0.861019317493
-0.864354062991
-0.867710898067
-0.871088723232
-0.874486436875
-0.87790293562
-0.881337114687
-0.884787868245
-0.888254089773
-0.89173467241
-0.895228509303
-0.89873449396
-0.902251520596
-0.905778484471
-0.909314282241
-0.912857812284
-0.916407975048
-0.919963673373
-0.923523812824
-0.927087302021
-0.930653052955
-0.93421998131
-0.937787006779
-0.941353053377
-0.944917049746
-0.94847792946
-0.95203463133
-0.955586099692
-0.959131284706
-0.962669142641
-0.96619863616
-0.969718734596
-0.973228414229
-0.976726658557
-0.98021245856
-0.98368481296
-0.987142728477
-0.990585220083
-0.994011311244
-0.997420034165
-1.00081043002
-1.0041815492
-1.0075324515
-1.0108622064
-1.01416989321
-1.01745460136
-1.02071543052
-1.02395149086
-1.02716190322
-1.03034579932
-1.0335023219
-1.03663062496
-1.03972987385
-1.04279924553
-1.04583792865
-1.04884512377
-1.05182004346
-1.05476191248
-1.05766996788
-1.06054345919
-1.0633816485
-1.06618381058
-1.06894923305
-1.07167721642
-1.07436707426
-1.07701813325
-1.0796297333
-1.08220122765
-1.0847319829
-1.08722137917
-1.08966881008
-1.09207368291
-1.09443541859
-1.09675345178
-1.09902723094
-1.10125621834
-1.10343989013
-1.10557773636
-1.10766926103
-1.10971398208
-1.11171143143
-1.113661155
-1.11556271273
-1.11741567854
-1.11921964038
-1.12097420019
-1.12267897393
-1.1243335915
-1.12593769682
-1.12749094769
-1.12899301586
-1.13044358695
-1.13184236043
-1.13318904955
-1.13448338136
-1.13572509657
-1.13691394958
-1.13804970839
-1.13913215451
-1.14016108296
-1.14113630213
-1.14205763378
-1.1429249129
-1.14373798767
-1.14449671937
-1.14520098229
-1.14585066362
-1.14644566342
-1.14698589444
-1.14747128211
-1.14790176436
-1.14827729157
-1.14859782644
-1.14886334388
-1.14907383091
-1.14922928655
-1.14932972167
-1.14937515892
-1.14936563255
-1.14930118836
-1.1491818835
-1.14900778641
-1.14877897664
-1.14849554473
-1.14815759212
-1.14776523095
-1.14731858398
-1.14681778443
-1.14626297582
-1.14565431188
-1.14499195639
-1.14427608301
-1.14350687517
-1.14268452592
-1.1418092378
-1.14088122265
-1.13990070152
-1.13886790449
-1.13778307053
-1.13664644735
-1.13545829129
-1.13421886711
-1.13292844789
-1.13158731486
-1.13019575729
-1.12875407227
-1.12726256464
-1.12572154679
-1.12413133855
-1.12249226702
-1.12080466643
-1.119068878
-1.11728524978
-1.11545413652
-1.11357589955
-1.11165090657
-1.10967953157
-1.10766215466
-1.10559916196
-1.10349094539
-1.10133790263
-1.09914043689
-1.09689895684
-1.09461387645
-1.09228561483
-1.08991459615
-1.08750124947
-1.08504600861
-1.08254931206
-1.08001160279
-1.07743332818
-1.07481493987
-1.07215689364
-1.06945964927
-1.06672367045
-1.06394942467
-1.06113738303
-1.05828802023
-1.05540181436
-1.05247924686
-1.04952080235
-1.04652696857
-1.04349823624
-1.04043509897
-1.03733805315
-1.03420759785
-1.03104423472
-1.02784846789
-1.02462080387
-1.02136175146
-1.01807182165
-1.01475152752
-1.01140138419
-1.00802190868
-1.00461361985
-1.0011770383
-0.997712686322
-0.994221087768
-0.990702768005
-0.987158253826
-0.983588073372
-0.979992756058
-0.976372832501
-0.972728834443
-0.969061294688
-0.965370747027
-0.961657726173
-0.957922767696
-0.954166407956
-0.950389184046
-0.946591633722
-0.94277429535
-0.938937707846
-0.935082410615
-0.9312089435
-0.927317846726
-0.923409660844
-0.919484926681
-0.915544185292
-0.911587977903
-0.907616845869
-0.903631330626
-0.899631973638
-0.89561931636
-0.89159390019
-0.887556266422
-0.883506956211
-0.879446510524
-0.875375470104
-0.871294375427
-0.867203766666
-0.863104183647
-0.858996165818
-0.854880252206
-0.850756981382
-0.846626891428
-0.842490519896
-0.838348403777
-0.834201079466
-0.830049082724
-0.825892948649
-0.82173321164
-0.817570405362
-0.813405062717
-0.809237715808
-0.805068895906
-0.80089913342
-0.796728957861
-0.792558897814
-0.788389480901
-0.78422123375
-0.780054681964
-0.775890350086
-0.771728761567
-0.767570438735
-0.763415902757
-0.75926567361
-0.755120270044
-0.750980209553
-0.746846008332
-0.74271818125
-0.738597241812
-0.734483702122
-0.730378072849
-0.72628086319
-0.72219258083
-0.718113731908
-0.714044820979
-0.709986350969
-0.705938823146
-0.701902737068
-0.697878590553
-0.693866879628
-0.689868098495
-0.685882739483
-0.681911293005
-0.677954247517
-0.674012089469
-0.67008530326
-0.666174371191
-0.66227977342
-0.658401987911
-0.654541490386
-0.650698754274
-0.646874250661
-0.643068448238
-0.639281813249
-0.635514809437
-0.631767897989
-0.628041537485
-0.624336183835
-0.620652290229
-0.616990307075
-0.613350681942
-0.609733859502
-0.606140281467
-0.602570386532
-0.599024610308
-0.595503385263
-0.592007140659
-0.588536302486
-0.585091293398
-0.581672532646
-0.578280436014
-0.57491541575
-0.571577880498
-0.568268235232
-0.564986881183
-0.561734215773
-0.558510632542
-0.555316521077
-0.552152266942
-0.549018251606
-0.545914852368
-0.542842442287
-0.539801390104
-0.536792060173
-0.533814812385
-0.530870002091
-0.527957980029
-0.525079092248
-0.522233680033
-0.519422079829
-0.516644623163
-0.51390163657
-0.511193441516
-0.508520354322
-0.505882686085
-0.503280742607
-0.50071482431
-0.498185226169
-0.495692237629
-0.493236142532
-0.490817219039
-0.488435739557
-0.48609197066
-0.483786173018
-0.48151860132
-0.479289504198
-0.477099124158
-0.474947697501
-0.472835454254
-0.470762618096
-0.468729406289
-0.466736029603
-0.464782692248
-0.462869591806
-0.46099691916
-0.459164858426
-0.457373586889
-0.455623274936
-0.453914085988
-0.45224617644
-0.450619695598
-0.449034785614
-0.447491581429
-0.445990210713
-0.444530793806
-0.443113443662
-0.441738265794
-0.440405358219
-0.439114811406
-0.437866708226
-0.436661123903
-0.435498125962
-0.434377774187
-0.433300120576
-0.432265209294
-0.431273076639
-0.430323750993
-0.429417252795
-0.428553594495
-0.427732780527
-0.426954807276
-0.426219663043
-0.425527328023
-0.424877774278
-0.424270965706
-0.423706858031
-0.42318539877
-0.422706527228
-0.422270174471
-0.421876263321
-0.421524708341
-0.421215415828
-0.420948283802
-0.42072320201
-0.420540051915
-0.420398706703
-0.420299031283
-0.420240882291
-0.4202241081
-0.420248548832
-0.420314036362
-0.420420394344
-0.420567438219
-0.420754975241
-0.420982804496
-0.421250716929
-0.421558495371
-0.421905914567
-0.422292741212
-0.422718733983
-0.423183643577
-0.423687212753
-0.424229176375
-0.424809261454
-0.425427187197
-0.426082665062
-0.426775398803
-0.427505084533
-0.428271410778
-0.429074058537
-0.429912701348
-0.430787005353
-0.431696629365
-0.432641224938
-0.433620436443
-0.434633901142
-0.435681249267
-0.436762104098
-0.437876082051
-0.439022792757
-0.440201839156
-0.441412817585
-0.442655317868
-0.443928923415
-0.445233211315
-0.446567752442
-0.447932111548
-0.449325847376
-0.450748512757
-0.452199654727
-0.453678814632
-0.455185528242
-0.456719325866
-0.45827973247
-0.459866267791
-0.461478446464
-0.463115778138
-0.464777767607
-0.466463914931
-0.468173715567
-0.469906660497
-0.471662236362
-0.473439925592
-0.475239206544
-0.477059553637
-0.47890043749
-0.48076132506
-0.482641679787
-0.484540961733
-0.486458627725
-0.488394131503
-0.490346923866
-0.492316452816
-0.494302163709
-0.496303499405
-0.498319900419
-0.500350805071
-0.502395649638
-0.504453868511
-0.506524894347
-0.508608158224
-0.510703089797
-0.512809117454
-0.514925668475
-0.517052169187
-0.519188045124
-0.521332721184
-0.52348562179
-0.525646171047
-0.527813792902
-0.529987911302
-0.532167950359
-0.534353334505
-0.53654348865
-0.538737838349
-0.540935809956
-0.543136830784
-0.545340329266
-0.547545735112
-0.54975247947
-0.551959995083
-0.554167716445
-0.556375079963
-0.558581524106
-0.560786489569
-0.562989419425
-0.565189759276
-0.567386957413
-0.569580464965
-0.571769736053
-0.573954227937
-0.57613340117
-0.578306719748
-0.58047365125
-0.582633666993
-0.584786242174
-0.586930856011
-0.589066991889
-0.5911941375
-0.593311784984
-0.595419431063
-0.597516577181
-0.599602729639
-0.601677399724
-0.603740103848
-0.605790363667
-0.607827706221
-0.609851664049
-0.61186177532
-0.613857583951
-0.615838639731
-0.617804498436
-0.619754721943
-0.621688878351
-0.623606542085
-0.625507294007
-0.627390721529
-0.629256418707
-0.631103986355
-0.632933032137
-0.634743170668
-0.636534023608
-0.638305219755
-0.640056395138
-0.641787193099
-0.643497264384
-0.645186267222
-0.646853867406
-0.64849973837
-0.650123561264
-0.651725025026
-0.653303826451
-0.654859670257
-0.656392269148
-0.657901343877
-0.659386623303
-0.660847844446
-0.662284752538
-0.663697101076
-0.665084651865
-0.666447175063
-0.667784449225
-0.669096261334
-0.670382406843
-0.671642689703
-0.672876922394
-0.674084925949
-0.675266529979
-0.676421572694
-0.677549900918
-0.678651370105
-0.679725844349
-0.680773196394
-0.681793307639
-0.682786068138
-0.683751376603
-0.6846891404
-0.68559927554
-0.686481706672
-0.687336367071
-0.688163198619
-0.688962151793
-0.689733185639
-0.69047626775
-0.691191374238
-0.691878489705
-0.692537607214
-0.693168728246
-0.693771862668
-0.694347028691
-0.694894252823
-0.695413569827
-0.695905022667
-0.69636866246
-0.696804548421
-0.697212747802
-0.697593335836
-0.697946395671
-0.698272018308
-0.698570302531
-0.698841354838
-0.699085289366
-0.69930222782
-0.699492299389
-0.69965564067
-0.699792395588
-0.699902715302
-0.699986758128
-0.700044689443
-0.700076681595
-0.70008291381
-0.700063572093
-0.700018849134
-0.699948944205
-0.699854063055
-0.699734417811
-0.69959022687
-0.699421714785
-0.699229112163
-0.699012655549
-0.698772587309
-0.698509155521
-0.698222613851
-0.69791322144
-0.697581242777
-0.697226947581
-0.696850610677
-0.696452511869
-0.696032935811
-0.695592171885
-0.695130514067
-0.694648260796
-0.694145714844
-0.69362318318
-0.693080976838
-0.692519410781
-0.691938803763
-0.69133947819
-0.690721759988
-0.690085978454
-0.689432466124
-0.688761558625
-0.688073594539
-0.687368915254
-0.686647864829
-0.685910789841
-0.685158039246
-0.684389964233
-0.683606918078
-0.682809255999
-0.681997335009
-0.68117151377
-0.680332152445
-0.679479612555
-0.678614256826
-0.677736449049
-0.676846553927
-0.675944936932
-0.675031964153
-0.674108002157
-0.673173417834
-0.672228578258
-0.671273850536
-0.670309601663
-0.669336198378
-0.66835400702
-0.667363393381
-0.666364722564
-0.66535835884
-0.664344665504
-0.663324004733
-0.66229673745
-0.661263223176
-0.660223819896
-0.659178883921
-0.658128769747
-0.657073829919
-0.656014414901
-0.654950872934
-0.65388354991
-0.652812789236
-0.651738931703
-0.650662315362
-0.649583275388
-0.648502143961
-0.647419250138
-0.64633491973
-0.645249475177
-0.644163235435
-0.643076515848
-0.641989628039
-0.640902879792
-0.639816574936
-0.638731013238
-0.637646490287
-0.636563297396
-0.635481721484
-0.634402044983
-0.633324545728
-0.632249496863
-0.63117716674
-0.630107818824
-0.6290417116
-0.627979098484
-0.626920227729
-0.625865342343
-0.624814680006
-0.623768472981
-0.622726948043
-0.621690326395
-0.6206588236
-0.619632649502
-0.618612008164
-0.617597097795
-0.616588110688
-0.615585233159
-0.614588645487
-0.613598521858
-0.612615030311
-0.611638332688
-0.610668584584
-0.609705935302
-0.608750527815
-0.607802498718
-0.606861978198
-0.605929089996
-0.605003951378
-0.604086673105
-0.60317735941
-0.602276107971
-0.601383009899
-0.600498149713
-0.599621605331
-0.598753448061
-0.597893742589
-0.597042546978
-0.596199912664
-0.595365884459
-0.594540500554
-0.593723792529
-0.592915785361
-0.592116497438
-0.591325940578
-0.590544120046
-0.589771034576
-0.5890066764
-0.588251031275
-0.587504078514
-0.586765791024
-0.586036135338
-0.585315071662
-0.584602553917
-0.583898529783
-0.583202940754
-0.582515722186
-0.581836803356
-0.581166107519
-0.580503551972
-0.579849048115
-0.579202501524
-0.578563812014
-0.577932873719
-0.577309575166
-0.576693799351
-0.576085423826
-0.57548432078
-0.574890357125
-0.574303394591
-0.573723289813
-0.573149894432
-0.572583055186
-0.572022614018
-0.571468408174
-0.570920270311
-0.570378028601
-0.56984150685
-0.569310524602
-0.56878489726
-0.568264436201
-0.567748948897
-0.567238239036
-0.566732106651
-0.566230348239
-0.565732756896
-0.565239122445
-0.564749231571
-0.564262867951
-0.563779812396
-0.563299842988
-0.562822735218
-0.562348262132
-0.561876194472
-0.56140630082
-0.560938347752
-0.560472099979
-0.5600073205
-0.559543770755
-0.559081210776
-0.558619399343
-0.558158094136
-0.557697051896
-0.55723602858
-0.556774779519
-0.556313059581
-0.555850623329
-0.555387225182
-0.554922619581
-0.554456561147
-0.553988804848
-0.553519106163
-0.553047221245
-0.552572907088
-0.552095921691
-0.551616024223
-0.551132975194
-0.550646536613
-0.550156472161
-0.549662547355
-0.549164529712
-0.548662188919
-0.548155296994
-0.547643628456
-0.547126960485
-0.546605073092
-0.546077749277
-0.545544775199
-0.545005940333
-0.544461037634
-0.543909863697
-0.543352218922
-0.542787907664
-0.542216738399
-0.541638523879
-0.541053081283
-0.540460232377
-0.539859803665
-0.539251626539
-0.538635537429
-0.538011377954
-0.537378995065
-0.536738241192
-0.536088974385
-0.535431058458
-0.534764363123
-0.534088764132
-0.533404143408
-0.53271038918
-0.53200739611
-0.531295065424
-0.530573305036
-0.529842029668
-0.529101160977
-0.528350627664
-0.527590365595
-0.52682031791
-0.526040435135
-0.525250675283
-0.524451003961
-0.52364139447
-0.5228218279
-0.521992293225
-0.521152787394
-0.520303315414
-0.519443890441
-0.518574533852
-0.517695275329
-0.516806152928
-0.515907213149
-0.514998511002
-0.51408011007
-0.513152082569
-0.512214509398
-0.511267480192
-0.510311093372
-0.509345456182
-0.508370684732
-0.507386904031
-0.506394248017
-0.505392859587
-0.504382890614
-0.503364501971
-0.50233786354
-0.501303154223
-0.500260561949
-0.499210283673
-0.498152525375
-0.497087502049
-0.496015437693
-0.494936565291
-0.493851126793
-0.492759373091
-0.491661563985
-0.490557968151
-0.489448863101
-0.488334535143
-0.487215279326
-0.486091399393
-0.484963207721
-0.483831025263
-0.482695181475
-0.481556014252
-0.480413869849
-0.479269102803
-0.478122075845
-0.476973159816
-0.47582273357
-0.474671183878
-0.473518905324
-0.472366300202
-0.471213778398
-0.470061757281
-0.468910661579
-0.467760923258
-0.466612981389
-0.465467282019
-0.464324278032
-0.463184429008
-0.462048201077
-0.46091606677
-0.459788504865
-0.45866600023
-0.45754904366
-0.45643813171
-0.455333766529
-0.454236455684
-0.453146711985
-0.452065053301
-0.450992002376
-0.449928086645
-0.448873838036
-0.447829792781
-0.446796491211
-0.445774477562
-0.44476429976
-0.443766509224
-0.442781660646
-0.441810311778
-0.44085302322
-0.439910358192
-0.438982882318
-0.438071163397
-0.437175771174
-0.436297277112
-0.435436254155
-0.434593276498
-0.433768919345
-0.432963758669
-0.432178370974
-0.431413333047
-0.430669221714
-0.429946613596
-0.429246084852
-0.428568210938
-0.427913566347
-0.427282724362
-0.426676256796
-0.426094733742
-0.425538723312
-0.425008791382
-0.424505501333
-0.424029413793
-0.423581086377
-0.423161073428
-0.422769925755
-0.422408190374
-0.422076410251
-0.421775124035
-0.421504865804
-0.421266164803
-0.421059545181
-0.420885525741
-0.420744619672
-0.420637334299
-0.420564170822
-0.420525624062
-0.420522182207
-0.42055432656
-0.420622531282
-0.42072726315
-0.4208689813
-0.421048136987
-0.421265173334
-0.421520525093
-0.421814618404
-0.422147870554
-0.42252068974
-0.422933474839
-0.423386615173
-0.423880490282
-0.424415469695
-0.424991912712
-0.425610168182
-0.426270574282
-0.426973458311
-0.427719136472
-0.428507913672
-0.429340083314
-0.430215927098
-0.43113571483
-0.432099704225
-0.433108140719
-0.43416125729
-0.435259274276
-0.436402399197
-0.437590826589
-0.438824737836
-0.440104301006
-0.441429670698
-0.442800987885
-0.444218379774
-0.445681959655
-0.44719182677
-0.448748066177
-0.450350748625
-0.451999930432
-0.453695653368
-0.455437944544
-0.457226816308
-0.459062266142
-0.46094427657
-0.46287281507
-0.464847833988
-0.466869270464
-0.46893704636
-0.471051068194
-0.47321122708
-0.475417398679
-0.477669443144
-0.479967205087
-0.48231051354
-0.484699181924
-0.487133008033
-0.489611774011
-0.492135246346
-0.494703175865
-0.497315297735
-0.499971331475
-0.502670980971
-0.505413934493
-0.50819986473
-0.51102842882
-0.51389926839
-0.516812009607
-0.519766263231
-0.522761624671
-0.525797674056
-0.528873976305
-0.53199008121
-0.535145523515
-0.538339823016
-0.54157248465
-0.54484299861
-0.548150840445
-0.551495471185
