-0.922038571389
-0.922009424868
-0.921951130085
-0.921863684432
-0.921747084436
-0.921601325762
-0.921426403216
-0.921222310755
-0.920989041486
-0.920726587676
-0.920434940757
-0.920114091335
-0.919764029197
-0.919384743321
-0.918976221884
-0.918538452273
-0.918071421097
-0.917575114198
-0.917049516661
-0.91649461283
-0.915910386322
-0.915296820038
-0.914653896181
-0.913981596272
-0.913279901163
-0.912548791057
-0.911788245528
-0.910998243533
-0.910178763437
-0.909329783031
-0.908451279552
-0.907543229705
-0.906605609686
-0.905638395201
-0.904641561495
-0.90361508337
-0.902558935215
-0.90147309103
-0.900357524448
-0.899212208769
-0.898037116983
-0.896832221797
-0.895597495669
-0.894332910833
-0.893038439332
-0.891714053047
-0.890359723732
-0.888975423041
-0.887561122567
-0.886116793871
-0.88464240852
-0.883137938118
-0.881603354345
-0.880038628995
-0.878443734005
-0.876818641503
-0.875163323839
-0.873477753625
-0.871761903779
-0.870015747558
-0.868239258605
-0.866432410986
-0.864595179236
-0.862727538396
-0.86082946406
-0.858900932419
-0.856941920301
-0.854952405219
-0.852932365416
-0.850881779908
-0.848800628531
-0.846688891989
-0.844546551898
-0.842373590835
-0.840169992385
-0.837935741189
-0.835670822991
-0.833375224689
-0.83104893438
-0.828691941413
-0.826304236435
-0.823885811441
-0.821436659825
-0.818956776428
-0.816446157589
-0.813904801191
-0.811332706717
-0.808729875295
-0.806096309748
-0.803432014646
-0.800736996353
-0.798011263076
-0.795254824918
-0.792467693922
-0.789649884121
-0.786801411588
-0.783922294482
-0.781012553094
-0.778072209897
-0.775101289592
-0.77209981915
-0.769067827863
-0.766005347383
-0.762912411769
-0.759789057531
-0.756635323668
-0.753451251716
-0.750236885783
-0.746992272591
-0.743717461514
-0.740412504619
-0.737077456697
-0.733712375304
-0.730317320792
-0.726892356344
-0.723437548006
-0.719952964717
-0.716438678339
-0.712894763686
-0.709321298547
-0.705718363718
-0.702086043019
-0.698424423322
-0.694733594567
-0.691013649785
-0.687264685115
-0.683486799818
-0.679680096292
-0.675844680088
-0.671980659917
-0.668088147662
-0.664167258382
-0.660218110325
-0.656240824922
-0.652235526799
-0.648202343769
-0.644141406839
-0.640052850198
-0.63593681122
-0.63179343045
-0.627622851603
-0.623425221544
-0.619200690284
-0.614949410963
-0.61067153983
-0.60636723623
-0.602036662585
-0.597679984366
-0.593297370076
-0.588888991223
-0.584455022292
-0.579995640717
-0.575511026853
-0.57100136394
-0.566466838073
-0.561907638163
-0.557323955907
-0.55271598574
-0.548083924804
-0.543427972902
-0.538748332455
-0.534045208459
-0.529318808441
-0.52456934241
-0.519797022806
-0.515002064456
-0.510184684522
-0.505345102446
-0.500483539898
-0.495600220725
-0.490695370893
-0.485769218432
-0.480821993378
-0.475853927715
-0.47086525532
-0.465856211897
-0.460827034923
-0.455777963581
-0.450709238706
-0.445621102713
-0.440513799544
-0.435387574597
-0.430242674667
-0.425079347878
-0.419897843622
-0.41469841249
-0.409481306211
-0.404246777581
-0.398995080404
-0.393726469417
-0.388441200231
-0.383139529262
-0.377821713664
-0.37248801126
-0.367138680479
-0.361773980288
-0.356394170124
-0.350999509826
-0.34559025957
-0.340166679802
-0.334729031168
-0.32927757445
-0.323812570499
-0.318334280166
-0.312842964235
-0.307338883359
-0.301822297991
-0.296293468314
-0.290752654183
-0.285200115049
-0.279636109896
-0.274060897176
-0.268474734739
-0.262877879768
-0.257270588712
-0.251653117217
-0.246025720063
-0.240388651094
-0.234742163152
-0.229086508007
-0.223421936295
-0.217748697445
-0.212067039615
-0.206377209621
-0.200679452871
-0.194974013295
-0.189261133279
-0.183541053591
-0.177814013315
-0.172080249783
-0.1663399985
-0.160593493078
-0.154840965161
-0.149082644359
-0.143318758171
-0.137549531917
-0.131775188661
-0.125995949144
-0.120212031705
-0.11442365221
-0.108631023978
-0.102834357703
-0.0970338613828
-0.0912297402402
-0.085422196649
-0.0796114300563
-0.073797636906
-0.0679810105617
-0.062161741229
-0.0563400158775
-0.0505160181632
-0.0446899283497
-0.0388619232301
-0.0330321760483
-0.0272008564205
-0.0213681302564
-0.0155341596809
-0.00969910295567
-0.00386311440087
0.00197365568247
0.00781106109
0.013648959791
0.0194872140046
0.0253256902759
0.0311642595501
0.0370027972473
0.0428411833348
0.0486793023993
0.0545170437172
0.0603543013239
0.0661909740813
0.0720269657437
0.0778621850218
0.0836965456451
0.0895299664213
0.0953623712948
0.101193689401
0.107023855119
0.112852808124
0.118680493429
0.124506861433
0.13033186796
0.136155474296
0.141977647223
0.147798359047
0.153617587624
0.159435316383
0.165251534341
0.171066236115
0.176879421932
0.18269109763
0.188501274655
0.194309970054
0.200117206464
0.205923012088
0.211727420676
0.217530471491
0.223332209274
0.229132684197
0.234931951821
0.240730073032
0.246527113984
0.252323146024
0.25811824562
0.263912494274
0.269705978431
0.275498789383
0.281291023158
0.287082780409
0.292874166294
0.298665290343
0.304456266323
0.310247212094
0.316038249452
0.321829503973
0.32762110484
0.333413184668
0.339205879318
0.344999327704
0.350793671591
0.356589055389
0.36238562593
0.368183532249
0.373982925349
0.379783957957
0.385586784283
0.391391559757
0.397198440771
0.403007584405
0.408819148155
0.414633289642
0.420450166326
0.426269935207
0.43209275252
0.437918773427
0.443748151701
0.449581039405
0.455417586563
0.461257940832
0.467102247166
0.472950647471
0.478803280266
0.484660280332
0.490521778361
0.496387900602
0.502258768503
0.508134498354
0.514015200924
0.519900981102
0.525791937531
0.531688162247
0.537589740313
0.543496749461
0.549409259725
0.555327333086
0.56125102311
0.567180374594
0.573115423215
0.579056195179
0.585002706874
0.590954964538
0.596912963913
0.602876689926
0.608846116359
0.614821205535
0.620801908013
0.626788162279
0.632779894464
0.638777018052
0.644779433611
0.65078702853
0.656799676765
0.662817238596
0.668839560405
0.674866474449
0.680897798664
0.68693333647
0.692972876599
0.699016192928
0.705063044336
0.71111317457
0.717166312133
0.723222170182
0.72928044645
0.735340823176
0.741402967066
0.747466529259
0.753531145323
0.759596435257
0.76566200353
0.771727439124
0.777792315604
0.78385619121
0.789918608969
0.795979096821
0.80203716778
0.808092320104
0.814144037495
0.820191789316
0.826235030832
0.832273203476
0.838305735135
0.844332040456
0.85035152118
0.856363566497
0.862367553422
0.868362847194
0.874348801702
0.880324759926
0.886290054409
0.892244007746
0.898185933099
0.904115134727
0.910030908549
0.915932542723
0.921819318242
0.92769050956
0.933545385234
0.939383208588
0.945203238397
0.951004729591
0.956786933977
0.962549100983
0.96829047842
0.97401031326
0.979707852431
0.985382343636
0.991033036175
0.996659181801
1.00226003557
1.00783485673
1.01338290961
1.01890346449
1.02439579857
1.02985919685
1.03529295311
1.04069637081
1.04606876409
1.05140945872
1.05671779307
1.06199311907
1.06723480325
1.07244222768
1.07761479099
1.08275190937
1.08785301755
1.09291756981
1.097945041
1.10293492752
1.10788674832
1.1128000459
1.11767438731
1.12250936512
1.12730459842
1.13205973379
1.13677444624
1.1414484402
1.14608145047
1.15067324312
1.15522361644
1.15973240186
1.1641994648
1.16862470561
1.17300806039
1.17734950185
1.18164904015
1.18590672368
1.19012263988
1.19429691599
1.19842971976
1.20252126025
1.20657178844
1.21058159794
1.21455102566
1.21848045235
1.22237030325
1.22622104862
1.23003320428
1.2338073321
1.23754404045
1.24124398465
1.24490786736
1.24853643894
1.25213049779
1.25569089061
1.25921851271
1.26271430817
1.26617927005
1.26961444053
1.27302091101
1.27639982217
1.27975236399
1.28307977574
1.2863833459
1.2896644121
1.29292436091
1.29616462774
1.29938669654
1.30259209953
1.30578241695
1.30895927662
1.3121243536
1.3152793697
1.31842609302
1.32156633738
1.32470196178
1.32783486976
1.3309670087
1.33410036917
1.33723698411
1.34037892808
1.34352831638
1.34668730418
1.3498580856
1.3530428927
1.35624399449
1.35946369587
1.36270433651
1.36596828974
1.36925796133
1.37257578828
1.37592423756
1.37930580482
1.38272301302
1.38617841104
1.38967457232
1.39321409334
1.39679959217
1.40043370693
1.40411909425
1.40785842764
1.41165439588
1.4155097014
1.41942705854
1.42340919185
1.42745883438
1.43157872585
1.4357716109
1.44004023722
1.44438735377
1.44881570883
1.45332804817
1.45792711311
1.46261563858
1.46739635121
1.47227196732
1.47724519096
1.48231871191
1.48749520368
1.4927773215
1.49816770026
1.50366895249
1.50928366635
1.51501440352
1.52086369721
1.52683405003
1.53292793204
1.53914777858
1.54549598831
1.5519749211
1.558586896
1.56533418925
1.57221903217
1.5792436092
1.58641005586
1.59372045677
1.60117684369
1.60878119348
1.61653542624
1.62444140333
1.63250092545
1.64071573081
1.64908749321
1.65761782022
1.66630825138
1.67516025639
1.68417523339
1.6933545072
1.70269932764
1.71221086789
1.72189022284
1.73173840751
1.74175635552
1.75194491756
1.76230485992
1.77283686308
1.78354152029
1.79441933628
1.80547072592
1.81669601299
1.82809542901
1.83966911201
1.85141710551
1.86333935744
1.87543571911
1.88770594433
1.90014968845
1.91276650759
1.92555585782
1.93851709444
1.95164947133
1.96495214033
1.97842415071
1.99206444867
2.00587187692
2.0198451743
2.03398297552
2.04828381084
2.06274610599
2.07736818197
2.09214825505
2.10708443678
2.12217473404
2.13741704919
2.15280918032
2.16834882144
2.18403356291
2.19986089178
2.21582819227
2.23193274631
2.24817173416
2.26454223503
2.28104122784
2.29766559199
2.31441210827
2.33127745971
2.3482582326
2.36535091758
2.38255191067
2.39985751451
2.41726393959
2.43476730551
2.45236364239
2.47004889224
2.4878189105
2.5056694675
2.52359625013
2.54159486347
2.55966083245
2.5777896037
2.5959765473
2.61421695867
2.63250606053
2.6508390048
2.66921087469
2.68761668677
2.70605139304
2.72450988313
2.74298698654
2.76147747483
2.77997606397
2.79847741667
2.81697614473
2.83546681147
2.85394393422
2.87240198673
2.89083540177
2.90923857362
2.92760586068
2.9459315881
2.96421005038
2.98243551404
3.00060222034
3.01870438795
3.03673621569
3.05469188531
3.07256556419
3.09035140819
3.10804356437
3.12563617386
3.14312337463
3.16049930434
3.17775810313
3.19489391651
3.21190089812
3.22877321262
3.24550503851
3.26209057096
3.2785240246
3.2947996364
3.31091166844
3.32685441072
3.34262218395
3.3582093423
3.3736102762
3.38881941505
3.40383122995
3.41864023641
3.43324099701
3.44762812406
3.46179628223
3.47574019116
3.48945462802
3.50293443005
3.51617449707
3.52916979393
3.54191535302
3.55440627657
3.56663773909
3.57860498967
3.59030335424
3.60172823783
3.61287512676
3.6237395908
3.63431728523
3.64460395293
3.65459542639
3.66428762963
3.67367658011
3.68275839062
3.69152927102
3.69998552999
3.70812357676
3.71593992268
3.72343118282
3.73059407747
3.73742543362
3.74392218628
3.75008137991
3.7559001696
3.76137582232
3.76650571808
3.77128735096
3.77571833015
3.77979638094
3.78351934552
3.7868851839
3.78989197459
3.79253791533
3.7948213237
3.79674063769
3.79829441618
3.79948133935
3.80030020908
3.8007499492
3.80082960576
3.80053834713
3.79987546414
3.79884037009
3.79743260071
3.79565181406
3.79349779034
3.7909704317
3.78806976188
3.78479592587
3.78114918952
3.77712993899
3.7727386802
3.76797603828
3.7628427568
3.75733969711
3.75146783748
3.74522827228
3.73862221105
3.73165097754
3.72431600863
3.71661885331
3.70856117149
3.70014473282
3.69137141543
3.68224320463
3.67276219158
3.66293057186
3.65275064399
3.64222480801
3.63135556386
3.6201455098
3.60859734081
3.59671384687
3.58449791124
3.57195250873
3.55908070385
3.54588564901
3.53237058263
3.5185388272
3.50439378737
3.48993894796
3.47517787194
3.46011419839
3.44475164043
3.42909398314
3.41314508142
3.39690885784
3.38038930049
3.36359046076
3.34651645116
3.32917144307
3.31155966452
3.29368539787
3.2755529776
3.257166788
3.23853126084
3.2196508731
3.20053014464
3.18117363586
3.1615859454
3.14177170778
3.12173559107
3.10148229457
3.08101654646
3.06034310146
3.03946673851
3.01839225845
2.99712448169
2.97566824589
2.95402840368
2.93220982033
2.91021737152
2.88805594103
2.86573041851
2.84324569721
2.82060667181
2.79781823616
2.77488528115
2.7518126925
2.72860534865
2.70526811863
2.68180585995
2.65822341658
2.63452561686
2.61071727149
2.58680317158
2.56278808665
2.53867676273
2.51447392047
2.49018425326
2.46581242541
2.44136307037
2.41684078896
2.39225014765
2.36759567688
2.34288186943
2.31811317877
2.29329401754
2.268428756
2.24352172055
2.21857719228
2.19359940559
2.1685925468
2.14356075285
2.11850811006
2.09343865284
2.06835636255
2.04326516638
2.01816893623
1.99307148765
1.96797657892
1.94288790999
1.9178091217
1.89274379482
1.8676954493
1.84266754351
1.8176634735
1.79268657237
1.76774010965
1.7428272907
1.71795125625
1.69311508188
1.66832177762
1.64357428761
1.61887548972
1.59422819529
1.56963514895
1.54509902837
1.52062244419
1.49620793987
1.47185799172
1.44757500886
1.4233613333
1.39921924
1.37515093709
1.35115856599
1.32724420167
1.30340985294
1.27965746275
1.25598890857
1.2324060028
1.20891049321
1.18550406342
1.16218833346
1.1389648603
1.11583513848
1.09280060077
1.06986261882
1.04702250389
1.02428150763
1.00164082282
0.979101584241
0.956664869505
0.934331699946
0.912103041541
0.889979805856
0.867962851025
0.846052982754
0.824250955353
0.802557472793
0.78097318979
0.759498712908
0.738134601693
0.716881369817
0.69573948625
0.674709376454
0.653791423582
0.63298596971
0.612293317073
0.591713729321
0.571247432784
0.550894617755
0.530655439778
0.51053002095
0.49051845123
0.470620789752
0.45083706615
0.431167281883
0.411611411566
0.392169404302
0.372841185014
0.353626655784
0.334525697177
0.315538169577
0.296663914512
0.277902755969
0.259254501718
0.24071894461
0.222295863884
0.203985026448
0.185786188164
0.16769909511
0.149723484836
0.131859087599
0.114105627591
0.0964628241424
0.0789303929127
0.0615080470622
0.0441954984027
0.0269924585284
0.00989863992541
-0.00708624294197
-0.0239624725677
-0.0407303273653
-0.0573900806543
-0.0739419996731
-0.0903863446183
-0.106723367713
-0.122953312301
-0.139076411975
-0.155092889732
-0.171002957156
-0.186806813643
-0.202504645642
-0.218096625949
-0.233582913013
-0.248963650292
-0.264238965638
-0.279408970711
-0.294473760442
-0.309433412516
-0.324287986904
-0.339037525422
-0.353682051335
-0.368221568991
-0.382656063497
-0.396985500428
-0.411209825582
-0.42532896476
-0.439342823595
-0.453251287416
-0.467054221144
-0.480751469236
-0.494342855657
-0.507828183895
-0.521207237016
-0.534479777747
-0.547645548608
-0.56070427207
-0.573655650759
-0.586499367689
-0.599235086533
-0.611862451937
-0.624381089852
-0.636790607921
-0.649090595884
-0.661280626026
-0.673360253654
-0.685329017606
-0.697186440797
-0.708932030788
-0.720565280391
-0.732085668305
-0.743492659773
-0.754785707279
-0.765964251259
-0.777027720852
-0.787975534665
-0.798807101569
-0.809521821518
-0.820119086389
-0.830598280847
-0.840958783226
-0.851199966438
-0.861321198889
-0.871321845424
-0.881201268282
-0.890958828071
-0.900593884751
-0.91010579864
-0.919493931423
-0.928757647175
-0.9378963134
-0.946909302067
-0.955795990665
-0.96455576326
-0.97318801155
-0.981692135939
-0.990067546601
-0.99831366455
-1.00642992271
-1.014415767
-1.02227065736
-1.02999406887
-1.03758549277
-1.04504443753
-1.05237042989
-1.05956301591
-1.06662176199
-1.07354625589
-1.08033610775
-1.08699095108
-1.09351044372
-1.09989426883
-1.10614213586
-1.11225378142
-1.11822897025
-1.12406749612
-1.12976918265
-1.13533388421
-1.14076148675
-1.14605190859
-1.1512051012
-1.15622104999
-1.161099775
-1.16584133166
-1.1704458114
-1.17491334236
-1.17924408997
-1.18343825756
-1.18749608691
-1.19141785877
-1.19520389338
-1.19885455089
-1.20237023183
-1.20575137749
-1.20899847025
-1.21211203396
-1.21509263416
-1.2179408784
-1.2206574164
-1.22324294028
-1.22569818465
-1.22802392676
-1.23022098654
-1.23229022662
-1.23423255236
-1.23604891177
-1.23774029544
-1.23930773641
-1.24075230999
-1.24207513361
-1.24327736653
-1.24436020961
-1.24532490493
-1.24617273552
-1.2469050249
-1.24752313671
-1.24802847419
-1.24842247973
-1.2487066343
-1.24888245689
-1.24895150391
-1.24891536851
-1.24877567997
-1.24853410292
-1.24819233662
-1.24775211421
-1.24721520184
-1.24658339788
-1.24585853204
-1.24504246443
-1.24413708469
-1.24314431096
-1.24206608895
-1.24090439089
-1.2396612145
-1.23833858193
-1.23693853865
-1.23546315236
-1.23391451184
-1.23229472578
-1.23060592163
-1.2288502444
-1.22702985539
-1.22514693103
-1.2232036616
-1.22120224993
-1.2191449102
-1.21703386657
-1.21487135191
-1.2126596065
-1.21040087666
-1.20809741346
-1.20575147138
-1.20336530692
-1.2009411773
-1.19848133904
-1.1959880467
-1.19346355141
-1.19091009958
-1.18832993152
-1.18572528009
-1.18309836932
-1.18045141309
-1.17778661374
-1.17510616081
-1.17241222962
-1.16970697998
-1.16699255491
-1.16427107929
-1.16154465858
-1.15881537756
-1.15608529904
-1.15335646265
-1.15063088355
-1.14791055126
-1.14519742844
-1.14249344972
-1.13980052055
-1.13712051602
-1.1344552798
-1.13180662299
-1.12917632309
-1.12656612295
-1.1239777297
-1.12141281384
-1.11887300818
-1.11635990696
-1.11387506491
-1.11141999637
-1.10899617443
-1.10660503013
-1.10424795161
-1.10192628339
-1.09964132564
-1.09739433345
-1.09518651618
-1.09301903682
-1.09089301138
-1.08880950837
-1.08676954818
-1.08477410267
-1.08282409464
-1.08092039744
-1.07906383456
-1.07725517929
-1.07549515435
-1.07378443167
-1.07212363209
-1.07051332516
-1.06895402897
-1.06744620999
-1.06599028298
-1.06458661091
-1.06323550492
-1.06193722434
-1.06069197672
-1.05949991787
-1.05836115203
-1.05727573195
-1.05624365912
-1.05526488394
-1.05433930598
-1.05346677429
-1.05264708766
-1.05187999502
-1.05116519579
-1.0505023403
-1.04989103023
-1.04933081909
-1.04882121275
-1.04836166994
-1.04795160283
-1.04759037764
-1.04727731529
-1.04701169197
-1.04679273992
-1.04661964809
-1.04649156288
-1.04640758891
-1.04636678981
-1.04636818901
-1.04641077063
-1.04649348026
-1.04661522593
-1.04677487893
-1.0469712748
-1.04720321424
-1.04746946407
-1.04776875825
-1.04809979883
-1.04846125702
-1.04885177419
-1.04926996292
-1.04971440809
-1.05018366793
-1.05067627514
-1.05119073797
-1.05172554135
-1.05227914803
-1.05284999968
-1.05343651808
-1.05403710623
-1.05465014957
-1.05527401708
-1.05590706252
-1.05654762557
-1.05719403304
-1.05784460004
-1.05849763117
-1.05915142174
-1.05980425896
-1.06045442308
-1.06110018868
-1.06173982579
-1.06237160112
-1.06299377923
-1.06360462374
-1.0642023985
-1.06478536875
-1.06535180236
-1.06589997092
-1.06642815093
-1.066934625
-1.06741768291
-1.06787562282
-1.06830675238
-1.06870938983
-1.06908186511
-1.06942252099
-1.06972971412
-1.07000181612
-1.07023721464
-1.07043431441
-1.07059153824
-1.07070732811
-1.0707801461
-1.07080847541
-1.07079082136
-1.0707257123
-1.07061170056
-1.07044736339
-1.07023130386
-1.06996215174
-1.06963856436
-1.06925922747
-1.06882285607
-1.06832819522
-1.06777402083
-1.06715914039
-1.06648239379
-1.06574265401
-1.06493882778
-1.06406985637
-1.06313471614
-1.06213241926
-1.06106201428
-1.05992258675
-1.05871325978
-1.05743319458
-1.05608159101
-1.05465768806
-1.05316076432
-1.05159013845
-1.04994516962
-1.04822525787
-1.04642984452
-1.04455841255
-1.04261048687
-1.04058563467
-1.03848346569
-1.03630363246
-1.03404583058
-1.03170979884
-1.02929531948
-1.0268022183
-1.02423036483
-1.02157967236
-1.0188500981
-1.01604164319
-1.01315435274
-1.01018831583
-1.00714366548
-1.00402057861
-1.00081927597
-0.997540022038
-0.994183124898
-0.990748936087
-0.987237850429
-0.98365030583
-0.979986783061
-0.976247805511
-0.97243393891
-0.968545791039
-0.964584011406
-0.960549290905
-0.956442361447
-0.952263995569
-0.948015006016
-0.943696245311
-0.939308605284
-0.934853016596
-0.930330448229
-0.925741906956
-0.921088436796
-0.916371118434
-0.911591068632
-0.906749439611
-0.901847418418
-0.896886226263
-0.891867117849
-0.886791380668
-0.881660334288
-0.876475329616
-0.871237748139
-0.865949001157
-0.860610528984
-0.855223800139
-0.849790310523
-0.844311582569
-0.838789164383
-0.833224628864
-0.827619572816
-0.821975616034
-0.816294400382
-0.810577588854
-0.804826864625
-0.799043930084
-0.793230505853
-0.7873883298
-0.781519156033
-0.77562475389
-0.769706906908
-0.763767411793
-0.757808077372
-0.751830723539
-0.745837180192
-0.739829286162
-0.733808888134
-0.727777839563
-0.72173799958
-0.715691231895
-0.709639403698
-0.703584384546
-0.697528045258
-0.691472256798
-0.685418889159
-0.679369810248
-0.673326884761
-0.66729197307
-0.661266930097
-0.6552536042
-0.649253836054
-0.643269457535
-0.637302290612
-0.631354146233
-0.625426823224
-0.619522107189
-0.613641769419
-0.607787565802
-0.601961235743
-0.596164501094
-0.590399065091
-0.584666611295
-0.578968802554
-0.573307279965
-0.567683661853
-0.562099542761
-0.556556492453
-0.551056054927
-0.54559974745
-0.540189059599
-0.534825452324
-0.529510357022
-0.524245174635
-0.519031274756
-0.513869994762
-0.508762638962
-0.503710477764
-0.498714746862
-0.493776646447
-0.488897340436
-0.484077955723
-0.479319581459
-0.474623268341
-0.469990027943
-0.465420832056
-0.460916612064
-0.456478258334
-0.452106619646
-0.447802502636
-0.443566671274
-0.43939984637
-0.435302705099
-0.431275880567
-0.427319961395
-0.42343549134
-0.419622968937
-0.415882847182
-0.412215533234
-0.408621388158
-0.40510072669
-0.401653817037
-0.398280880712
-0.394982092394
-0.391757579826
-0.388607423739
-0.385531657817
-0.382530268685
-0.379603195935
-0.376750332186
-0.373971523174
-0.371266567875
-0.36863521866
-0.36607718149
-0.363592116135
-0.36117963643
-0.358839310566
-0.356570661406
-0.35437316685
-0.352246260209
-0.350189330635
-0.348201723568
-0.34628274122
-0.34443164309
-0.342647646516
-0.340929927247
-0.339277620056
-0.337689819383
-0.33616558
-0.334703917716
-0.333303810103
-0.33196419726
-0.330683982599
-0.329462033657
-0.328297182947
-0.327188228824
-0.326133936381
-0.325133038378
-0.324184236187
-0.323286200763
-0.32243757365
-0.321636967993
-0.32088296959
-0.32017413795
-0.319509007389
-0.318886088131
-0.318303867443
-0.317760810773
-0.317255362924
-0.316785949232
-0.316350976769
-0.315948835552
-0.31557789978
-0.315236529073
-0.314923069735
-0.314635856015
-0.314373211395
-0.314133449879
-0.31391487729
-0.313715792585
-0.313534489165
-0.313369256202
-0.313218379966
-0.313080145156
-0.312952836238
-0.312834738784
-0.312724140811
-0.31261933412
-0.312518615638
-0.312420288756
-0.312322664663
-0.312224063679
-0.312122816582
-0.312017265927
-0.311905767364
-0.311786690942
-0.311658422406
-0.311519364487
-0.311367938176
-0.311202583991
-0.311021763229
-0.3108239592
-0.310607678454
-0.310371451986
-0.310113836426
-0.309833415211
-0.309528799738
-0.309198630496
-0.308841578181
-0.308456344786
-0.308041664666
-0.307596305589
-0.307119069748
-0.306608794765
-0.306064354653
-0.305484660763
-0.304868662695
-0.304215349186
-0.303523748967
-0.302792931589
-0.30202200822
-0.301210132409
-0.300356500818
-0.299460353926
-0.29852097669
-0.297537699182
-0.296509897186
-0.29543699276
-0.294318454767
-0.293153799363
-0.291942590451
-0.290684440106
-0.289379008947
-0.288026006485
-0.286625191428
-0.285176371943
-0.283679405887
-0.282134200997
-0.280540715033
-0.278898955895
-0.277208981689
-0.275470900756
-0.273684871667
-0.271851103173
-0.269969854111
-0.268041433281
-0.266066199271
-0.264044560252
-0.261976973728
-0.259863946247
-0.257706033071
-0.255503837813
-0.253258012027
-0.250969254763
-0.248638312083
-0.246265976538
-0.243853086611
-0.241400526115
-0.238909223561
-0.236380151484
-0.233814325736
-0.231212804745
-0.228576688733
-0.225907118901
-0.223205276589
-0.220472382388
-0.21770969523
-0.21491851144
-0.212100163762
-0.209256020351
-0.206387483734
-0.203495989745
-0.200583006429
-0.197650032922
-0.194698598301
-0.191730260412
-0.188746604666
-0.185749242822
-0.18273981174
-0.17971997211
-0.17669140717
-0.173655821391
-0.170614939155
-0.167570503411
-0.164524274307
-0.161478027823
-0.15843355437
-0.155392657391
-0.152357151943
-0.149328863265
-0.146309625348
-0.143301279477
-0.140305672787
-0.137324656796
-0.134360085939
-0.131413816098
-0.128487703133
-0.1255836014
-0.122703362279
-0.119848832703
-0.117021853679
-0.114224258822
-0.11145787289
-0.108724510324
-0.106025973796
-0.103364052762
-0.100740522031
-0.0981571403356
-0.0956156489212
-0.0931177701447
-0.0906652060875
-0.0882596371847
-0.0859027208689
-0.0835960902327
-0.081341352709
-0.0791400887716
-0.0769938506554
-0.0749041610992
-0.0728725121115
-0.0709003637593
-0.0689891429825
-0.067140242434
-0.0653550193466
-0.0636347944277
-0.0619808507831
-0.0603944328697
-0.0588767454799
-0.057428952756
-0.0560521772386
-0.0547474989462
-0.0535159544901
-0.052358536223
-0.0512761914233
-0.0502698215158
-0.0493402813277
-0.0484883783837
-0.0477148722376
-0.047020473843
-0.0464058449628
-0.0458715976182
-0.0454182935778
-0.0450464438871
-0.0447565084382
-0.0445488955814
-0.044423961778
-0.0443820112947
-0.04442329594
-0.0445480148429
-0.0447563142743
-0.0450482875103
-0.0454239747385
-0.0458833630069
-0.0464263862159
-0.0470529251521
-0.0477628075661
-0.0485558082912
-0.0494316494063
-0.0503900004397
-0.0514304786161
-0.0525526491441
-0.0537560255469
-0.055040070033
-0.0564041939085
-0.0578477580296
-0.0593700732954
-0.0609704011802
-0.0626479543054
-0.0644018970493
-0.066231346196
-0.0681353716205
-0.0701129970121
-0.0721632006329
-0.0742849161122
-0.0764770332761
-0.0787383990103
-0.0810678181568
-0.083464054443
-0.0859258314419
-0.0884518335639
-0.0910407070773
-0.0936910611587
-0.0964014689712
-0.0991704687686
-0.101996565027
-0.104878229601
-0.107813902902
-0.110801995104
-0.113840887363
-0.116928933069
-0.120064459104
-0.123245767131
-0.126471134889
-0.129738817515
-0.133047048872
-0.136394042896
-0.139777994951
-0.143197083204
-0.14664947
-0.15013330325
-0.15364671783
-0.157187836982
-0.160754773721
-0.16434563225
-0.167958509369
-0.171591495896
-0.175242678082
-0.178910139024
-0.182591960081
-0.186286222282
-0.189991007734
-0.193704401016
-0.197424490575
-0.201149370111
-0.204877139946
-0.208605908395
-0.212333793112
-0.216058922431
-0.219779436694
-0.223493489557
-0.227199249285
-0.23089490003
-0.234578643087
-0.238248698131
-0.241903304441
-0.245540722091
-0.249159233124
-0.252757142709
-0.256332780261
-0.259884500545
-0.263410684754
-0.266909741553
-0.270380108103
-0.273820251052
-0.277228667501
-0.280603885932
-0.283944467118
-0.287249004987
-0.290516127468
-0.293744497295
-0.296932812781
-0.300079808561
-0.303184256294
-0.306244965342
-0.309260783401
-0.312230597105
-0.315153332595
-0.318027956045
-0.320853474161
-0.323628934634
-0.326353426565
-0.329026080846
-0.331646070513
-0.33421261105
-0.336724960666
-0.339182420532
-0.341584334978
-0.343930091657
-0.346219121671
-0.348450899656
-0.35062494384
-0.352740816054
-0.354798121713
-0.35679650976
-0.358735672575
-0.360615345843
-0.362435308401
-0.364195382032
-0.36589543124
-0.367535362985
-0.369115126385
-0.370634712385
-0.3720941534
-0.373493522916
-0.374832935069
-0.376112544193
-0.377332544332
-0.37849316873
-0.379594689293
-0.380637416016
-0.381621696393
-0.382547914795
-0.383416491825
-0.384227883652
-0.384982581312
-0.385681109999
-0.386324028326
-0.386911927569
-0.387445430888
-0.387925192534
-0.388351897031
-0.388726258353
-0.389049019068
-0.389320949483
-0.389542846768
-0.389715534064
-0.389839859582
-0.389916695695
-0.389946938015
-0.389931504456
-0.389871334304
-0.389767387263
-0.389620642506
-0.389432097718
-0.389202768132
-0.388933685566
-0.388625897454
-0.388280465879
-0.387898466608
-0.387480988118
-0.387029130634
-0.386544005165
-0.386026732545
-0.385478442478
-0.384900272584
-0.384293367463
-0.383658877754
-0.382997959206
-0.38231177176
-0.381601478643
-0.38086824546
-0.380113239316
-0.379337627932
-0.378542578786
-0.377729258266
-0.376898830826
-0.376052458174
-0.375191298464
-0.374316505505
-0.373429227993
-0.372530608752
-0.371621784001
-0.370703882633
-0.369778025519
-0.368845324822
-0.367906883341
-0.366963793874
-0.366017138589
-0.365067988438
-0.364117402567
-0.363166427774
-0.362216097965
-0.361267433648
-0.360321441443
-0.359379113617
-0.358441427637
-0.357509345754
-0.356583814603
-0.355665764828
-0.354756110731
-0.353855749946
-0.35296556313
-0.352086413683
-0.351219147488
-0.350364592678
-0.349523559416
-0.348696839713
-0.347885207251
-0.347089417245
-0.346310206312
-0.345548292374
-0.344804374577
-0.344079133229
-0.343373229765
-0.342687306726
-0.342021987765
-0.341377877667
-0.340755562394
-0.340155609141
-0.339578566421
-0.339024964158
-0.338495313807
-0.337990108482
-0.337509823109
-0.33705491459
-0.336625821982
-0.336222966698
-0.335846752711
-0.335497566785
-0.335175778708
-0.334881741544
-0.334615791897
-0.334378250183
-0.334169420916
-0.333989593005
-0.333839040053
-0.33371802068
-0.333626778836
-0.333565544137
-0.333534532201
-0.333533944987
-0.33356397115
-0.333624786392
-0.33371655382
-0.333839424311
-0.333993536874
-0.334179019022
-0.334395987138
-0.33464454685
-0.334924793398
-0.335236812012
-0.335580678277
-0.335956458508
-0.336364210115
-0.336803981969
-0.337275814767
-0.33777974139
-0.338315787259
-0.338883970683
-0.33948430321
-0.340116789964
-0.340781429976
-0.341478216518
-0.342207137419
-0.34296817538
-0.343761308276
-0.344586509457
-0.345443748034
-0.346332989158
-0.347254194289
-0.348207321459
-0.349192325518
-0.350209158374
-0.351257769226
-0.352338104777
-0.353450109442
-0.354593725547
-0.355768893506
-0.356975552
-0.358213638133
-0.359483087584
-0.360783834738
-0.362115812814
-0.363478953975
-0.364873189428
-0.36629844951
-0.367754663765
-0.369241761
-0.370759669343
-0.372308316274
-0.373887628654
-0.375497532735
-0.377137954165
-0.378808817974
-0.380510048552
-0.382241569616
-0.384003304165
-0.385795174421
-0.387617101764
-0.389469006649
-0.391350808526
-0.39326242573
-0.395203775381
-0.397174773261
-0.399175333687
-0.401205369373
-0.403264791288
-0.405353508499
-0.407471428012
-0.409618454598
-0.411794490625
-0.413999435866
-0.416233187318
-0.418495638999
-0.420786681756
-0.423106203051
-0.425454086757
-0.427830212943
-0.430234457652
-0.432666692685
-0.435126785374
-0.437614598359
-0.440129989358
-0.442672810939
-0.445242910289
-0.447840128988
-0.450464302774
-0.453115261317
-0.45579282799
-0.458496819645
-0.461227046385
-0.463983311346
-0.466765410474
-0.469573132316
-0.472406257804
-0.475264560053
-0.478147804153
-0.481055746981
-0.483988137003
-0.486944714095
-0.489925209365
-0.492929344978
-0.495956834001
-0.499007380241
-0.502080678101
-0.505176412441
-0.508294258453
-0.511433881534
-0.514594937183
-0.517777070895
-0.520979918076
-0.52420310396
-0.527446243545
-0.53070894153
-0.533990792275
-0.537291379765
-0.540610277583
-0.543947048909
-0.547301246513
-0.550672412776
-0.554060079712
-0.557463769011
-0.560882992091
-0.564317250161
-0.567766034304
-0.571228825561
-0.574705095043
-0.578194304047
-0.581695904182
-0.585209337518
-0.588734036741
-0.592269425324
-0.595814917711
-0.599369919508
-0.602933827698
-0.606506030859
-0.610085909402
-0.613672835811
-0.617266174909
-0.620865284123
-0.624469513772
-0.628078207358
-0.631690701874
-0.635306328119
-0.63892441103
-0.642544270015
-0.646165219308
-0.649786568324
-0.65340762203
-0.657027681323
-0.660646043416
-0.664262002236
-0.667874848827
-0.671483871761
-0.675088357561
-0.678687591124
-0.682280856157
-0.685867435614
-0.689446612147
-0.693017668549
-0.696579888215
-0.7001325556
-0.703674956685
-0.707206379441
-0.710726114301
-0.714233454634
-0.717727697219
-0.721208142719
-0.724674096162
-0.728124867415
-0.731559771663
-0.734978129885
-0.738379269332
-0.741762523999
-0.745127235095
-0.748472751517
-0.75179843031
-0.755103637136
-0.758387746725
-0.761650143332
-0.764890221185
-0.768107384925
-0.771301050041
-0.774470643304
-0.777615603183
-0.780735380261
-0.783829437642
-0.786897251343
-0.789938310689
-0.792952118683
-0.795938192382
-0.798896063247
-0.801825277494
-0.804725396427
-0.807595996762
-0.810436670939
-0.813247027419
-0.81602669097
-0.818775302939
-0.821492521514
-0.824178021963
-0.82683149687
-0.829452656349
-0.832041228244
-0.834596958317
-0.837119610419
-0.839608966643
-0.842064827467
-0.844487011874
-0.846875357461
-0.84922972053
-0.851549976162
-0.853836018277
-0.856087759671
-0.858305132043
-0.860488086005
-0.862636591065
-0.86475063561
-0.866830226854
-0.868875390782
-0.870886172073
-0.872862634003
-0.874804858334
-0.876712945187
-0.878587012897
-0.880427197848
-0.882233654301
-0.884006554195
-0.885746086935
-0.88745245917
-0.889125894548
-0.890766633457
-0.892374932751
-0.893951065466
-0.895495320512
-0.897008002355
-0.898489430689
-0.899939940084
-0.901359879633
-0.902749612574
-0.904109515904
-0.905439979987
-0.906741408136
-0.908014216195
-0.909258832108
-0.91047569547
-0.911665257074
-0.912827978453
-0.913964331396
-0.915074797475
-0.916159867548
-0.917220041264
-0.918255826555
-0.919267739123
-0.92025630192
-0.921222044628
-0.922165503121
-0.923087218934
-0.923987738727
-0.924867613737
-0.925727399235
-0.926567653978
-0.92738893966
-0.928191820361
-0.928976861993
-0.929744631754
-0.930495697572
-0.931230627558
-0.931949989457
-0.932654350104
-0.933344274879
-0.934020327171
-0.934683067841
-0.935333054693
-0.935970841948
-0.936596979727
-0.937212013537
-0.937816483764
-0.938410925181
-0.93899586645
-0.939571829646
-0.940139329787
-0.940698874364
-0.941250962898
-0.941796086491
-0.942334727402
-0.942867358623
-0.94339444348
-0.94391643523
-0.944433776688
-0.944946899859
-0.94545622558
-0.945962163187
-0.946465110187
-0.94696545195
-0.947463561415
-0.947959798816
-0.948454511411
-0.948948033246
-0.94944068492
-0.949932773377
-0.950424591707
-0.950916418971
-0.951408520043
-0.951901145464
-0.952394531317
-0.952888899127
-0.953384455767
-0.953881393392
-0.954379889386
-0.954880106327
-0.95538219198
-0.955886279293
-0.956392486425
-0.956900916784
-0.957411659091
-0.957924787454
-0.958440361464
-0.958958426316
-0.959479012935
-0.960002138128
-0.960527804756
-0.961056001915
-0.961586705145
-0.962119876645
-0.962655465514
-0.963193408004
-0.963733627789
-0.964276036253
-0.964820532793
-0.965367005132
-0.965915329656
-0.966465371757
-0.967016986199
-0.967570017485
-0.968124300253
-0.968679659669
-0.96923591185
-0.969792864277
-0.970350316242
-0.970908059288
-0.971465877672
-0.972023548826
-0.972580843841
-0.973137527945
-0.973693361
-0.974248098004
-0.974801489591
-0.975353282556
-0.975903220365
-0.97645104368
-0.976996490895
-0.977539298659
-0.978079202416
-0.978615936943
-0.979149236886
-0.979678837303
-0.980204474205
-0.980725885094
-0.981242809504
-0.981754989537
-0.982262170399
-0.982764100934
-0.98326053415
-0.983751227744
-0.984235944621
-0.984714453407
-0.985186528956
-0.985651952849
-0.98611051389
-0.986562008584
-0.987006241615
-0.98744302631
-0.987872185096
-0.988293549941
-0.98870696279
-0.989112275981
-0.989509352656
-0.989898067156
-0.990278305402
-0.990649965257
-0.991012956886
-0.991367203085
-0.991712639605
-0.992049215459
-0.992376893205
-0.992695649219
-0.993005473948
-0.993306372145
-0.993598363086
-0.993881480767
-0.994155774082
-0.994421306986
-0.994678158631
-0.99492642349
-0.99516621145
-0.995397647898
-0.995620873776
-0.995836045621
-0.996043335578
-0.996242931398
-0.996435036413
-0.996619869487
-0.99679766495
-0.996968672505
-0.997133157119
-0.99729139889
-0.997443692891
-0.997590348998
-0.997731691689
-0.997868059829
-0.997999806431
-0.998127298396
-0.998250916229
-0.998371053746
-0.998488117743
-0.998602527664
-0.998714715236
-0.998825124088
-0.998934209354
-0.999042437255
-0.999150284664
-0.999258238648
-0.999366796001
-0.999476462755
-0.999587753674
-0.999701191733
-0.999817307582
-0.999936638995
-1.0000597303
-1.00018713182
-1.00031939923
-1.00045709301
-1.00060077781
-1.00075102177
-1.00090839598
-1.00107347371
-1.00124682986
-1.00142904023
-1.00162068085
-1.00182232731
-1.00203455406
-1.00225793374
-1.00249303642
-1.00274042897
-1.00300067429
-1.00327433063
-1.00356195087
-1.00386408181
-1.00418126345
-1.00451402827
-1.00486290052
-1.00522839552
-1.00561101896
-1.00601126614
-1.00642962136
-1.00686655714
-1.00732253358
-1.00779799768
-1.00829338264
-1.00880910721
-1.00934557503
-1.009903174
-1.01048227564
-1.01108323442
-1.01170638725
-1.01235205277
-1.01302053085
-1.01371210198
-1.01442702672
-1.01516554518
-1.01592787649
-1.01671421828
-1.01752474623
-1.01835961356
-1.01921895062
-1.02010286445
-1.02101143835
-1.02194473154
-1.02290277874
-1.02388558988
-1.02489314975
-1.02592541769
-1.02698232736
-1.02806378645
-1.02916967648
-1.03029985257
-1.0314541433
-1.03263235055
-1.03383424933
-1.03505958776
-1.03630808693
-1.03757944089
-1.03887331662
-1.04018935404
-1.04152716603
-1.0428863385
-1.04426643051
-1.04566697433
-1.0470874756
-1.04852741354
-1.04998624109
-1.05146338518
-1.05295824693
-1.054470202
-1.05599860082
-1.05754276898
-1.05910200755
-1.06067559348
-1.06226278002
-1.06386279714
-1.06547485198
-1.06709812938
-1.06873179234
-1.0703749826
-1.07202682115
-1.07368640888
-1.07535282711
-1.07702513827
-1.07870238654
-1.08038359852
-1.0820677839
-1.0837539362
-1.08544103351
-1.0871280392
-1.08881390274
-1.09049756044
-1.0921779363
-1.09385394279
-1.09552448172
-1.09718844506
-1.09884471585
-1.10049216904
-1.10212967237
-1.10375608732
-1.10537027001
-1.1069710721
-1.10855734173
-1.11012792449
-1.11168166435
-1.11321740459
-1.11473398882
-1.1162302619
-1.11770507093
-1.11915726621
-1.12058570224
-1.12198923868
-1.12336674132
-1.12471708307
-1.12603914494
-1.12733181701
-1.12859399939
-1.12982460318
-1.13102255146
-1.13218678021
-1.13331623929
-1.13440989336
-1.1354667228
-1.13648572464
-1.13746591351
-1.13840632246
-1.13930600392
-1.14016403054
-1.14097949603
-1.14175151605
-1.14247922902
-1.14316179692
-1.14379840609
-1.14438826803
-1.14493062012
-1.1454247264
-1.14586987827
-1.14626539516
-1.14661062527
-1.14690494617
-1.14714776546
-1.14733852137
-1.14747668332
-1.14756175253
-1.14759326251
-1.1475707796
-1.14749390341
-1.14736226734
-1.14717553892
-1.14693342031
-1.14663564859
-1.14628199614
-1.14587227095
-1.14540631694
-1.14488401413
-1.14430527895
-1.14367006442
-1.14297836027
-1.14223019314
-1.14142562664
-1.14056476144
-1.13964773533
-1.1386747232
-1.13764593707
-1.13656162598
-1.13542207596
-1.13422760991
-1.13297858745
-1.13167540474
-1.13031849431
-1.12890832479
-1.12744540067
-1.125930262
-1.12436348408
-1.12274567708
-1.12107748568
-1.11935958865
-1.11759269842
-1.11577756061
-1.11391495351
-1.1120056876
-1.11005060497
-1.10805057874
-1.10600651249
-1.10391933959
-1.10179002257
-1.09961955245
-1.097408948
-1.09515925508
-1.0928715458
-1.09054691785
-1.08818649364
-1.08579141951
-1.08336286489
-1.08090202147
-1.0784101023
-1.07588834092
-1.07333799046
-1.07076032269
-1.06815662711
-1.06552821001
-1.06287639344
-1.06020251432
-1.05750792338
-1.05479398418
-1.0520620721
-1.04931357333
-1.04654988378
-1.04377240813
-1.04098255871
-1.03818175447
-1.03537141994
-1.03255298412
-1.02972787948
-1.02689754082
-1.02406340426
-1.02122690611
-1.01838948187
-1.01555256508
-1.01271758631
-1.00988597206
-1.00705914373
-1.00423851653
-1.00142549842
-0.998621489115
-0.995827878996
-0.993046048096
-0.990277365082
-0.987523186232
-0.984784854439
-0.98206369822
-0.979361030734
-0.976678148816
-0.974016332027
-0.971376841713
-0.968760920085
-0.966169789312
-0.963604650626
-0.961066683456
-0.95855704457
-0.956076867239
-0.953627260419
-0.951209307958
-0.948824067818
-0.946472571321
-0.944155822416
-0.941874796969
-0.939630442075
-0.937423675394
-0.935255384514
-0.933126426331
-0.931037626461
-0.928989778677
-0.926983644364
-0.92501995201
-0.923099396717
-0.921222639745
-0.919390308072
-0.917602993995
-0.91586125475
-0.914165612162
-0.912516552323
-0.910914525301
-0.909359944873
-0.907853188291
-0.906394596072
-0.904984471824
-0.903623082094
-0.902310656246
-0.901047386376
-0.899833427244
-0.898668896242
-0.897553873393
-0.896488401372
-0.895472485563
-0.894506094138
-0.89358915817
-0.892721571772
-0.891903192263
-0.891133840365
-0.890413300425
-0.889741320664
-0.889117613459
-0.888541855642
-0.888013688835
-0.887532719806
-0.88709852085
-0.886710630201
-0.886368552462
-0.886071759068
-0.88581968876
-0.885611748098
-0.885447311989
-0.885325724236
-0.885246298111
-0.885208316956
-0.885211034796
-0.885253676973
-0.885335440811
-0.885455496284
-0.885612986717
-0.885807029497
-0.886036716801
-0.886301116351
-0.886599272167
-0.886930205357
-0.887292914901
-0.887686378468
-0.888109553231
-0.888561376702
-0.889040767581
-0.889546626612
-0.890077837449
-0.890633267536
-0.891211768994
-0.891812179513
-0.892433323258
-0.893074011776
-0.893733044914
-0.894409211737
-0.895101291454
-0.89580805435
-0.896528262715
-0.897260671776
-0.898004030642
-0.898757083229
-0.899518569207
-0.900287224929
-0.901061784367
-0.901840980049
-0.902623543979
-0.903408208573
-0.904193707573
-0.904978776963
-0.905762155886
-0.906542587539
-0.907318820077
-0.908089607496
-0.908853710516
-0.909609897452
-0.910356945071
-0.91109363945
-0.911818776807
-0.912531164332
-0.913229621006
-0.913912978395
-0.914580081445
-0.915229789255
-0.915860975835
-0.916472530853
-0.917063360364
-0.91763238752
-0.918178553269
-0.918700817034
-0.919198157374
-0.919669572624
-0.920114081527
-0.920530723834
-0.920918560893
-0.921276676217
-0.921604176029
-0.921900189793
-0.922163870716
-0.922394396238
-0.922590968493
-0.922752814753
-0.92287918785
-0.922969366577
-0.923022656062
-0.923038388126
-0.923015921616
-0.922954642715
-0.922853965229
-0.922713330854
-0.922532209418
-0.922310099097
-0.922046526618
-0.921741047427
-0.921393245845
-0.921002735192
-0.920569157891
-0.920092185557
-0.919571519049
-0.919006888513
-0.918398053391
-0.91774480242
-0.917046953595
-0.916304354121
-0.915516880338
-0.914684437626
-0.913806960287
-0.912884411407
-0.911916782696
-0.910904094311
-0.909846394654
-0.908743760149
-0.907596295005
-0.906404130959
-0.90516742699
-0.903886369027
-0.902561169634
-0.901192067672
-0.89977932795
-0.898323240857
-0.896824121977
-0.895282311685
-0.893698174734
-0.892072099817
-0.890404499123
-0.888695807874
-0.886946483848
-0.885157006891
-0.883327878413
-0.881459620873
-0.879552777253
-0.87760791052
-0.875625603075
-0.873606456194
-0.871551089461
-0.869460140186
-0.86733426282
-0.865174128357
-0.862980423735
-0.860753851222
-0.858495127802
-0.856204984552
-0.853884166014
-0.851533429562
-0.849153544767
-0.846745292757
-0.844309465569
-0.84184686551
-0.839358304506
-0.836844603451
-0.834306591563
-0.831745105726
-0.829160989848
-0.826555094207
-0.823928274805
-0.821281392724
-0.818615313481
-0.815930906388
-0.813229043916
-0.810510601064
-0.807776454726
-0.805027483076
-0.802264564942
-0.799488579202
-0.796700404172
-0.793900917016
-0.791090993148
-0.788271505652
-0.78544332471
-0.782607317031
-0.7797643453
-0.776915267625
-0.774060937005
-0.771202200798
-0.768339900207
-0.765474869776
-0.762607936892
-0.759739921305
-0.756871634657
-0.754003880023
-0.751137451465
-0.748273133599
-0.745411701177
-0.742553918675
-0.739700539907
-0.736852307639
-0.734009953227
-0.731174196264
-0.728345744246
-0.725525292244
-0.722713522601
-0.719911104634
-0.717118694362
-0.714336934234
-0.711566452887
-0.70880786491
-0.706061770626
-0.703328755889
-0.700609391894
-0.697904235009
-0.695213826611
-0.692538692948
-0.689879345011
-0.687236278422
-0.684609973333
-0.68200089435
-0.679409490462
-0.676836194986
-0.674281425536
-0.671745583993
-0.669229056497
-0.666732213457
-0.664255409563
-0.661798983824
-0.659363259613
-0.656948544727
-0.65455513146
-0.652183296689
-0.649833301977
-0.647505393678
-0.645199803065
-0.642916746468
-0.640656425416
-0.6384190268
-0.63620472304
-0.634013672271
-0.63184601853
-0.629701891959
-0.627581409015
-0.625484672694
-0.623411772761
-0.621362785983
-0.619337776387
-0.617336795504
-0.615359882641
-0.613407065147
-0.611478358692
-0.609573767552
-0.607693284898
-0.605836893092
-0.60400456399
-0.602196259247
-0.600411930632
-0.598651520338
-0.596914961306
-0.595202177545
-0.593513084461
-0.591847589182
-0.590205590892
-0.588586981162
-0.586991644284
-0.585419457607
-0.583870291875
-0.582344011557
-0.58084047519
-0.579359535711
-0.577901040793
-0.576464833179
-0.57505075101
-0.573658628161
-0.572288294566
-0.570939576541
-0.569612297109
-0.568306276318
-0.567021331554
-0.565757277852
-0.564513928207
-0.56329109387
-0.562088584646
-0.56090620919
-0.559743775287
-0.558601090134
-0.557477960618
-0.556374193577
-0.555289596066
-0.554223975606
-0.553177140439
-0.552148899758
-0.551139063946
-0.550147444797
-0.549173855732
-0.54821811201
-0.547280030923
-0.546359431993
-0.54545613715
-0.544569970907
-0.543700760528
-0.54284833618
-0.542012531081
-0.541193181639
-0.54039012758
-0.539603212066
-0.538832281804
-0.538077187151
-0.537337782198
-0.536613924855
-0.535905476923
-0.535212304154
-0.534534276305
-0.533871267183
-0.533223154675
-0.532589820775
-0.531971151598
-0.531367037386
-0.530777372507
-0.530202055436
-0.529640988743
-0.529094079056
-0.528561237022
-0.528042377264
-0.527537418321
-0.527046282587
-0.526568896235
-0.526105189139
-0.525655094786
-0.52521855018
-0.524795495738
-0.524385875183
-0.523989635424
-0.523606726432
-0.523237101115
-0.522880715174
-0.522537526969
-0.522207497363
-0.521890589576
-0.521586769021
-0.521296003146
-0.52101826126
-0.520753514366
-0.520501734982
-0.520262896963
-0.520036975316
-0.519823946015
-0.519623785812
-0.519436472045
-0.519261982445
-0.519100294938
-0.518951387453
-0.51881523772
-0.518691823071
-0.518581120243
-0.518483105179
-0.518397752823
-0.518325036929
-0.518264929854
-0.518217402369
-0.51818242346
-0.518159960133
-0.518149977222
-0.518152437205
-0.51816730001
-0.518194522836
-0.518234059972
-0.518285862619
-0.518349878721
-0.518426052792
-0.518514325753
-0.518614634776
-0.518726913129
-0.518851090025
-0.518987090479
-0.519134835177
-0.519294240335
-0.519465217585
-0.519647673849
-0.519841511232
-0.520046626918
-0.520262913069
-0.520490256741
-0.520728539803
-0.520977638855
-0.521237425173
-0.521507764645
-0.521788517721
-0.522079539379
-0.522380679085
-0.522691780777
-0.523012682844
-0.523343218127
-0.523683213918
-0.524032491973
-0.524390868538
-0.524758154376
-0.52513415481
-0.525518669772
-0.525911493863
-0.526312416421
-0.526721221598
-0.527137688451
-0.527561591033
-0.527992698506
-0.528430775249
-0.52887558099
-0.52932687093
-0.529784395895
-0.530247902482
-0.530717133219
-0.531191826738
-0.531671717946
-0.532156538217
-0.532646015582
-0.533139874933
-0.53363783823
-0.534139624724
-0.534644951177
-0.535153532096
-0.535665079972
-0.536179305529
-0.536695917973
-0.537214625251
-0.537735134321
-0.538257151417
-0.538780382328
-0.539304532681
-0.539829308225
-0.540354415121
-0.540879560243
-0.541404451471
-0.541928797996
-0.542452310629
-0.542974702104
-0.543495687398
-0.544014984035
-0.544532312411
-0.545047396105
-0.5455599622
-0.546069741602
-0.546576469358
-0.547079884979
-0.547579732754
-0.548075762071
-0.548567727735
-0.549055390281
-0.549538516291
-0.550016878699
-0.550490257106
-0.550958438081
-0.551421215463
-0.551878390659
-0.552329772938
-0.552775179718
-0.553214436851
-0.553647378897
-0.554073849398
-0.554493701147
-0.554906796438
-0.555313007326
-0.555712215867
-0.556104314353
-0.556489205544
-0.556866802885
-0.557237030716
-0.557599824475
-0.557955130889
-0.558302908157
-0.55864312612
-0.558975766424
-0.559300822667
-0.559618300543
-0.559928217967
-0.56023060519
-0.560525504906
-0.560812972342
-0.561093075338
-0.561365894415
-0.561631522826
-0.561890066601
-0.562141644572
-0.562386388388
-0.562624442512
-0.562855964217
-0.563081123546
-0.563300103283
-0.563513098888
-0.563720318434
-0.563921982518
-0.564118324168
-0.564309588722
-0.564496033709
-0.564677928701
-0.564855555161
-0.565029206265
-0.565199186726
-0.565365812583
-0.565529410995
-0.565690320006
-0.565848888307
-0.566005474972
-0.566160449193
-0.566314189987
-0.566467085903
-0.566619534705
-0.566771943047
-0.566924726133
-0.56707830736
-0.567233117958
-0.567389596609
-0.567548189052
-0.567709347686
-0.567873531152
-0.568041203906
-0.568212835782
-0.568388901542
-0.568569880419
-0.568756255646
-0.568948513977
-0.569147145197
-0.569352641627
-0.569565497612
-0.569786209013
-0.570015272677
-0.570253185915
-0.570500445956
-0.570757549409
-0.571024991713
-0.571303266582
-0.57159286544
-0.571894276862
-0.572207986006
-0.572534474032
-0.572874217538
-0.573227687975
-0.573595351067
-0.573977666235
-0.574375086013
-0.574788055462
-0.575217011596
-0.575662382792
-0.576124588219
-0.576604037255
-0.577101128916
-0.57761625128
-0.578149780924
-0.578702082356
-0.579273507462
-0.579864394947
-0.580475069792
-0.581105842713
-0.581757009627
-0.582428851128
-0.58312163197
-0.583835600561
-0.584570988463
-0.585328009902
-0.586106861298
-0.586907720791
-0.587730747792
-0.58857608254
-0.589443845673
-0.59033413781
-0.591247039155
-0.592182609106
-0.593140885883
-0.594121886172
-0.595125604784
-0.596152014332
-0.597201064921
-0.59827268386
-0.599366775386
-0.600483220415
-0.601621876299
-0.602782576617
-0.603965130971
-0.605169324808
-0.606394919269
-0.607641651041
-0.60890923225
-0.610197350357
-0.611505668088
-0.612833823377
-0.614181429339
-0.615548074257
-0.616933321593
-0.618336710027
-0.619757753513
-0.621195941356
-0.62265073832
-0.624121584749
-0.625607896721
-0.627109066213
-0.628624461304
-0.630153426386
-0.631695282412
-0.633249327153
-0.634814835494
-0.636391059739
-0.637977229946
-0.639572554286
-0.641176219419
-0.642787390898
-0.644405213596
-0.646028812147
-0.647657291422
-0.649289737012
-0.65092521575
-0.652562776237
-0.6542014494
-0.655840249069
-0.657478172569
-0.659114201344
-0.660747301583
-0.662376424884
-0.664000508923
-0.665618478151
-0.667229244498
-0.668831708109
-0.670424758085
-0.672007273247
-0.67357812291
-0.675136167684
-0.676680260275
-0.678209246313
-0.679721965184
-0.681217250885
-0.682693932884
-0.684150836992
-0.685586786254
-0.68700060184
-0.688391103952
-0.689757112743
-0.691097449237
-0.692410936262
-0.693696399388
-0.694952667872
-0.69617857561
-0.697372962091
-0.698534673357
-0.699662562965
-0.700755492953
-0.701812334806
-0.702831970425
-0.703813293092
-0.704755208442
-0.705656635423
-0.706516507263
-0.707333772429
-0.708107395582
-0.70883635853
-0.709519661172
-0.710156322438
-0.710745381221
-0.711285897298
-0.711776952249
-0.71221765036
-0.712607119516
-0.712944512087
-0.713229005795
-0.713459804577
-0.713636139424
-0.713757269213
-0.713822481524
-0.713831093431
-0.71378245229
-0.713675936502
-0.713510956252
-0.713286954244
-0.713003406401
-0.712659822556
-0.712255747111
-0.711790759686
-0.711264475736
-0.71067654715
-0.710026662821
-0.709314549203
-0.708539970825
-0.707702730799
-0.706802671288
-0.705839673952
-0.704813660368
-0.703724592419
-0.702572472663
-0.701357344659
-0.700079293278
-0.69873844498
-0.697334968056
-0.695869072845
-0.694341011923
-0.692751080254
-0.691099615314
-0.689386997184
-0.687613648613
-0.685780035039
-0.683886664595
-0.681934088065
-0.679922898823
-0.677853732724
-0.675727267981
-0.67354422499
-0.671305366137
-0.669011495563
-0.666663458906
-0.664262142995
-0.661808475529
-0.659303424714
-0.656747998865
-0.654143245984
-0.651490253298
-0.648790146772
-0.646044090588
-0.643253286588
-0.640418973694
-0.637542427291
-0.634624958583
-0.631667913917
-0.628672674079
-0.62564065356
-0.622573299793
-0.619472092361
-0.61633854218
-0.613174190653
-0.609980608793
-0.606759396331
-0.603512180785
-0.600240616513
-0.59694638374
-0.593631187558
-0.590296756906
-0.586944843529
-0.583577220911
-0.580195683191
-0.576802044055
-0.573398135615
-0.569985807263
-0.56656692451
-0.56314336781
-0.559717031362
-0.556289821906
-0.552863657495
-0.549440466262
-0.546022185166
-0.542610758735
-0.539208137795
-0.535816278185
-0.532437139468
-0.529072683637
-0.525724873806
-0.522395672899
-0.519087042342
-0.515800940733
-0.512539322529
-0.509304136719
-0.506097325497
-0.502920822943
-0.499776553692
-0.496666431621
-0.493592358527
-0.490556222813
-0.487559898179
-0.484605242326
-0.481694095652
-0.478828279973
-0.476009597241
-0.473239828283
-0.470520731538
-0.467854041819
-0.465241469081
-0.462684697207
-0.460185382804
-0.457745154024
-0.455365609392
-0.453048316657
-0.450794811666
-0.44860659725
-0.446485142133
-0.444431879869
-0.442448207793
-0.440535485999
-0.43869503634
-0.436928141463
-0.43523604385
-0.433619944907
-0.432081004065
-0.430620337918
-0.429239019381
-0.427938076892
-0.426718493623
-0.425581206743
-0.424527106699
-0.423557036534
-0.422671791233
-0.42187211711
-0.421158711224
-0.420532220824
-0.41999324284
-0.419542323398
-0.419179957379
-0.418906588007
-0.418722606477
-0.418628351621
-0.418624109607
-0.418710113675
-0.418886543916
-0.41915352708
-0.419511136431
-0.419959391632
-0.420498258676
-0.421127649843
-0.42184742371
-0.422657385191
-0.423557285613
-0.424546822837
-0.425625641411
-0.42679333277
-0.42804943546
-0.429393435416
-0.430824766264
-0.432342809671
-0.433946895722
-0.435636303346
-0.43741026077
-0.439267946011
-0.441208487404
-0.443230964173
-0.445334407024
-0.447517798785
-0.449780075072
-0.452120124997
-0.454536791902
-0.457028874128
-0.459595125822
-0.462234257766
-0.464944938246
-0.467725793947
-0.470575410879
-0.47349233533
-0.476475074854
-0.479522099279
-0.482631841744
-0.485802699768
-0.489033036339
-0.492321181026
-0.49566543112
-0.499064052796
-0.502515282293
-0.506017327127
-0.509568367307
-0.513166556587
-0.516810023723
-0.52049687376
-0.524225189326
-0.527993031947
-0.53179844337
-0.535639446912
-0.539514048807
-0.543420239577
-0.547355995404
-0.551319279521
-0.555308043601
-0.559320229163
-0.56335376898
-0.567406588493
-0.571476607226
-0.575561740214
-0.579659899423
-0.583768995177
-0.587886937582
-0.59201163795
-0.596141010227
-0.600272972405
-0.604405447945
-0.608536367182
-0.612663668732
-0.61678530089
-0.620899223018
-0.625003406926
-0.629095838239
-0.633174517761
-0.637237462814
-0.64128270858
-0.645308309411
-0.649312340142
-0.653292897369
-0.657248100731
-0.661176094153
-0.665075047086
-0.668943155722
-0.672778644183
-0.676579765699
-0.680344803756
-0.684072073222
-0.687759921456
-0.691406729378
-0.695010912531
-0.698570922103
-0.702085245929
-0.705552409466
-0.708970976735
-0.712339551237
-0.715656776841
-0.718921338642
-0.72213196378
-0.725287422243
-0.728386527624
-0.731428137853
-0.734411155896
-0.737334530419
-0.740197256418
-0.742998375817
-0.745736978032
-0.748412200494
-0.751023229151
-0.753569298916
-0.756049694094
-0.75846374877
-0.760810847155
-0.763090423901
-0.765301964383
-0.767445004933
-0.769519133051
-0.77152398757
-0.773459258788
-0.775324688562
-0.777120070366
-0.778845249315
-0.780500122147
-0.782084637169
-0.783598794176
-0.78504264432
-0.786416289954
-0.787719884434
-0.788953631888
-0.790117786949
-0.791212654454
-0.792238589107
-0.793195995105
-0.79408532574
-0.794907082952
-0.795661816866
-0.796350125277
-0.796972653126
-0.797530091918
-0.798023179132
-0.798452697585
-0.798819474772
-0.799124382177
-0.799368334549
-0.799552289157
-0.799677245012
-0.799744242067
-0.799754360379
-0.799708719261
-0.799608476398
-0.799454826938
-0.799249002568
-0.79899227056
-0.798685932791
-0.798331324756
-0.797929814544
-0.797482801805
-0.796991716692
-0.796458018788
-0.795883196018
-0.795268763533
-0.794616262596
-0.793927259437
-0.793203344101
-0.792446129287
-0.791657249165
-0.790838358191
-0.789991129905
-0.789117255724
-0.788218443722
-0.787296417407
-0.786352914489
-0.785389685639
-0.784408493249
-0.783411110185
-0.782399318534
-0.781374908354
-0.780339676419
-0.779295424965
-0.778243960436
-0.777187092231
-0.776126631455
-0.77506438967
-0.774002177651
-0.77294180415
-0.771885074663
-0.770833790201
-0.769789746075
-0.768754730681
-0.767730524302
-0.766718897917
-0.765721612015
-0.764740415432
-0.763777044188
-0.762833220348
-0.761910650887
-0.761011026577
-0.760136020885
-0.75928728889
-0.758466466213
-0.757675167968
-0.756914987726
-0.756187496506
