-0.788557956256
-0.788531971893
-0.788480002513
-0.788402047139
-0.788298104463
-0.788168172846
-0.788012250319
-0.787830334578
-0.787622422982
-0.787388512551
-0.787128599961
-0.786842681544
-0.786530753281
-0.786192810801
-0.785828849373
-0.785438863908
-0.785022848948
-0.784580798665
-0.784112706855
-0.783618566934
-0.78309837193
-0.782552114483
-0.781979786834
-0.781381380822
-0.78075688788
-0.780106299024
-0.779429604856
-0.778726795548
-0.777997860846
-0.777242790058
-0.776461572049
-0.775654195239
-0.774820647594
-0.773960916622
-0.773074989369
-0.77216285241
-0.771224491848
-0.770259893308
-0.769269041932
-0.768251922375
-0.7672085188
-0.766138814878
-0.765042793779
-0.763920438171
-0.762771730221
-0.761596651586
-0.760395183416
-0.759167306349
-0.757913000512
-0.75663224552
-0.755325020473
-0.75399130396
-0.752631074055
-0.751244308323
-0.749830983819
-0.748391077087
-0.74692456417
-0.745431420607
-0.743911621439
-0.742365141214
-0.740791953991
-0.739192033346
-0.737565352378
-0.735911883718
-0.734231599532
-0.732524471535
-0.730790470993
-0.729029568741
-0.727241735185
-0.725426940319
-0.723585153734
-0.72171634463
-0.71982048183
-0.717897533795
-0.715947468635
-0.713970254129
-0.711965857737
-0.709934246616
-0.707875387644
-0.70578924743
-0.703675792338
-0.701534988505
-0.69936680186
-0.697171198148
-0.694948142951
-0.692697601706
-0.690419539735
-0.688113922264
-0.68578071445
-0.683419881404
-0.681031388219
-0.678615199995
-0.676171281869
-0.673699599039
-0.671200116795
-0.668672800547
-0.666117615855
-0.663534528462
-0.66092350432
-0.658284509627
-0.655617510855
-0.652922474784
-0.650199368537
-0.647448159612
-0.644668815915
-0.641861305801
-0.639025598101
-0.636161662165
-0.633269467895
-0.630348985781
-0.627400186941
-0.624423043158
-0.621417526917
-0.618383611444
-0.615321270746
-0.612230479648
-0.609111213838
-0.605963449898
-0.602787165355
-0.599582338714
-0.596348949502
-0.593086978309
-0.589796406829
-0.586477217904
-0.583129395563
-0.579752925066
-0.576347792948
-0.57291398706
-0.569451496609
-0.565960312209
-0.562440425916
-0.558891831278
-0.555314523373
-0.551708498857
-0.548073756006
-0.544410294759
-0.540718116763
-0.536997225419
-0.533247625921
-0.529469325306
-0.525662332491
-0.521826658326
-0.51796231563
-0.514069319239
-0.510147686049
-0.506197435062
-0.502218587425
-0.49821116648
-0.494175197803
-0.490110709248
-0.486017730992
-0.48189629558
-0.477746437963
-0.473568195545
-0.469361608225
-0.465126718437
-0.460863571197
-0.456572214141
-0.452252697569
-0.447905074484
-0.443529400638
-0.439125734567
-0.434694137638
-0.430234674082
-0.425747411042
-0.421232418606
-0.416689769849
-0.412119540872
-0.407521810841
-0.402896662021
-0.398244179818
-0.393564452814
-0.388857572805
-0.384123634833
-0.379362737225
-0.374574981629
-0.369760473043
-0.364919319854
-0.360051633868
-0.355157530344
-0.350237128024
-0.345290549166
-0.340317919573
-0.335319368623
-0.330295029298
-0.325245038211
-0.320169535637
-0.315068665532
-0.309942575568
-0.304791417149
-0.299615345441
-0.294414519391
-0.289189101751
-0.283939259098
-0.278665161856
-0.27336698431
-0.268044904628
-0.262699104878
-0.257329771041
-0.251937093028
-0.246521264689
-0.241082483831
-0.235620952226
-0.23013687562
-0.224630463741
-0.219101930309
-0.21355149304
-0.207979373649
-0.202385797855
-0.196770995382
-0.191135199959
-0.18547864932
-0.179801585199
-0.174104253326
-0.168386903425
-0.162649789201
-0.156893168333
-0.151117302468
-0.1453224572
-0.139508902065
-0.133676910518
-0.127826759922
-0.121958731525
-0.11607311044
-0.110170185622
-0.104250249846
-0.0983135996786
-0.0923605354509
-0.0863913612283
-0.0804063847787
-0.0744059175397
-0.068390274582
-0.0623597745727
-0.056314739736
-0.0502554958113
-0.0441823720104
-0.0380957009719
-0.0319958187144
-0.025883064587
-0.0197577812177
-0.013620314461
-0.00747101334176
-0.0013102299983
0.00486168037698
0.0110443595991
0.0172374465538
0.0234405772631
0.029653384953
0.0358755001227
0.0421065506165
0.0483461616973
0.0545939561224
0.0608495542212
0.067112573975
0.0733826310987
0.0796593391246
0.0859423094885
0.0922311516171
0.0985254730177
0.104824879371
0.111128974622
0.11743736108
0.123749639513
0.130065409248
0.136384268271
0.142705813332
0.149029640052
0.155355343024
0.161682515927
0.168010751634
0.174339642326
0.180668779603
0.186997754602
0.193326158113
0.1996535807
0.205979612819
0.21230384494
0.218625867674
0.224945271894
0.231261648863
0.237574590364
0.243883688826
0.250188537459
0.256488730379
0.262783862751
0.269073530915
0.275357332526
0.281634866691
0.287905734103
0.294169537187
0.300425880233
0.306674369542
0.312914613564
0.319146223047
0.325368811171
0.331581993702
0.337785389132
0.343978618825
0.350161307166
0.356333081704
0.362493573304
0.368642416293
0.374779248607
0.380903711941
0.3870154519
0.393114118144
0.399199364544
0.405270849324
0.411328235216
0.417371189609
0.423399384697
0.429412497633
0.435410210671
0.441392211325
0.447358192508
0.45330785269
0.459240896041
0.465157032581
0.471055978327
0.476937455438
0.482801192368
0.488646924004
0.494474391815
0.500283343998
0.506073535616
0.511844728746
0.517596692619
0.523329203757
0.52904204612
0.534735011237
0.540407898346
0.546060514533
0.551692674863
0.557304202512
0.562894928903
0.568464693836
0.574013345613
0.579540741168
0.585046746194
0.590531235262
0.59599409195
0.601435208956
0.606854488222
0.612251841047
0.617627188201
0.622980460042
0.628311596619
0.633620547788
0.638907273308
0.644171742955
0.649413936613
0.654633844381
0.659831466663
0.665006814264
0.670159908481
0.67529078119
0.680399474934
0.685486043002
0.690550549512
0.695593069488
0.700613688931
0.705612504892
0.710589625541
0.715545170231
0.72047926956
0.725392065426
0.730283711088
0.735154371214
0.740004221931
0.744833450869
0.749642257203
0.75443085169
0.759199456706
0.763948306275
0.768677646093
0.773387733558
0.778078837785
0.782751239619
0.787405231655
0.792041118236
0.796659215466
0.801259851202
0.805843365054
0.810410108375
0.81496044425
0.819494747476
0.824013404543
0.82851681361
0.833005384471
0.837479538523
0.841939708731
0.846386339577
0.850819887019
0.855240818438
0.859649612578
0.864046759487
0.868432760452
0.872808127927
0.877173385457
0.881529067602
0.885875719845
0.89021389851
0.894544170666
0.898867114022
0.903183316831
0.907493377778
0.911797905865
0.916097520293
0.920392850341
0.924684535235
0.928973224016
0.9332595754
0.937544257637
0.941827948364
0.946111334447
0.950395111829
0.954679985362
0.958966668642
0.963255883836
0.967548361504
0.971844840414
0.976146067358
0.98045279696
0.984765791472
0.989085820581
0.993413661194
0.997750097231
1.00209591941
1.00645192501
1.01081891767
1.01519770714
1.01958910906
1.02399394469
1.02841304071
1.03284722892
1.03729734602
1.04176423337
1.04624873667
1.05075170573
1.05527399419
1.05981645927
1.06437996144
1.06896536417
1.07357353363
1.07820533842
1.08286164924
1.0875433386
1.09225128054
1.0969863503
1.101749424
1.10654137836
1.11136309033
1.11621543684
1.1210992944
1.12601553881
1.13096504485
1.13594868588
1.14096733358
1.14602185756
1.15111312501
1.15624200041
1.16140934513
1.16661601708
1.1718628704
1.17715075507
1.18248051656
1.18785299546
1.19326902716
1.19872944144
1.20423506214
1.20978670676
1.21538518613
1.22103130402
1.22672585678
1.23246963296
1.23826341295
1.24410796861
1.25000406288
1.25595244943
1.26195387225
1.26800906535
1.2741187523
1.28028364591
1.28650444785
1.29278184827
1.29911652544
1.30550914534
1.31196036137
1.31847081389
1.32504112991
1.33167192272
1.3383637915
1.34511732096
1.35193308102
1.35881162639
1.36575349626
1.37275921393
1.37982928643
1.38696420423
1.39416444082
1.40143045245
1.40876267769
1.41616153719
1.42362743326
1.4311607496
1.43876185094
1.44643108274
1.45416877085
1.46197522117
1.46985071942
1.47779553075
1.48580989946
1.49389404874
1.50204818033
1.51027247425
1.51856708852
1.52693215888
1.53536779852
1.54387409781
1.55245112404
1.56109892116
1.56981750955
1.57860688576
1.58746702227
1.59639786729
1.60539934449
1.61447135283
1.62361376633
1.63282643384
1.64210917892
1.65146179955
1.66088406805
1.67037573083
1.67993650827
1.68956609454
1.69926415746
1.70903033834
1.71886425188
1.72876548602
1.73873360181
1.74876813333
1.75886858758
1.76903444437
1.77926515627
1.78956014849
1.79991881887
1.81034053776
1.82082464803
1.83137046501
1.84197727642
1.85264434243
1.86337089558
1.87415614081
1.88499925546
1.89589938929
1.9068556645
1.91786717578
1.92893299035
1.940052148
1.9512236612
1.9624465151
1.97371966771
1.9850420499
1.9964125656
2.00783009184
2.01929347889
2.03080155043
2.04235310366
2.05394690949
2.06558171265
2.07725623191
2.08896916027
2.10071916511
2.11250488845
2.12432494711
2.136177933
2.14806241327
2.15997693064
2.17192000362
2.18389012673
2.19588577087
2.20790538352
2.21994738906
2.2320101891
2.24409216274
2.25619166695
2.26830703685
2.28043658611
2.29257860723
2.30473137195
2.31689313161
2.32906211751
2.34123654132
2.35341459546
2.36559445352
2.37777427063
2.38995218395
2.40212631305
2.41429476035
2.42645561159
2.43860693628
2.45074678813
2.46287320558
2.4749842122
2.48707781724
2.49915201611
2.51120479085
2.52323411067
2.53523793243
2.5472142012
2.55916085075
2.57107580412
2.5829569741
2.59480226386
2.60660956741
2.61837677023
2.6301017498
2.64178237614
2.65341651245
2.66500201562
2.67653673685
2.68801852223
2.69944521331
2.71081464772
2.72212465976
2.733373081
2.74455774087
2.75567646728
2.76672708724
2.77770742748
2.78861531501
2.79944857781
2.81020504541
2.82088254951
2.83147892461
2.84199200864
2.85241964359
2.86275967611
2.87300995816
2.88316834761
2.89323270891
2.90320091366
2.91307084129
2.92284037965
2.93250742563
2.94206988581
2.95152567705
2.96087272714
2.97010897539
2.97923237326
2.98824088494
2.99713248802
3.00590517404
3.01455694912
3.02308583453
3.03148986734
3.03976710096
3.04791560572
3.05593346951
3.06381879831
3.07156971675
3.07918436873
3.08666091794
3.09399754842
3.1011924651
3.1082438944
3.11515008467
3.1219093068
3.12851985471
3.13498004587
3.1412882218
3.14744274858
3.15344201733
3.15928444472
3.1649684734
3.17049257251
3.17585523812
3.18105499368
3.18609039048
3.19096000802
3.19566245451
3.20019636723
3.20456041296
3.20875328835
3.2127737203
3.21662046636
3.22029231506
3.22378808628
3.22710663158
3.23024683452
3.23320761101
3.23598790957
3.23858671166
3.24100303193
3.24323591854
3.24528445338
3.24714775232
3.24882496546
3.25031527734
3.25161790719
3.25273210906
3.25365717208
3.25439242057
3.25493721426
3.2552909484
3.25545305392
3.25542299754
3.25520028189
3.25478444561
3.25417506343
3.25337174625
3.25237414121
3.25118193173
3.24979483752
3.24821261467
3.24643505558
3.24446198903
3.24229328011
3.23992883023
3.23736857707
3.23461249451
3.23166059259
3.2285129174
3.22516955105
3.22163061151
3.21789625249
3.21396666339
3.20984206907
3.20552272975
3.20100894086
3.1963010328
3.19139937084
3.18630435485
3.18101641914
3.17553603221
3.16986369652
3.16399994827
3.15794535714
3.15170052599
3.14526609065
3.13864271956
3.13183111354
3.12483200544
3.11764615985
3.11027437276
3.10271747122
3.09497631304
3.08705178635
3.07894480932
3.07065632975
3.0621873247
3.05353880008
3.04471179027
3.03570735774
3.02652659258
3.01717061212
3.00764056049
2.9979376082
2.98806295165
2.97801781274
2.9678034384
2.95742110009
2.94687209337
2.93615773742
2.92527937455
2.91423836973
2.9030361101
2.89167400445
2.88015348275
2.86847599564
2.85664301393
2.84465602806
2.83251654761
2.82022610081
2.80778623393
2.79519851086
2.78246451253
2.76958583638
2.75656409584
2.7434009198
2.73009795208
2.71665685089
2.70307928829
2.68936694965
2.67552153313
2.66154474914
2.64743831979
2.63320397835
2.61884346874
2.60435854496
2.58975097059
2.57502251824
2.560174969
2.54521011195
2.53012974359
2.51493566734
2.49962969303
2.48421363634
2.4686893183
2.45305856479
2.43732320601
2.42148507597
2.40554601201
2.38950785427
2.37337244523
2.35714162917
2.34081725171
2.32440115937
2.30789519899
2.29130121737
2.27462106073
2.25785657427
2.24100960174
2.22408198493
2.20707556331
2.18999217351
2.17283364896
2.15560181941
2.13829851056
2.12092554361
2.10348473489
2.08597789545
2.06840683065
2.05077333984
2.03307921591
2.01532624499
1.99751620605
1.97965087057
1.96173200219
1.94376135639
1.92574068015
1.90767171164
1.8895561799
1.87139580457
1.85319229556
1.83494735279
1.81666266593
1.79833991409
1.77998076562
1.76158687781
1.74315989669
1.72470145678
1.70621318088
1.68769667986
1.66915355243
1.65058538499
1.63199375142
1.61338021292
1.59474631781
1.57609360142
1.55742358592
1.53873778015
1.52003767957
1.50132476606
1.48260050784
1.46386635937
1.44512376128
1.42637414022
1.40761890884
1.38885946572
1.37009719527
1.35133346773
1.33256963909
1.3138070511
1.29504703119
1.2762908925
1.25753993386
1.23879543978
1.22005868046
1.20133091182
1.18261337552
1.16390729899
1.14521389545
1.12653436399
1.10786988962
1.08922164331
1.07059078206
1.05197844902
1.03338577351
1.01481387115
0.996263843953
0.977736780417
0.959233755636
0.940755831419
0.922304056406
0.903879466202
0.885483083503
0.867115918234
0.848778967699
0.83047321672
0.812199637796
0.793959191262
0.775752825446
0.757581476841
0.739446070276
0.721347519087
0.703286725301
0.685264579818
0.667281962595
0.649339742837
0.63143877919
0.613579919936
0.595764003194
0.577991857116
0.560264300094
0.542582140966
0.524946179218
0.507357205202
0.489816000335
0.472323337322
0.454879980363
0.437486685368
0.420144200171
0.402853264748
0.385614611431
0.368428965123
0.351297043515
0.334219557304
0.3171972104
0.300230700153
0.283320717553
0.266467947456
0.249673068785
0.232936754747
0.216259673038
0.199642486051
0.183085851083
0.166590420535
0.150156842115
0.133785759033
0.117477810203
0.101233630428
0.0850538505961
0.0689390978638
0.0528899958413
0.0369071647719
0.0209912217088
0.00514278068767
-0.0106375471043
-0.0263491531636
-0.0419914315097
-0.0575637785289
-0.0730655928219
-0.0884962750571
-0.103855227828
-0.119141855514
-0.13435556415
-0.149495761296
-0.164561855919
-0.179553258269
-0.194469379774
-0.209309632928
-0.224073431195
-0.238760188911
-0.253369321197
-0.267900243872
-0.28235237338
-0.296725126715
-0.31101792136
-0.325230175221
-0.339361306581
-0.353410734052
-0.36737787653
-0.381262153165
-0.395062983336
-0.408779786623
-0.422411982798
-0.435958991816
-0.449420233812
-0.462795129107
-0.476083098219
-0.489283561883
-0.502395941073
-0.515419657038
-0.528354131333
-0.54119878587
-0.553953042968
-0.566616325407
-0.579188056497
-0.591667660144
-0.604054560932
-0.616348184203
-0.628547956148
-0.640653303906
-0.65266365566
-0.664578440752
-0.676397089798
-0.688119034803
-0.699743709294
-0.711270548453
-0.72269898925
-0.734028470595
-0.745258433483
-0.756388321155
-0.767417579255
-0.778345655999
-0.789172002347
-0.799896072182
-0.81051732249
-0.821035213551
-0.831449209128
-0.841758776667
-0.851963387496
-0.862062517036
-0.872055645008
-0.881942255649
-0.891721837931
-0.901393885786
-0.910957898329
-0.920413380093
-0.929759841261
-0.938996797903
-0.948123772216
-0.957140292773
-0.966045894763
-0.974840120242
-0.98352251839
-0.992092645759
-1.00055006653
-1.00889435279
-1.01712508475
-1.02524185105
-1.033244249
-1.04113188487
-1.04890437413
-1.0565613417
-1.06410242228
-1.07152726058
-1.07883551156
-1.08602684078
-1.09310092459
-1.10005745044
-1.10689611715
-1.11361663516
-1.12021872682
-1.12670212665
-1.13306658158
-1.13931185128
-1.14543770835
-1.15144393863
-1.15733034145
-1.16309672988
-1.168742931
-1.17426878614
-1.17967415115
-1.18495889663
-1.1901229082
-1.19516608671
-1.20008834851
-1.20488962568
-1.20956986627
-1.21412903449
-1.21856711101
-1.22288409309
-1.22707999488
-1.2311548476
-1.23510869972
-1.23894161723
-1.24265368376
-1.24624500086
-1.24971568811
-1.25306588335
-1.25629574284
-1.25940544145
-1.26239517281
-1.26526514948
-1.26801560308
-1.27064678449
-1.27315896394
-1.27555243116
-1.27782749555
-1.27998448624
-1.28202375223
-1.28394566252
-1.28575060619
-1.28743899248
-1.28901125093
-1.29046783139
-1.29180920415
-1.29303585997
-1.29414831014
-1.29514708657
-1.29603274176
-1.29680584889
-1.29746700184
-1.29801681517
-1.29845592416
-1.29878498481
-1.29900467384
-1.29911568863
-1.29911874725
-1.2990145884
-1.29880397137
-1.29848767599
-1.29806650259
-1.2975412719
-1.29691282501
-1.29618202326
-1.29534974816
-1.29441690129
-1.29338440417
-1.29225319817
-1.29102424438
-1.28969852343
-1.28827703542
-1.2867607997
-1.28515085474
-1.28344825796
-1.28165408552
-1.27976943219
-1.27779541109
-1.27573315354
-1.27358380881
-1.27134854391
-1.26902854337
-1.26662500897
-1.26413915954
-1.26157223068
-1.25892547448
-1.25620015928
-1.25339756939
-1.25051900477
-1.24756578078
-1.24453922784
-1.24144069114
-1.23827153033
-1.23503311918
-1.23172684525
-1.22835410956
-1.22491632624
-1.22141492215
-1.21785133659
-1.21422702084
-1.21054343789
-1.20680206196
-1.20300437817
-1.19915188216
-1.19524607965
-1.19128848605
-1.18728062608
-1.18322403331
-1.17912024975
-1.17497082547
-1.1707773181
-1.16654129242
-1.16226431996
-1.15794797847
-1.15359385156
-1.14920352817
-1.14477860216
-1.14032067182
-1.13583133944
-1.13131221078
-1.12676489464
-1.12219100239
-1.11759214744
-1.11296994482
-1.10832601066
-1.10366196168
-1.09897941476
-1.09427998638
-1.08956529219
-1.08483694646
-1.0800965616
-1.0753457477
-1.07058611196
-1.06581925823
-1.06104678651
-1.05627029246
-1.05149136683
-1.04671159504
-1.04193255663
-1.03715582479
-1.0323829658
-1.02761553859
-1.02285509423
-1.01810317539
-1.01336131589
-1.00863104017
-1.00391386281
-0.999211288057
-0.994524809286
-0.989855908557
-0.985206056108
-0.980576709879
-0.975969315028
-0.971385303457
-0.966826093339
-0.962293088646
-0.957787678687
-0.95331123764
-0.9488651241
-0.944450680622
-0.940069233272
-0.935722091185
-0.931410546122
-0.927135872041
-0.92289932466
-0.918702141042
-0.914545539169
-0.910430717537
-0.906358854744
-0.902331109093
-0.898348618197
-0.894412498595
-0.890523845365
-0.886683731755
-0.882893208817
-0.879153305044
-0.87546502602
-0.871829354074
-0.868247247943
-0.864719642445
-0.861247448152
-0.857831551081
-0.85447281239
-0.851172068075
-0.847930128686
-0.844747779046
-0.841625777979
-0.83856485805
-0.835565725308
-0.832629059043
-0.829755511551
-0.826945707909
-0.824200245757
-0.82151969509
-0.818904598062
-0.816355468799
-0.813872793217
-0.811457028858
-0.80910860473
-0.806827921159
-0.804615349648
-0.802471232753
-0.800395883962
-0.798389587591
-0.796452598681
-0.794585142918
-0.792787416549
-0.791059586323
-0.789401789431
-0.787814133463
-0.786296696373
-0.784849526456
-0.783472642335
-0.782166032955
-0.780929657598
-0.779763445898
-0.77866729787
-0.777641083952
-0.776684645055
-0.775797792628
-0.774980308726
-0.774231946096
-0.77355242827
-0.772941449671
-0.772398675727
-0.771923742994
-0.7715162593
-0.771175803884
-0.770901927555
-0.770694152865
-0.770551974281
-0.770474858377
-0.770462244029
-0.770513542631
-0.770628138307
-0.770805388143
-0.771044622427
-0.771345144899
-0.771706233006
-0.772127138175
-0.77260708609
-0.773145276979
-0.773740885914
-0.774393063114
-0.775100934268
-0.775863600851
-0.776680140469
-0.777549607193
-0.778471031918
-0.779443422721
-0.780465765232
-0.78153702301
-0.782656137931
-0.783822030585
-0.785033600673
-0.786289727423
-0.787589270006
-0.788931067964
-0.79031394164
-0.791736692622
-0.793198104191
-0.794696941775
-0.796231953413
-0.797801870221
-0.799405406868
-0.801041262062
-0.802708119031
-0.804404646022
-0.806129496799
-0.807881311148
-0.809658715391
-0.811460322897
-0.813284734609
-0.815130539566
-0.816996315438
-0.81888062906
-0.82078203697
-0.822699085957
-0.824630313609
-0.82657424886
-0.828529412555
-0.830494317999
-0.832467471526
-0.834447373064
-0.8364325167
-0.838421391252
-0.840412480843
-0.842404265476
-0.844395221611
-0.846383822742
-0.848368539984
-0.850347842644
-0.852320198816
-0.854284075957
-0.856237941472
-0.858180263305
-0.860109510517
-0.862024153875
-0.863922666439
-0.865803524144
-0.867665206383
-0.869506196597
-0.871324982848
-0.873120058409
-0.87488992234
-0.876633080065
-0.87834804395
-0.880033333877
-0.881687477815
-0.883309012391
-0.884896483456
-0.886448446647
-0.887963467949
-0.889440124253
-0.89087700391
-0.892272707277
-0.893625847267
-0.89493504989
-0.896198954788
-0.89741621577
-0.898585501341
-0.899705495221
-0.900774896867
-0.901792421983
-0.902756803026
-0.90366678971
-0.904521149501
-0.905318668101
-0.906058149936
-0.906738418633
-0.907358317481
-0.907916709905
-0.908412479912
-0.908844532545
-0.909211794321
-0.909513213664
-0.909747761335
-0.909914430842
-0.910012238856
-0.91004022561
-0.909997455292
-0.909883016429
-0.909696022262
-0.909435611114
-0.909100946749
-0.908691218717
-0.908205642698
-0.907643460827
-0.907003942019
-0.906286382276
-0.905490104994
-0.904614461244
-0.903658830064
-0.902622618722
-0.901505262981
-0.900306227348
-0.899025005313
-0.897661119579
-0.896214122282
-0.894683595195
-0.893069149931
-0.891370428121
-0.889587101598
-0.887718872554
-0.885765473696
-0.883726668389
-0.881602250781
-0.879392045928
-0.877095909899
-0.874713729872
-0.872245424219
-0.869690942579
-0.867050265919
-0.864323406587
-0.861510408346
-0.858611346404
-0.855626327427
-0.852555489545
-0.849399002341
-0.84615706683
-0.842829915432
-0.839417811924
-0.835921051388
-0.832339960142
-0.828674895662
-0.824926246492
-0.821094432144
-0.817179902982
-0.813183140098
-0.809104655178
-0.80494499035
-0.800704718028
-0.79638444074
-0.791984790947
-0.78750643085
-0.782950052183
-0.778316376002
-0.773606152454
-0.768820160545
-0.763959207884
-0.759024130434
-0.754015792234
-0.748935085121
-0.743782928442
-0.738560268751
-0.733268079496
-0.727907360701
-0.72247913863
-0.716984465451
-0.711424418881
-0.705800101824
-0.700112642006
-0.694363191591
-0.688552926792
-0.682683047474
-0.676754776748
-0.670769360555
-0.664728067238
-0.658632187116
-0.652483032036
-0.646281934928
-0.640030249345
-0.633729349
-0.627380627295
-0.620985496835
-0.614545388948
-0.608061753184
-0.601536056818
-0.594969784343
-0.58836443695
-0.581721532014
-0.575042602561
-0.568329196743
-0.56158287729
-0.554805220976
-0.547997818062
-0.541162271748
-0.53430019761
-0.527413223037
-0.520502986666
-0.513571137807
-0.506619335866
-0.49964924977
-0.492662557379
-0.485660944901
-0.478646106301
-0.471619742712
-0.464583561836
-0.45753927735
-0.450488608302
-0.443433278513
-0.436375015974
-0.429315552238
-0.422256621816
-0.415199961573
-0.408147310115
-0.401100407184
-0.394060993049
-0.387030807899
-0.380011591232
-0.373005081248
-0.366013014244
