-0.86919283465
-0.865921156818
-0.865897742902
-0.865858689144
-0.865803949834
-0.865733461231
-0.865647141831
-0.865544892687
-0.865426597815
-0.865292124645
-0.865141324554
-0.864974033445
-0.864790072386
-0.864589248292
-0.864371354663
-0.864136172349
-0.863883470362
-0.863613006703
-0.863324529221
-0.863017776485
-0.862692478663
-0.862348358411
-0.861985131748
-0.86160250893
-0.861200195305
-0.860777892143
-0.86033529744
-0.859872106679
-0.859388013561
-0.858882710677
-0.858355890137
-0.857807244134
-0.857236465445
-0.856643247875
-0.856027286615
-0.85538827854
-0.854725922419
-0.854039919051
-0.853329971321
-0.852595784168
-0.851837064472
-0.851053520865
-0.850244863446
-0.849410803431
-0.848551052708
-0.84766532333
-0.846753326926
-0.845814774046
-0.844849373445
-0.843856831298
-0.842836850376
-0.841789129161
-0.840713360933
-0.839609232813
-0.838476424795
-0.837314608745
-0.836123447411
-0.834902593419
-0.833651688287
-0.832370361463
-0.831058229383
-0.805918213334
-0.804876459109
-0.803819973083
-0.802746706377
-0.801654543287
-0.80054130804
-0.799404771916
-0.798242660707
-0.797052662484
-0.795832435639
-0.794579617174
-0.793291831196
-0.79196669759
-0.790601840822
-0.789194898845
-0.787743532062
-0.786245432309
-0.784698331814
-0.783100012098
-0.78144831277
-0.77974114018
-0.77797647589
-0.776152384917
-0.774267023716
-0.772318647861
-0.770305619385
-0.768226413751
-0.766079626403
-0.763863978886
-0.761578324484
-0.759221653356
-0.756793097142
-0.754291933019
-0.751717587168
-0.74906963765
-0.746347816669
-0.743552012197
-0.74068226896
-0.737738788779
-0.734721930242
-0.731632207727
-0.728470289758
-0.725236996705
-0.721933297837
-0.718560307725
-0.715119282025
-0.711611612637
-0.708038822275
-0.704402558456
-0.70070458694
-0.69694678464
-0.693131132043
-0.689259705156
-0.685334667027
-0.681358258865
-0.677332790802
-0.673260632342
-0.669144202521
-0.664985959838
-0.660788391999
-0.617988268887
-0.615883475791
-0.613742555324
-0.61155998894
-0.609330296061
-0.607048055944
-0.604707929315
-0.602304679674
-0.599833194177
-0.597288503993
-0.594665804064
-0.591960472159
-0.589168087155
-0.586284446459
-0.583305582488
-0.580227778155
-0.577047581274
-0.573761817835
-0.570367604098
-0.566862357444
-0.563243805951
-0.559509996653
-0.55565930245
-0.551690427657
-0.547602412154
-0.543394634143
-0.539066811504
-0.534619001743
-0.530051600558
-0.525365339016
-0.520561279386
-0.515640809629
-0.510605636606
-0.505457778019
-0.500199553143
-0.494833572389
-0.489362725761
-0.48379017026
-0.478119316294
-0.472353813169
-0.466497533722
-0.460554558174
-0.454529157277
-0.448425774832
-0.442249009658
-0.436003597088
-0.429694390086
-0.423326340057
-0.416904477434
-0.410433892125
-0.403919713916
-0.397367092886
-0.390781179934
-0.384167107496
-0.377529970517
-0.370874807765
-0.364206583553
-0.35753016994
-0.350850329486
-0.344171698603
-0.334885069373
-0.329333685436
-0.323768203864
-0.318189278657
-0.312597552734
-0.306993656649
-0.301378207336
-0.295751806891
-0.290115041392
-0.284468479755
-0.278812672631
-0.273148151362
-0.267475426966
-0.261794989186
-0.25610730559
-0.250412820718
-0.244711955298
-0.239005105509
-0.233292642312
-0.227574910843
-0.221852229861
-0.216124891276
-0.210393159725
-0.204657272232
-0.198917437926
-0.19317383783
-0.187426624726
-0.18167592308
-0.175921829052
-0.170164410565
-0.164403707458
-0.158639731704
-0.152872467705
-0.147101872663
-0.141327877019
-0.135550384972
-0.129769275066
-0.123984400857
-0.118195591651
-0.11240265331
-0.10660536914
-0.100803500843
-0.0949967895434
-0.0891849568852
-0.083367706195
-0.0775447237144
-0.0717156798981
-0.0658802307755
-0.0600380193741
-0.0541886772027
-0.0483318257918
-0.0424670782883
-0.0365940411011
-0.0307123155947
-0.0248214998275
-0.0189211903301
-0.0130109839203
-0.0070904795493
-0.0011592801756
0.00478300533895
0.00745987101909
0.013675323058
0.0199060940013
0.0261516242987
0.0324113379844
0.0386846437026
0.0449709357432
0.0512695950849
0.0575799904431
0.0639014793194
0.0702334090512
0.0765751178574
0.0829259358796
0.0892851862167
0.0956521859493
0.102026247154
0.108406677908
0.114792783275
0.12118386628
0.127579228872
0.13397817286
0.140380000844
0.146784017118
0.153189528562
0.15959584551
0.166002282604
0.172408159626
0.178812802308
0.185215543135
0.191615722113
0.198012687528
0.204405796687
0.210794416635
0.217177924859
0.22355570997
0.22992717237
0.236291724899
0.242648793467
0.248997817668
0.255338251376
0.26166956332
0.267991237653
0.274302774491
0.280603690441
0.28689351911
0.293171811598
0.299438136968
0.305692082699
0.311933255124
0.318161279841
0.324375802108
0.330576487214
0.33676302083
0.342935109337
0.349092480125
0.355234881877
0.361362084818
0.36747388094
0.373570084205
0.379650530709
0.384195986162
0.393569625346
0.402897464625
0.412159920479
0.421337685953
0.430411835491
0.439363927825
0.448176106355
0.456831196483
0.465312799361
0.473605381565
0.481694360186
0.489566182904
0.497208402582
0.504609746
0.511760176341
0.518650949103
0.525274661115
0.531625292414
0.537698240737
0.543490348448
0.548999921757
0.554226742119
0.55917206975
0.563838639248
0.568230647334
0.572353732779
0.576214948633
0.579822726881
0.583186835755
0.586318329885
0.5892294936
0.591933777647
0.594445729699
0.596780919004
0.598955855588
0.600987904448
0.602895195198
0.604696527641
0.606411273796
0.608059276882
0.609660747822
0.611236159814
0.612806141528
0.614391369522
0.616012460428
0.61768986351
0.619443754156
0.621293928873
0.623259702359
0.625359807187
0.627612296651
0.630034451282
0.632642689534
0.635452483126
0.638478277469
0.641733417626
0.645230080171
0.64897921133
0.65299047171
0.673710416165
0.67885192901
0.684129263231
0.689542525604
0.695091361491
0.700774962957
0.706592078609
0.712541025034
0.718619699787
0.724825595803
0.731155817146
0.737607095987
0.744175810709
0.750858005014
0.757649407939
0.764545454647
0.771541307893
0.778631880042
0.785811855536
0.793075713682
0.800417751669
0.807832107695
0.815312784102
0.822853670435
0.830448566299
0.838091203956
0.84577527056
0.853494429946
0.861242343914
0.869012692929
0.876799196178
0.884595630927
0.892395851132
0.900193805258
0.907983553265
0.915759282745
0.92351532416
0.931246165189
0.938946464148
0.946611062491
0.954234996372
0.961813507291
0.969342051802
0.976816310317
0.984232195001
0.991585856788
0.998873691519
1.00609234524
1.01323871869
1.02030997092
1.02730352224
1.03421705635
1.04104852171
1.04779613232
1.05445836772
1.06103397238
1.06752195448
1.07392158406
1.08023239061
1.08645416006
1.07613123386
1.08238791022
1.0885776836
1.09469940548
1.10075215629
1.10673524772
1.11264822419
1.11849086336
1.12426317571
1.12996540309
1.13559801637
1.14116171199
1.14665740766
1.15208623684
1.15744954244
1.16274886936
1.16798595615
1.17316272567
1.1782812748
1.1833438633
1.18835290177
1.19331093877
1.19822064722
1.20308481001
1.20790630506
1.21268808962
1.21743318425
1.22214465616
1.22682560236
1.23147913237
1.23610835087
1.24071634017
1.24530614271
1.24988074366
1.25444305371
1.25899589212
1.26354197027
1.26808387558
1.27262405612
1.27716480594
1.28170825111
1.28625633675
1.29081081501
1.29537323411
1.29994492859
1.30452701077
1.3091203635
1.31372563435
1.31834323115
1.3229733191
1.32761581932
1.33227040901
1.3369365232
1.34161335802
1.34629987565
1.35099481076
1.35569667862
1.36040378467
1.36511423562
1.36982595199
1.37037616795
1.37579618266
1.38120020664
1.38658492028
1.39194704664
1.39728336922
1.4025907494
1.40786614346
1.41310661907
1.41830937125
1.42347173762
1.42859121283
1.43366546233
1.43869233503
1.44366987521
1.44859633322
1.45347017523
1.45829009183
1.4630550054
1.46776407635
1.47241670814
1.47701255097
1.48155150424
1.48603371781
1.49045959184
1.49482977549
1.49914516429
1.5034068963
1.50761634703
1.51177512324
1.51588505554
1.51994818993
1.52396677829
1.52794326792
1.53188029007
1.53578064773
1.53964730258
1.54348336121
1.54729206079
1.55107675411
1.55484089427
1.55858801892
1.56232173424
1.56604569876
1.56976360711
1.57347917369
1.57719611651
1.58091814119
1.58464892522
1.58839210261
1.59215124898
1.59592986718
1.59973137348
1.60355908457
1.60741620517
1.61130581656
1.61523086599
1.619194157
1.62319834076
1.62724590845
1.63595688473
1.64057463648
1.64521131864
1.64986547289
1.65453571499
1.65922075086
1.66391939175
1.66863056847
1.67335334452
1.67808692809
1.68283068285
1.6875841375
1.69234699399
1.69711913441
1.70190062663
1.70669172848
1.71149289067
1.71630475839
1.72112817163
1.72596416424
1.73081396186
1.73567897867
1.7405608131
1.74546124258
1.75038221741
1.75532585372
1.76029442587
1.76529035805
1.77031621551
1.77537469526
1.78046861644
1.7856009105
1.79077461122
1.79599284461
1.80125881891
1.80657581469
1.81194717509
1.81737629636
1.82286661868
1.82842161737
1.83404479448
1.83973967083
1.8455097786
1.85135865428
1.85728983225
1.86330683877
1.86941318655
1.87561236978
1.88190785954
1.8883030998
1.89480150369
1.90140645015
1.90812128094
1.91494929784
1.92189376006
1.92895788186
1.93614483011
1.94345772202
1.9508996227
1.95847354271
1.97073742324
1.98008831494
1.98955816994
1.99914306611
2.00883912864
2.01864255807
2.02854965708
2.03855685597
2.04866073663
2.05885805474
2.06914576021
2.07952101558
2.08998121232
2.10052398492
2.11114722262
2.12184907884
2.13262797807
2.14348262039
2.15441198341
2.16541532175
2.17649216411
2.18764230778
2.19886581092
2.21016298246
2.22153436979
2.23298074441
2.24450308555
2.25610256199
2.26778051215
2.27953842274
2.29137790593
2.30330067552
2.31530852195
2.32740328667
2.33958683585
2.35186103376
2.36422771595
2.37668866246
2.3892455713
2.40190003232
2.41465350183
2.42750727785
2.44046247661
2.45352001004
2.46668056473
2.47994458234
2.49331224168
2.50678344259
2.52035779162
2.53403458983
2.54781282258
2.56169115146
2.57566790845
2.58974109235
2.60390836734
2.61816706392
2.63251418203
2.64694639636
2.66146006392
2.67605123358
2.70277908548
2.71796536006
2.73320686398
2.7484961848
2.76382576228
2.7791879019
2.79457478919
2.8099785049
2.82539104129
2.84080431969
2.85621020946
2.87160054847
2.8869671652
2.90230190252
2.91759664316
2.9328433369
2.94803402941
2.96316089262
2.97821625664
2.99319264284
3.00808279809
3.02287972989
3.03757674198
3.05216747033
3.06664591904
3.08100649581
3.09524404666
3.10935388946
3.12333184585
3.13717427115
3.15087808187
3.16444078034
3.17786047611
3.19113590368
3.20426643621
3.2172520949
3.23009355362
3.2427921386
3.25534982288
3.26776921541
3.28005354443
3.29220663536
3.30423288277
3.31613721684
3.32792506396
3.33960230195
3.35117520984
3.36265041256
3.37403482083
3.38533556653
3.396559934
3.40771528778
3.41880899711
3.42984835796
3.44084051295
3.45179236993
3.46271051973
3.47360115384
3.48446998259
3.49532215461
3.50116799516
3.51186907259
3.52239806874
3.5327423998
3.54289044751
3.55283182608
3.56255762379
3.57206061314
3.58133542428
3.59037867691
3.59918906703
3.60776740561
3.61611660732
3.62424162878
3.63214935643
3.63984844562
3.6473491134
3.65466288856
3.66180232341
3.66878067269
3.6756115457
3.68230853859
3.68888485383
3.69535291475
3.70172398278
3.70800778539
3.71421216225
3.72034273734
3.72640262356
3.73239216664
3.73830873365
3.74414655107
3.74989659612
3.75554654432
3.76108077473
3.76648043361
3.77172355581
3.77678524223
3.78163789038
3.78625147434
3.79059386919
3.79463121412
3.79832830796
3.80164902982
3.80455677759
3.80701491612
3.80898722743
3.81043835462
3.81133423197
3.81164249358
3.81133285351
3.81037745135
3.80875115715
3.80643183146
3.80340053625
3.79964169417
3.79514319442
3.78989644446
3.78389636822
3.77714135224
3.71813178364
3.70558929725
3.69255793274
3.67909378288
3.6652524191
3.6510881725
3.63665343862
3.62199801552
3.60716848431
3.59220764059
3.57715398441
3.56204127574
3.54689816116
3.53174787655
3.51660802957
3.50149046431
3.48640120937
3.47134050949
3.45630293956
3.44127759858
3.42624838001
3.41119431411
3.39608997632
3.38090595531
3.36560937323
3.35016445006
3.33453310327
3.31867557378
3.30255106865
3.2861184109
3.26933668685
3.2521658814
3.23456749213
3.21650511326
3.19794498128
3.17885647464
3.1592125606
3.13899018325
3.11817058791
3.09673957753
3.07468769862
3.0520103545
3.02870784556
3.00478533663
2.98025275329
2.95512460953
2.92941977055
2.90316115512
2.87637538303
2.8490923739
2.82134490398
2.79316812861
2.76459907805
2.73567613477
2.70643850061
2.67692566196
2.64717686134
2.6172305833
2.58712406219
2.55689281909
2.54088690038
2.51430737567
2.48714557112
2.45940235065
2.43108209778
2.40219266285
2.37274527709
2.34275443429
2.31223774173
2.28121574171
2.24971170583
2.21775140423
2.18536285233
2.15257603792
2.11942263148
2.08593568316
2.05214930959
2.01809837411
1.98381816408
1.9493440687
1.91471126117
1.87995438863
1.84510727345
1.81020262921
1.77527179464
1.74034448833
1.70544858716
1.67060993073
1.63585215398
1.60119654979
1.56666196284
1.53226471586
1.49801856876
1.46393471079
1.43002178549
1.39628594769
1.36273095144
1.32935826733
1.29616722727
1.26315519443
1.23031775581
1.19764893429
1.16514141732
1.13278679852
1.10057582893
1.06849867408
1.03654517319
1.00470509679
0.972968399213
0.941325462115
0.909767325912
0.878285905754
0.846874189165
0.815526412692
0.784238215276
0.7530067664
0.721830867513
0.690711025602
0.659649498276
0.628650310117
0.627434755763
0.593786560771
0.560210813792
0.526749043343
0.493443340823
0.460335934455
0.427468762376
0.394883050383
0.362618899733
0.330714890205
0.299207703353
0.26813177056
0.237518950103
0.207398236961
0.177795508634
0.148733309669
0.120230677023
0.0923030078102
0.0649619703477
0.0382154588355
0.0120675913796
-0.0134812495065
-0.0384343353502
-0.0627984710754
-0.0865838377047
-0.109803801289
-0.13247469133
-0.154615552281
-0.17624787199
-0.197395291118
-0.218083297745
-0.238338911383
-0.258190360666
-0.277666758902
-0.296797781528
-0.315613349364
-0.334143321302
-0.352417199783
-0.370463852108
-0.388311250271
-0.405986231597
-0.423514282106
-0.440919344086
-0.458223648938
-0.475447575976
-0.492609537426
-0.509725889512
-0.526810869147
-0.543876555406
-0.560932854694
-0.577987508216
-0.595046120169
-0.612112204898
-0.629187251103
-0.646270801123
-0.663360543245
-0.680452415021
-0.697540715567
-0.714618224927
-0.731676328664
-0.787475548696
-0.799640352693
-0.811348764955
-0.822638231471
-0.833547221955
-0.844114874921
-0.854380640015
-0.864383921621
-0.874163727692
-0.883758327707
-0.893204923512
-0.902539336619
-0.911795715312
-0.921006264653
-0.930201002139
-0.939407541468
-0.948650906436
-0.957953376634
-0.967334366185
-0.976810336305
-0.986394742062
-0.996098013253
-1.00592756888
-1.01588786428
-1.02598046959
-1.0362041778
-1.0465551403
-1.05702702753
-1.06761121211
-1.0782969714
-1.08907170646
-1.09992117417
-1.11082972904
-1.1217805714
-1.13275599849
-1.14373765515
-1.15470678079
-1.16564444959
-1.17653180092
-1.18735025742
-1.19808172816
-1.20870879478
-1.21921487894
-1.22958438932
-1.23980284727
-1.24985699026
-1.25973485268
-1.26942582401
-1.27892068457
-1.28821161961
-1.2972922125
-1.30615741841
-1.31480351986
-1.32322806589
-1.33142979672
-1.33940855596
-1.34716519251
-1.35470145439
-1.36201987671
-1.36912366604
-1.3225909718
-1.33507012664
-1.34754211211
-1.35997125179
-1.37232128969
-1.3845556388
-1.39663764047
-1.40853083327
-1.42019922938
-1.43160759644
-1.44272174222
-1.45350879927
-1.46393750655
-1.47397848434
-1.48360449912
-1.49279071451
-1.50151492441
-1.50975776467
-1.51750289948
-1.52473717892
-1.5314507645
-1.53763721971
-1.54329356314
-1.5484202822
-1.5530213061
-1.5571039374
-1.56067874197
-1.56375939823
-1.56636250685
-1.56850736335
-1.57021569607
-1.57151137341
-1.5724200842
-1.5729689961
-1.57318639701
-1.57310132522
-1.572743194
-1.57214141667
-1.57132503818
-1.57032237912
-1.56916069795
-1.5678658769
-1.56646213654
-1.56497178349
-1.56341499521
-1.56180964497
-1.56017116949
-1.55851248068
-1.55684392247
-1.55517327236
-1.55350578704
-1.55184428992
-1.55018929842
-1.54853918738
-1.54689038495
-1.54523759621
-1.54357404984
-1.54189176226
-1.54018181398
-1.5384346323
-1.53808168487
-1.5364414839
-1.53463619152
-1.53266105949
-1.53051145213
-1.5281829134
-1.52567123504
-1.52297252577
-1.52008328122
-1.51700045477
-1.51372152855
-1.51024458461
-1.50656837558
-1.50269239424
-1.49861694142
-1.49434319139
-1.4898732539
-1.48521023203
-1.48035827482
-1.4753226238
-1.47010965229
-1.46472689673
-1.45918307892
-1.45348811841
-1.44765313426
-1.4416904355
-1.43561349972
-1.42943693951
-1.42317645629
-1.41684878166
-1.41047160625
-1.40406349635
-1.39764379876
-1.3912325345
-1.38485028201
-1.37851805103
-1.37225714787
-1.36608903362
-1.36003517622
-1.35411689812
-1.34835522072
-1.3427707072
-1.33738330523
-1.33221219113
-1.32727561687
-1.32259076157
-1.31817358874
-1.31403871075
-1.31019926174
-1.30666678015
-1.30345110194
-1.30056026551
-1.29800042906
-1.29577580114
-1.29388858501
-1.29233893711
-1.29112494013
-1.29024259073
-1.28968580202
-1.28944642066
-1.29756506834
-1.29631340851
-1.29532370778
-1.29458496443
-1.29408468704
-1.29380899047
-1.29374270423
-1.29386948721
-1.29417194894
-1.29463177883
-1.29522987641
-1.29594648897
-1.29676134799
-1.29765380852
-1.29860298817
-1.29958790288
-1.30058760318
-1.30158130334
-1.3025485089
-1.30346913726
-1.30432363176
-1.30509307098
-1.30575926656
-1.30630485716
-1.3067133894
-1.30696939246
-1.30705844213
-1.30696721429
-1.30668353125
-1.30619639491
-1.30549601334
-1.30457381575
-1.30342245812
-1.30203582165
-1.30040899892
-1.29853827638
-1.29642110496
-1.29405606679
-1.29144283421
-1.28858212226
-1.2854756385
-1.28212602502
-1.27853680043
-1.27471229652
-1.27065759399
-1.2663784581
-1.26188127111
-1.25717296887
-1.25226097439
-1.24715313602
-1.24185766648
-1.23638308409
-1.23073815981
-1.22493186436
-1.21897332336
-1.21287177344
-1.20663652456
-1.20027692681
-1.19380233988
-1.18722211004
-1.16257965797
-1.15407981277
-1.14559280598
-1.13713716168
-1.12873083333
-1.1203911272
-1.11213463044
-1.10397714382
-1.09593361922
-1.0880181019
-1.08024367757
-1.07262242431
-1.06516536936
-1.05788245083
-1.05078248439
-1.04387313495
-1.03716089348
-1.03065105902
-1.0243477259
-1.01825377644
-1.012370879
-1.00669949173
-1.00123887189
-0.995987091062
-0.990941056105
-0.986096536102
-0.981448195228
-0.976989631598
-0.972713422042
-0.968611172772
-0.964673575809
-0.960890471029
-0.957250913611
-0.953743246634
-0.950355178505
-0.947073864841
-0.943885994368
-0.94077787836
-0.937735543077
-0.934744824596
-0.931791465398
-0.928861212043
-0.925939913192
-0.923013617251
-0.920068668835
-0.917091803304
-0.91407023856
-0.910991763321
-0.907844821109
-0.904618589209
-0.901303051879
-0.897889067141
-0.894368426548
-0.890733907363
-0.886979316662
-0.883099526968
-0.879090503071
-0.874949319813
-0.870674170696
-0.866264367251
-0.863756337904
-0.859214466322
-0.854536205853
-0.84972152356
-0.844771266906
-0.839687162813
-0.834471811935
-0.829128678292
-0.823662073831
-0.818077137845
-0.812379811442
-0.806576806759
-0.800675570993
-0.794684245587
-0.788611620392
-0.782467083093
-0.776260564382
-0.770002478842
-0.763703662072
-0.757375304633
-0.751028882946
-0.744676087844
-0.738328751445
-0.731998772583
-0.725698041623
-0.719438365337
-0.713231392151
-0.707088538606
-0.701020917702
-0.695039269383
-0.689153894024
-0.683374589451
-0.677710591699
-0.6721705203
-0.666762328446
-0.66149325816
-0.656369801119
-0.651397665291
-0.6465817474
-0.641926111686
-0.637433974939
-0.633107697651
-0.628948781627
-0.624957873759
-0.621134775735
-0.617478459789
-0.613987090045
-0.610658049058
-0.607487969533
-0.604472770569
-0.601607697955
-0.598887368357
-0.596305816608
-0.593856545596
-0.591532578481
-0.589326512402
-0.587230573167
-0.585236670654
-0.583336454059
-0.581521366602
-0.592123151155
-0.589870336006
-0.587685431373
-0.585564735293
-0.583504201768
-0.581499459835
-0.579545834969
-0.577638372648
-0.575771863761
-0.573940872118
-0.572139763494
-0.570362736316
-0.568603853852
-0.566857077455
-0.565116301128
-0.563375386716
-0.561628199831
-0.559868646271
-0.558090708438
-0.556288481985
-0.554456212027
-0.552588328927
-0.550679483441
-0.548724580658
-0.54671881297
-0.544657691438
-0.542537075541
-0.540353201136
-0.538102706122
-0.53578265401
-0.533390554839
-0.530924383428
-0.528382594943
-0.525764137279
-0.523068460583
-0.520295523414
-0.517445795612
-0.514520257963
-0.511520398259
-0.508448204182
-0.505306152695
-0.502097196068
-0.498824744754
-0.495492646811
-0.492105164443
-0.488666947489
-0.485183004069
-0.481658668769
-0.478099568166
-0.474511584332
-0.470900816265
-0.467273539539
-0.463636164707
-0.459995194314
-0.456357179215
-0.452728674244
-0.449116193508
-0.445526165946
-0.441964891007
-0.438438495184
-0.431174172931
-0.425535867032
-0.420009367309
-0.414613705488
-0.409367176927
-0.404287202063
-0.399390194863
-0.394691434852
-0.390204949314
-0.385943402205
-0.381917993082
-0.378138367559
-0.37461253689
-0.371346812331
-0.368345749971
-0.36561211028
-0.36314683149
-0.36094901576
-0.359015931874
-0.357343029835
-0.355923971885
-0.354750676693
-0.353813377203
-0.353100693407
-0.352599715691
-0.352296102831
-0.352174189468
-0.352217104974
-0.352406902402
-0.352724694123
-0.35315079729
-0.35366488277
-0.354246130706
-0.354873389087
-0.355525333496
-0.356180629936
-0.356818094264
-0.357416852208
-0.357956494676
-0.358417228422
-0.358780022533
-0.359026745342
-0.359140295982
-0.359104724615
-0.358905343299
-0.358528826542
-0.357963298145
-0.357198408298
-0.356225395285
-0.355037135477
-0.353628179368
-0.351994772824
-0.350134866619
-0.348048109839
-0.345735832049
-0.343201010976
-0.340448227572
-0.337483610085
-0.334314764533
-0.330950696972
-0.333538991334
-0.332556017899
-0.33144055723
-0.330185773274
-0.328785590676
-0.327234734331
-0.325528764666
-0.32366410845
-0.321638084923
-0.319448927085
-0.317095798029
-0.314578802168
-0.31189899133
-0.309058365622
-0.306059869044
-0.302907379888
-0.299605695896
-0.29616051432
-0.292578406919
-0.288866790036
-0.285033889922
-0.28108870343
-0.277040954334
-0.272901045465
-0.268680006929
-0.264389440696
-0.260041461828
-0.255648636674
-0.251223918369
-0.246780579936
-0.242332145427
-0.237892319401
-0.233474915187
-0.22909378228
-0.224762733271
-0.220495470726
-0.216305514377
-0.212206129052
-0.208210253747
-0.204330432194
-0.200578745353
-0.196966746165
-0.193505396916
-0.190205009601
-0.187075189559
-0.184124782754
-0.18136182696
-0.178793507119
-0.176426115158
-0.174265014419
-0.172314608976
-0.170578317968
-0.169058555106
-0.167756713504
-0.166673155869
-0.165807210158
-0.165157170702
-0.164720304802
-0.164492864787
-0.164470105464
